h_m_s,SU
2019-04-04 09:30:00,-5.0
2019-04-04 09:30:01,-6.333333333333333
2019-04-04 09:30:02,-2.7142857142857144
2019-04-04 09:30:03,0.8666666666666667
2019-04-04 09:30:04,0.41935483870967744
2019-04-04 09:30:05,0.20634920634920634
2019-04-04 09:30:06,0.10236220472440945
2019-04-04 09:30:07,0.050980392156862744
2019-04-04 09:30:08,0.025440313111545987
2019-04-04 09:30:09,0.01270772238514174
2019-04-04 09:30:10,0.006350757205666829
2019-04-04 09:30:11,0.0031746031746031746
2019-04-04 09:30:12,0.0015871078012452693
2019-04-04 09:30:13,0.0007935054629799182
2019-04-04 09:30:14,0.0003967406231879635
2019-04-04 09:30:15,0.00019836728465705348
2019-04-04 09:30:16,9.918288561161508e-05
2019-04-04 09:30:17,4.9591253628744614e-05
2019-04-04 09:30:18,2.4795579520377198e-05
2019-04-04 09:30:19,1.2397777936723649e-05
2019-04-04 09:30:20,6.198886012499815e-06
2019-04-04 09:30:21,3.099442267284934e-06
2019-04-04 09:30:22,1.5497209489012896e-06
2019-04-04 09:30:23,-0.9999992847442201
2019-04-04 09:30:24,-0.49999962747095905
2019-04-04 09:30:25,1.2500002123415501
2019-04-04 09:30:26,1.6250001089647421
2019-04-04 09:30:27,0.8125000514555725
2019-04-04 09:30:28,0.4062500249710866
2019-04-04 09:30:29,0.20312501229636837
2019-04-04 09:30:30,0.10156250610089046
2019-04-04 09:30:31,0.0507812530386218
2019-04-04 09:30:32,0.02539062651635504
2019-04-04 09:30:33,0.012695313257438556
2019-04-04 09:30:34,0.006347656628534537
2019-04-04 09:30:35,0.0031738283142210832
2019-04-04 09:30:36,0.0015869141570989953
2019-04-04 09:30:37,0.0007934570785466111
2019-04-04 09:30:38,0.0003967285392725839
2019-04-04 09:30:39,0.00019836426963611153
2019-04-04 09:30:40,9.918213481801066e-05
2019-04-04 09:30:41,-2.4999504089331595
2019-04-04 09:30:42,-1.2499752044664376
2019-04-04 09:30:43,-0.6249876022331833
2019-04-04 09:30:44,-0.31249380111658276
2019-04-04 09:30:45,-0.15624690055828916
2019-04-04 09:30:46,-0.07812345027914402
2019-04-04 09:30:47,-0.03906172513957187
2019-04-04 09:30:48,-0.019530862569785902
2019-04-04 09:30:49,-0.009765431284892942
2019-04-04 09:30:50,-0.0048827156424464686
2019-04-04 09:30:51,-0.002441357821223234
2019-04-04 09:30:52,-0.001220678910611617
2019-04-04 09:30:53,-0.0006103394553058084
2019-04-04 09:30:54,-0.0003051697276529042
2019-04-04 09:30:55,-0.0001525848638264521
2019-04-04 09:30:56,-7.629243191322604e-05
2019-04-04 09:30:57,-3.814621595661302e-05
2019-04-04 09:30:58,-1.907310797830651e-05
2019-04-04 09:30:59,-9.536553989153256e-06
2019-04-04 09:31:00,-4.768276994576628e-06
2019-04-04 09:31:01,-2.384138497288314e-06
2019-04-04 09:31:02,-1.192069248644157e-06
2019-04-04 09:31:03,-5.960346243220785e-07
2019-04-04 09:31:04,-2.9801731216103924e-07
2019-04-04 09:31:05,-1.4900865608051962e-07
2019-04-04 09:31:06,-7.450432804025981e-08
2019-04-04 09:31:07,2.499999962747836
2019-04-04 09:31:08,1.249999981373918
2019-04-04 09:31:09,0.124999990686959
2019-04-04 09:31:10,-0.4375000046565205
2019-04-04 09:31:11,0.7812499976717397
2019-04-04 09:31:12,1.3906249988358699
2019-04-04 09:31:13,1.195312499417935
2019-04-04 09:31:14,2.0976562497089675
2019-04-04 09:31:15,1.0488281248544837
2019-04-04 09:31:16,0.5244140624272419
2019-04-04 09:31:17,0.26220703121362093
2019-04-04 09:31:18,0.13110351560681047
2019-04-04 09:31:19,-0.4344482421965948
2019-04-04 09:31:20,-0.2172241210982974
2019-04-04 09:31:21,-0.1086120605491487
2019-04-04 09:31:22,-0.05430603027457435
2019-04-04 09:31:23,-0.027153015137287174
2019-04-04 09:31:24,-0.013576507568643587
2019-04-04 09:31:25,3.993211746215678
2019-04-04 09:31:26,2.496605873107839
2019-04-04 09:31:27,1.2483029365539196
2019-04-04 09:31:28,0.6241514682769598
2019-04-04 09:31:29,0.3120757341384799
2019-04-04 09:31:30,0.15603786706923994
2019-04-04 09:31:31,0.07801893353461997
2019-04-04 09:31:32,0.039009466767309986
2019-04-04 09:31:33,0.019504733383654993
2019-04-04 09:31:34,0.009752366691827496
2019-04-04 09:31:35,0.004876183345913748
2019-04-04 09:31:36,0.002438091672956874
2019-04-04 09:31:37,0.001219045836478437
2019-04-04 09:31:38,0.0006095229182392185
2019-04-04 09:31:39,0.00030476145911960927
2019-04-04 09:31:40,-0.4998476192704402
2019-04-04 09:31:41,-0.2499238096352201
2019-04-04 09:31:42,-0.12496190481761005
2019-04-04 09:31:43,-0.062480952408805024
2019-04-04 09:31:44,-2.5312404762044025
2019-04-04 09:31:45,-1.7656202381022013
2019-04-04 09:31:46,-1.3828101190511006
2019-04-04 09:31:47,-0.6914050595255503
2019-04-04 09:31:48,-0.34570252976277516
2019-04-04 09:31:49,-0.17285126488138758
2019-04-04 09:31:50,-0.5864256324406938
2019-04-04 09:31:51,-0.2932128162203469
2019-04-04 09:31:52,-0.14660640811017345
2019-04-04 09:31:53,-0.07330320405508672
2019-04-04 09:31:54,-0.03665160202754336
2019-04-04 09:31:55,-0.01832580101377168
2019-04-04 09:31:56,-0.5091629005068858
2019-04-04 09:31:57,-0.2545814502534429
2019-04-04 09:31:58,1.3727092748732785
2019-04-04 09:31:59,0.6863546374366393
2019-04-04 09:32:00,-4.15682268128168
2019-04-04 09:32:01,-0.57841134064084
2019-04-04 09:32:02,-0.28920567032042
2019-04-04 09:32:03,-0.14460283516021
2019-04-04 09:32:04,-0.072301417580105
2019-04-04 09:32:05,-0.0361507087900525
2019-04-04 09:32:06,-0.01807535439502625
2019-04-04 09:32:07,-0.5090376771975131
2019-04-04 09:32:08,-0.25451883859875657
2019-04-04 09:32:09,-0.12725941929937828
2019-04-04 09:32:10,0.9363702903503108
2019-04-04 09:32:11,0.4681851451751554
2019-04-04 09:32:12,-0.2659074274124223
2019-04-04 09:32:13,-0.13295371370621115
2019-04-04 09:32:14,-0.06647685685310557
2019-04-04 09:32:15,-0.03323842842655279
2019-04-04 09:32:16,-0.016619214213276393
2019-04-04 09:32:17,-0.008309607106638197
2019-04-04 09:32:18,-2.004154803553319
2019-04-04 09:32:19,-1.0020774017766596
2019-04-04 09:32:20,-0.5010387008883298
2019-04-04 09:32:21,-0.2505193504441649
2019-04-04 09:32:22,-10.625259675222082
2019-04-04 09:32:23,-6.812629837611041
2019-04-04 09:32:24,-3.4063149188055206
2019-04-04 09:32:25,0.2968425405972397
2019-04-04 09:32:26,-0.35157872970138015
2019-04-04 09:32:27,-0.17578936485069008
2019-04-04 09:32:28,-0.08789468242534504
2019-04-04 09:32:29,-0.04394734121267252
2019-04-04 09:32:30,-0.02197367060633626
2019-04-04 09:32:31,-0.01098683530316813
2019-04-04 09:32:32,-0.005493417651584065
2019-04-04 09:32:33,-0.0027467088257920325
2019-04-04 09:32:34,-0.0013733544128960162
2019-04-04 09:32:35,-0.0006866772064480081
2019-04-04 09:32:36,-0.00034333860322400406
2019-04-04 09:32:37,-0.00017166930161200203
2019-04-04 09:32:38,-8.583465080600101e-05
2019-04-04 09:32:39,-4.291732540300051e-05
2019-04-04 09:32:40,-2.1458662701500254e-05
2019-04-04 09:32:41,-0.5000107293313507
2019-04-04 09:32:42,-0.25000536466567536
2019-04-04 09:32:43,-0.12500268233283768
2019-04-04 09:32:44,-0.06250134116641884
2019-04-04 09:32:45,-0.03125067058320942
2019-04-04 09:32:46,-0.01562533529160471
2019-04-04 09:32:47,-0.007812667645802355
2019-04-04 09:32:48,-0.5039063338229012
2019-04-04 09:32:49,-0.2519531669114506
2019-04-04 09:32:50,0.8740234165442747
2019-04-04 09:32:51,0.43701170827213737
2019-04-04 09:32:52,0.21850585413606868
2019-04-04 09:32:53,0.10925292706803434
2019-04-04 09:32:54,0.05462646353401717
2019-04-04 09:32:55,0.027313231767008585
2019-04-04 09:32:56,0.5136566158835043
2019-04-04 09:32:57,0.25682830794175215
2019-04-04 09:32:58,0.12841415397087608
2019-04-04 09:32:59,0.06420707698543804
2019-04-04 09:33:00,0.03210353849271902
2019-04-04 09:33:01,0.01605176924635951
2019-04-04 09:33:02,0.008025884623179755
2019-04-04 09:33:03,0.004012942311589877
2019-04-04 09:33:04,2.502006471155795
2019-04-04 09:33:05,1.2510032355778975
2019-04-04 09:33:06,0.6255016177889487
2019-04-04 09:33:07,0.3127508088944744
2019-04-04 09:33:08,0.1563754044472372
2019-04-04 09:33:09,1.0781877022236186
2019-04-04 09:33:10,0.5390938511118093
2019-04-04 09:33:11,0.26954692555590465
2019-04-04 09:33:12,-3.3652265372220476
2019-04-04 09:33:13,-1.6826132686110238
2019-04-04 09:33:14,-0.8413066343055119
2019-04-04 09:33:15,4.079346682847244
2019-04-04 09:33:16,3.039673341423622
2019-04-04 09:33:17,1.519836670711811
2019-04-04 09:33:18,0.7599183353559055
2019-04-04 09:33:19,0.37995916767795274
2019-04-04 09:33:20,0.18997958383897637
2019-04-04 09:33:21,0.09498979191948818
2019-04-04 09:33:22,0.04749489595974409
2019-04-04 09:33:23,0.023747447979872046
2019-04-04 09:33:24,0.011873723989936023
2019-04-04 09:33:25,0.0059368619949680115
2019-04-04 09:33:26,-5.997031569002516
2019-04-04 09:33:27,-2.998515784501258
2019-04-04 09:33:28,-1.999257892250629
2019-04-04 09:33:29,-0.9996289461253145
2019-04-04 09:33:30,0.0001855269373427504
2019-04-04 09:33:31,9.27634686713752e-05
2019-04-04 09:33:32,-0.4999536182656643
2019-04-04 09:33:33,-0.24997680913283216
2019-04-04 09:33:34,1.375011595433584
2019-04-04 09:33:35,0.687505797716792
2019-04-04 09:33:36,1.343752898858396
2019-04-04 09:33:37,0.671876449429198
2019-04-04 09:33:38,0.335938224714599
2019-04-04 09:33:39,0.1679691123572995
2019-04-04 09:33:40,5.08398455617865
2019-04-04 09:33:41,2.541992278089325
2019-04-04 09:33:42,1.2709961390446625
2019-04-04 09:33:43,0.6354980695223312
2019-04-04 09:33:44,0.3177490347611656
2019-04-04 09:33:45,0.1588745173805828
2019-04-04 09:33:46,0.0794372586902914
2019-04-04 09:33:47,0.0397186293451457
2019-04-04 09:33:48,0.01985931467257285
2019-04-04 09:33:49,0.009929657336286426
2019-04-04 09:33:50,0.004964828668143213
2019-04-04 09:33:51,0.0024824143340716064
2019-04-04 09:33:52,0.0012412071670358032
2019-04-04 09:33:53,0.0006206035835179016
2019-04-04 09:33:54,0.0003103017917589508
2019-04-04 09:33:55,0.0001551508958794754
2019-04-04 09:33:56,7.75754479397377e-05
2019-04-04 09:33:57,3.878772396986885e-05
2019-04-04 09:33:58,1.9393861984934425e-05
2019-04-04 09:33:59,9.696930992467212e-06
2019-04-04 09:34:00,4.848465496233606e-06
2019-04-04 09:34:01,2.424232748116803e-06
2019-04-04 09:34:02,1.2121163740584016e-06
2019-04-04 09:34:03,6.060581870292008e-07
2019-04-04 09:34:04,3.030290935146004e-07
2019-04-04 09:34:05,1.515145467573002e-07
2019-04-04 09:34:06,-2.9999999242427267
2019-04-04 09:34:07,-1.4999999621213633
2019-04-04 09:34:08,-0.7499999810606817
2019-04-04 09:34:09,-0.8749999905303408
2019-04-04 09:34:10,-0.4374999952651704
2019-04-04 09:34:11,-0.2187499976325852
2019-04-04 09:34:12,-0.1093749988162926
2019-04-04 09:34:13,-0.0546874994081463
2019-04-04 09:34:14,-0.02734374970407315
2019-04-04 09:34:15,-0.013671874852036576
2019-04-04 09:34:16,-1.0068359374260183
2019-04-04 09:34:17,-0.5034179687130091
2019-04-04 09:34:18,-0.2517089843565046
2019-04-04 09:34:19,-0.1258544921782523
2019-04-04 09:34:20,-0.06292724608912614
2019-04-04 09:34:21,-0.03146362304456307
2019-04-04 09:34:22,-0.015731811522281536
2019-04-04 09:34:23,0.49213409423885923
2019-04-04 09:34:24,0.24606704711942962
2019-04-04 09:34:25,0.12303352355971481
2019-04-04 09:34:26,0.061516761779857404
2019-04-04 09:34:27,0.030758380889928702
2019-04-04 09:34:28,0.015379190444964351
2019-04-04 09:34:29,0.0076895952224821755
2019-04-04 09:34:30,0.0038447976112410878
2019-04-04 09:34:31,0.0019223988056205439
2019-04-04 09:34:32,0.0009611994028102719
2019-04-04 09:34:33,0.00048059970140513597
2019-04-04 09:34:34,0.00024029985070256798
2019-04-04 09:34:35,0.00012014992535128399
2019-04-04 09:34:36,6.0074962675641996e-05
2019-04-04 09:34:37,3.0037481337820998e-05
2019-04-04 09:34:38,1.5018740668910499e-05
2019-04-04 09:34:39,7.5093703344552495e-06
2019-04-04 09:34:40,-0.4999962453148328
2019-04-04 09:34:41,-0.2499981226574164
2019-04-04 09:34:42,-0.1249990613287082
2019-04-04 09:34:43,-0.0624995306643541
2019-04-04 09:34:44,-0.03124976533217705
2019-04-04 09:34:45,-0.015624882666088524
2019-04-04 09:34:46,-0.007812441333044262
2019-04-04 09:34:47,-0.003906220666522131
2019-04-04 09:34:48,0.49804688966673893
2019-04-04 09:34:49,0.24902344483336947
2019-04-04 09:34:50,0.12451172241668473
2019-04-04 09:34:51,0.06225586120834237
2019-04-04 09:34:52,1.0311279306041712
2019-04-04 09:34:53,0.5155639653020856
2019-04-04 09:34:54,0.2577819826510428
2019-04-04 09:34:55,0.1288909913255214
2019-04-04 09:34:56,0.0644454956627607
2019-04-04 09:34:57,0.03222274783138035
2019-04-04 09:34:58,0.016111373915690175
2019-04-04 09:34:59,0.008055686957845087
2019-04-04 09:35:00,0.004027843478922544
2019-04-04 09:35:01,0.002013921739461272
2019-04-04 09:35:02,0.001006960869730636
2019-04-04 09:35:03,1.5005034804348654
2019-04-04 09:35:04,1.7502517402174327
2019-04-04 09:35:05,0.8751258701087163
2019-04-04 09:35:06,0.43756293505435817
2019-04-04 09:35:07,0.21878146752717909
2019-04-04 09:35:08,0.10939073376358954
2019-04-04 09:35:09,0.05469536688179477
2019-04-04 09:35:10,0.027347683440897386
2019-04-04 09:35:11,2.0136738417204487
2019-04-04 09:35:12,1.0068369208602244
2019-04-04 09:35:13,0.5034184604301122
2019-04-04 09:35:14,0.2517092302150561
2019-04-04 09:35:15,0.12585461510752805
2019-04-04 09:35:16,1.562927307553764
2019-04-04 09:35:17,0.781463653776882
2019-04-04 09:35:18,0.390731826888441
2019-04-04 09:35:19,2.1953659134442205
2019-04-04 09:35:20,6.59768295672211
2019-04-04 09:35:21,3.298841478361055
2019-04-04 09:35:22,2.6494207391805276
2019-04-04 09:35:23,1.8247103695902638
2019-04-04 09:35:24,0.9123551847951319
2019-04-04 09:35:25,0.45617759239756595
2019-04-04 09:35:26,0.22808879619878297
2019-04-04 09:35:27,0.11404439809939149
2019-04-04 09:35:28,0.05702219904969574
2019-04-04 09:35:29,0.02851109952484787
2019-04-04 09:35:30,5.014255549762424
2019-04-04 09:35:31,2.507127774881212
2019-04-04 09:35:32,3.253563887440606
2019-04-04 09:35:33,1.626781943720303
2019-04-04 09:35:34,0.8133909718601515
2019-04-04 09:35:35,-6.593304514069924
2019-04-04 09:35:36,-3.296652257034962
2019-04-04 09:35:37,-1.648326128517481
2019-04-04 09:35:38,-0.8241630642587405
2019-04-04 09:35:39,-0.41208153212937026
2019-04-04 09:35:40,2.2939592339353148
2019-04-04 09:35:41,2.1469796169676574
2019-04-04 09:35:42,0.5734898084838287
2019-04-04 09:35:43,0.28674490424191434
2019-04-04 09:35:44,0.14337245212095717
2019-04-04 09:35:45,0.07168622606047859
2019-04-04 09:35:46,0.03584311303023929
2019-04-04 09:35:47,3.5179215565151196
2019-04-04 09:35:48,7.75896077825756
2019-04-04 09:35:49,3.37948038912878
2019-04-04 09:35:50,1.68974019456439
2019-04-04 09:35:51,0.844870097282195
2019-04-04 09:35:52,0.4224350486410975
2019-04-04 09:35:53,0.21121752432054874
2019-04-04 09:35:54,0.10560876216027437
2019-04-04 09:35:55,0.052804381080137186
2019-04-04 09:35:56,0.026402190540068593
2019-04-04 09:35:57,0.013201095270034297
2019-04-04 09:35:58,0.006600547635017148
2019-04-04 09:35:59,0.003300273817508574
2019-04-04 09:36:00,0.001650136908754287
2019-04-04 09:36:01,0.0008250684543771435
2019-04-04 09:36:02,-1.4995874657728114
2019-04-04 09:36:03,-0.7497937328864057
2019-04-04 09:36:04,-0.37489686644320286
2019-04-04 09:36:05,-0.18744843322160143
2019-04-04 09:36:06,0.9062757833891992
2019-04-04 09:36:07,3.9531378916946
2019-04-04 09:36:08,3.9765689458473
2019-04-04 09:36:09,1.98828447292365
2019-04-04 09:36:10,0.494142236461825
2019-04-04 09:36:11,0.2470711182309125
2019-04-04 09:36:12,-1.3764644408845437
2019-04-04 09:36:13,-1.1882322204422717
2019-04-04 09:36:14,4.905883889778864
2019-04-04 09:36:15,2.452941944889432
2019-04-04 09:36:16,1.226470972444716
2019-04-04 09:36:17,0.613235486222358
2019-04-04 09:36:18,0.306617743111179
2019-04-04 09:36:19,1.1533088715555895
2019-04-04 09:36:20,1.5766544357777947
2019-04-04 09:36:21,0.28832721788889737
2019-04-04 09:36:22,0.14416360894444868
2019-04-04 09:36:23,0.07208180447222434
2019-04-04 09:36:24,0.03604090223611217
2019-04-04 09:36:25,0.018020451118056086
2019-04-04 09:36:26,0.009010225559028043
2019-04-04 09:36:27,0.004505112779514021
2019-04-04 09:36:28,0.0022525563897570107
2019-04-04 09:36:29,0.0011262781948785053
2019-04-04 09:36:30,0.0005631390974392527
2019-04-04 09:36:31,2.0002815695487195
2019-04-04 09:36:32,2.5001407847743597
2019-04-04 09:36:33,1.2500703923871799
2019-04-04 09:36:34,0.6250351961935899
2019-04-04 09:36:35,0.31251759809679497
2019-04-04 09:36:36,-0.8437412009516025
2019-04-04 09:36:37,0.5781293995241987
2019-04-04 09:36:38,0.28906469976209936
2019-04-04 09:36:39,0.14453234988104968
2019-04-04 09:36:40,0.07226617494052484
2019-04-04 09:36:41,0.03613308747026242
2019-04-04 09:36:42,0.01806654373513121
2019-04-04 09:36:43,1.0090332718675656
2019-04-04 09:36:44,0.5045166359337828
2019-04-04 09:36:45,0.2522583179668914
2019-04-04 09:36:46,1.1261291589834457
2019-04-04 09:36:47,0.5630645794917228
2019-04-04 09:36:48,0.2815322897458614
2019-04-04 09:36:49,0.1407661448729307
2019-04-04 09:36:50,0.07038307243646535
2019-04-04 09:36:51,0.03519153621823268
2019-04-04 09:36:52,0.01759576810911634
2019-04-04 09:36:53,1.0087978840545582
2019-04-04 09:36:54,0.5043989420272791
2019-04-04 09:36:55,0.25219947101363954
2019-04-04 09:36:56,0.12609973550681977
2019-04-04 09:36:57,0.06304986775340989
2019-04-04 09:36:58,0.03152493387670494
2019-04-04 09:36:59,0.01576246693835247
2019-04-04 09:37:00,-0.49211876653082376
2019-04-04 09:37:01,-3.746059383265412
2019-04-04 09:37:02,-1.873029691632706
2019-04-04 09:37:03,-0.936514845816353
2019-04-04 09:37:04,0.03174257709182349
2019-04-04 09:37:05,0.015871288545911744
2019-04-04 09:37:06,0.007935644272955872
2019-04-04 09:37:07,0.003967822136477936
2019-04-04 09:37:08,0.001983911068238968
2019-04-04 09:37:09,0.000991955534119484
2019-04-04 09:37:10,0.000495977767059742
2019-04-04 09:37:11,0.000247988883529871
2019-04-04 09:37:12,0.0001239944417649355
2019-04-04 09:37:13,6.199722088246775e-05
2019-04-04 09:37:14,3.0998610441233874e-05
2019-04-04 09:37:15,1.5499305220616937e-05
2019-04-04 09:37:16,7.749652610308469e-06
2019-04-04 09:37:17,3.874826305154234e-06
2019-04-04 09:37:18,1.937413152577117e-06
2019-04-04 09:37:19,9.687065762885586e-07
2019-04-04 09:37:20,4.843532881442793e-07
2019-04-04 09:37:21,2.4217664407213964e-07
2019-04-04 09:37:22,1.2108832203606982e-07
2019-04-04 09:37:23,6.054416101803491e-08
2019-04-04 09:37:24,3.0272080509017455e-08
2019-04-04 09:37:25,1.5136040254508728e-08
2019-04-04 09:37:26,7.568020127254364e-09
2019-04-04 09:37:27,3.784010063627182e-09
2019-04-04 09:37:28,1.892005031813591e-09
2019-04-04 09:37:29,9.460025159067955e-10
2019-04-04 09:37:30,4.730012579533977e-10
2019-04-04 09:37:31,2.3650062897669887e-10
2019-04-04 09:37:32,1.1825031448834944e-10
2019-04-04 09:37:33,5.912515724417472e-11
2019-04-04 09:37:34,2.956257862208736e-11
2019-04-04 09:37:35,1.478128931104368e-11
2019-04-04 09:37:36,-5.4999999999926095
2019-04-04 09:37:37,-0.7499999999963047
2019-04-04 09:37:38,-0.37499999999815237
2019-04-04 09:37:39,-0.18749999999907618
2019-04-04 09:37:40,-0.09374999999953809
2019-04-04 09:37:41,-0.046874999999769046
2019-04-04 09:37:42,-0.023437499999884523
2019-04-04 09:37:43,-0.011718749999942261
2019-04-04 09:37:44,2.494140625000029
2019-04-04 09:37:45,1.2470703125000144
2019-04-04 09:37:46,0.6235351562500072
2019-04-04 09:37:47,0.3117675781250036
2019-04-04 09:37:48,0.1558837890625018
2019-04-04 09:37:49,0.0779418945312509
2019-04-04 09:37:50,0.03897094726562545
2019-04-04 09:37:51,0.019485473632812726
2019-04-04 09:37:52,0.009742736816406363
2019-04-04 09:37:53,0.004871368408203181
2019-04-04 09:37:54,0.0024356842041015907
2019-04-04 09:37:55,0.0012178421020507953
2019-04-04 09:37:56,-1.9993910789489746
2019-04-04 09:37:57,2.0003044605255127
2019-04-04 09:37:58,1.0001522302627563
2019-04-04 09:37:59,0.5000761151313782
2019-04-04 09:38:00,0.2500380575656891
2019-04-04 09:38:01,0.12501902878284454
2019-04-04 09:38:02,0.06250951439142227
2019-04-04 09:38:03,0.031254757195711136
2019-04-04 09:38:04,0.5156273785978556
2019-04-04 09:38:05,0.2578136892989278
2019-04-04 09:38:06,0.1289068446494639
2019-04-04 09:38:07,0.06445342232473195
2019-04-04 09:38:08,0.03222671116236597
2019-04-04 09:38:09,-1.483886644418817
2019-04-04 09:38:10,2.7580566777905915
2019-04-04 09:38:11,1.3790283388952957
2019-04-04 09:38:12,0.6895141694476479
2019-04-04 09:38:13,0.34475708472382394
2019-04-04 09:38:14,-2.327621457638088
2019-04-04 09:38:15,-1.163810728819044
2019-04-04 09:38:16,-1.081905364409522
2019-04-04 09:38:17,-0.540952682204761
2019-04-04 09:38:18,-0.7704763411023805
2019-04-04 09:38:19,-0.38523817055119025
2019-04-04 09:38:20,-0.6926190852755951
2019-04-04 09:38:21,-0.34630954263779756
2019-04-04 09:38:22,-0.17315477131889878
2019-04-04 09:38:23,0.4134226143405506
2019-04-04 09:38:24,0.2067113071702753
2019-04-04 09:38:25,0.10335565358513765
2019-04-04 09:38:26,0.051677826792568826
2019-04-04 09:38:27,-0.4741610866037156
2019-04-04 09:38:28,-1.237080543301858
2019-04-04 09:38:29,-1.118540271650929
2019-04-04 09:38:30,-1.0592701358254644
2019-04-04 09:38:31,3.970364932087268
2019-04-04 09:38:32,4.485182466043634
2019-04-04 09:38:33,1.742591233021817
2019-04-04 09:38:34,0.8712956165109085
2019-04-04 09:38:35,0.43564780825545424
2019-04-04 09:38:36,0.21782390412772712
2019-04-04 09:38:37,0.6089119520638635
2019-04-04 09:38:38,0.30445597603193175
2019-04-04 09:38:39,0.15222798801596588
2019-04-04 09:38:40,1.076113994007983
2019-04-04 09:38:41,-0.46194300299600854
2019-04-04 09:38:42,-0.23097150149800427
2019-04-04 09:38:43,-0.11548575074900214
2019-04-04 09:38:44,-0.05774287537450107
2019-04-04 09:38:45,-0.028871437687250534
2019-04-04 09:38:46,-0.014435718843625267
2019-04-04 09:38:47,-0.0072178594218126335
2019-04-04 09:38:48,-0.0036089297109063168
2019-04-04 09:38:49,0.49819553514454684
2019-04-04 09:38:50,0.24909776757227342
2019-04-04 09:38:51,0.12454888378613671
2019-04-04 09:38:52,0.062274441893068355
2019-04-04 09:38:53,-1.9688627790534659
2019-04-04 09:38:54,-0.9844313895267329
2019-04-04 09:38:55,-0.49221569476336646
2019-04-04 09:38:56,-0.24610784738168323
2019-04-04 09:38:57,0.3769460763091584
2019-04-04 09:38:58,0.1884730381545792
2019-04-04 09:38:59,0.0942365190772896
2019-04-04 09:39:00,0.0471182595386448
2019-04-04 09:39:01,0.0235591297693224
2019-04-04 09:39:02,-1.4882204351153387
2019-04-04 09:39:03,-0.7441102175576694
2019-04-04 09:39:04,-3.872055108778835
2019-04-04 09:39:05,-1.9360275543894174
2019-04-04 09:39:06,-0.9680137771947087
2019-04-04 09:39:07,0.015993111402645643
2019-04-04 09:39:08,0.007996555701322822
2019-04-04 09:39:09,0.003998277850661411
2019-04-04 09:39:10,1.5019991389253307
2019-04-04 09:39:11,0.7509995694626653
2019-04-04 09:39:12,0.37549978473133266
2019-04-04 09:39:13,0.18774989236566633
2019-04-04 09:39:14,0.09387494618283317
2019-04-04 09:39:15,0.04693747309141658
2019-04-04 09:39:16,0.02346873654570829
2019-04-04 09:39:17,0.011734368272854146
2019-04-04 09:39:18,0.005867184136427073
2019-04-04 09:39:19,0.0029335920682135364
2019-04-04 09:39:20,0.0014667960341067682
2019-04-04 09:39:21,0.5007333980170534
2019-04-04 09:39:22,0.2503666990085267
2019-04-04 09:39:23,0.12518334950426335
2019-04-04 09:39:24,0.06259167475213168
2019-04-04 09:39:25,0.03129583737606584
2019-04-04 09:39:26,0.01564791868803292
2019-04-04 09:39:27,0.00782395934401646
2019-04-04 09:39:28,0.00391197967200823
2019-04-04 09:39:29,0.001955989836004115
2019-04-04 09:39:30,0.0009779949180020574
2019-04-04 09:39:31,-0.49951100254099895
2019-04-04 09:39:32,-0.24975550127049947
2019-04-04 09:39:33,-0.12487775063524974
2019-04-04 09:39:34,-0.06243887531762487
2019-04-04 09:39:35,-0.031219437658812434
2019-04-04 09:39:36,-0.015609718829406217
2019-04-04 09:39:37,-0.007804859414703109
2019-04-04 09:39:38,-0.0039024297073515543
2019-04-04 09:39:39,-0.0019512148536757771
2019-04-04 09:39:40,-0.0009756074268378886
2019-04-04 09:39:41,-2.000487803713419
2019-04-04 09:39:42,-0.00024390185670952746
2019-04-04 09:39:43,-0.00012195092835476373
2019-04-04 09:39:44,-6.0975464177381866e-05
2019-04-04 09:39:45,-3.0487732088690933e-05
2019-04-04 09:39:46,-1.0000152438660443
2019-04-04 09:39:47,-0.5000076219330222
2019-04-04 09:39:48,-0.2500038109665111
2019-04-04 09:39:49,-0.12500190548325554
2019-04-04 09:39:50,-1.0625009527416278
2019-04-04 09:39:51,-0.5312504763708139
2019-04-04 09:39:52,-1.265625238185407
2019-04-04 09:39:53,-1.1328126190927035
2019-04-04 09:39:54,-0.5664063095463517
2019-04-04 09:39:55,-0.28320315477317587
2019-04-04 09:39:56,-0.14160157738658793
2019-04-04 09:39:57,-0.07080078869329397
2019-04-04 09:39:58,0.464599605653353
2019-04-04 09:39:59,0.2322998028266765
2019-04-04 09:40:00,0.11614990141333825
2019-04-04 09:40:01,0.058074950706669126
2019-04-04 09:40:02,0.029037475353334563
2019-04-04 09:40:03,0.014518737676667282
2019-04-04 09:40:04,0.007259368838333641
2019-04-04 09:40:05,0.0036296844191668204
2019-04-04 09:40:06,-0.4981851577904166
2019-04-04 09:40:07,-0.2490925788952083
2019-04-04 09:40:08,-0.12454628944760415
2019-04-04 09:40:09,-0.062273144723802076
2019-04-04 09:40:10,-0.031136572361901038
2019-04-04 09:40:11,-0.015568286180950519
2019-04-04 09:40:12,0.9922158569095247
2019-04-04 09:40:13,1.4961079284547623
2019-04-04 09:40:14,0.7480539642273811
2019-04-04 09:40:15,0.37402698211369056
2019-04-04 09:40:16,-0.3129865089431547
2019-04-04 09:40:17,-0.15649325447157736
2019-04-04 09:40:18,-0.07824662723578868
2019-04-04 09:40:19,-0.03912331361789434
2019-04-04 09:40:20,-0.01956165680894717
2019-04-04 09:40:21,-0.009780828404473585
2019-04-04 09:40:22,-0.0048904142022367925
2019-04-04 09:40:23,-0.0024452071011183962
2019-04-04 09:40:24,-0.5012226035505591
2019-04-04 09:40:25,-0.25061130177527957
2019-04-04 09:40:26,-0.6253056508876398
2019-04-04 09:40:27,-0.3126528254438199
2019-04-04 09:40:28,-0.15632641272190995
2019-04-04 09:40:29,-0.07816320636095497
2019-04-04 09:40:30,-0.03908160318047749
2019-04-04 09:40:31,-0.019540801590238743
2019-04-04 09:40:32,-1.0097704007951194
2019-04-04 09:40:33,-0.5048852003975597
2019-04-04 09:40:34,-0.7524426001987798
2019-04-04 09:40:35,-0.3762213000993899
2019-04-04 09:40:36,-0.18811065004969496
2019-04-04 09:40:37,-1.5940553250248475
2019-04-04 09:40:38,-0.7970276625124237
2019-04-04 09:40:39,-0.39851383125621187
2019-04-04 09:40:40,-1.1992569156281059
2019-04-04 09:40:41,-0.5996284578140529
2019-04-04 09:40:42,-1.7998142289070265
2019-04-04 09:40:43,-0.8999071144535132
2019-04-04 09:40:44,-0.4499535572267566
2019-04-04 09:40:45,-0.2249767786133783
2019-04-04 09:40:46,-0.11248838930668915
2019-04-04 09:40:47,-0.05624419465334458
2019-04-04 09:40:48,-0.02812209732667229
2019-04-04 09:40:49,-0.014061048663336144
2019-04-04 09:40:50,0.49296947566833194
2019-04-04 09:40:51,0.24648473783416597
2019-04-04 09:40:52,0.623242368917083
2019-04-04 09:40:53,-0.18837881554145852
2019-04-04 09:40:54,-0.09418940777072926
2019-04-04 09:40:55,-0.04709470388536463
2019-04-04 09:40:56,-0.5235473519426823
2019-04-04 09:40:57,-0.26177367597134116
2019-04-04 09:40:58,-0.13088683798567058
2019-04-04 09:40:59,-0.06544341899283529
2019-04-04 09:41:00,-0.5327217094964176
2019-04-04 09:41:01,-0.2663608547482088
2019-04-04 09:41:02,-0.1331804273741044
2019-04-04 09:41:03,-0.0665902136870522
2019-04-04 09:41:04,-1.033295106843526
2019-04-04 09:41:05,-0.516647553421763
2019-04-04 09:41:06,-0.2583237767108815
2019-04-04 09:41:07,-0.12916188835544076
2019-04-04 09:41:08,-0.06458094417772038
2019-04-04 09:41:09,-0.03229047208886019
2019-04-04 09:41:10,-0.016145236044430095
2019-04-04 09:41:11,-0.008072618022215048
2019-04-04 09:41:12,-0.004036309011107524
2019-04-04 09:41:13,-0.002018154505553762
2019-04-04 09:41:14,-0.001009077252776881
2019-04-04 09:41:15,-0.0005045386263884405
2019-04-04 09:41:16,-0.00025226931319422024
2019-04-04 09:41:17,-1.500126134656597
2019-04-04 09:41:18,0.24993693267170147
2019-04-04 09:41:19,0.12496846633585074
2019-04-04 09:41:20,-0.4375157668320746
2019-04-04 09:41:21,-0.2187578834160373
2019-04-04 09:41:22,-0.10937894170801865
2019-04-04 09:41:23,-0.054689470854009326
2019-04-04 09:41:24,-0.027344735427004663
2019-04-04 09:41:25,-0.013672367713502331
2019-04-04 09:41:26,-0.006836183856751166
2019-04-04 09:41:27,-0.003418091928375583
2019-04-04 09:41:28,-0.0017090459641877914
2019-04-04 09:41:29,-0.0008545229820938957
2019-04-04 09:41:30,-0.00042726149104694786
2019-04-04 09:41:31,-4.000213630745524
2019-04-04 09:41:32,-2.000106815372762
2019-04-04 09:41:33,-1.000053407686381
2019-04-04 09:41:34,-0.5000267038431905
2019-04-04 09:41:35,-0.25001335192159524
2019-04-04 09:41:36,-2.6250066759607975
2019-04-04 09:41:37,-1.3125033379803988
2019-04-04 09:41:38,-0.6562516689901994
2019-04-04 09:41:39,-0.3281258344950997
2019-04-04 09:41:40,-0.16406291724754984
2019-04-04 09:41:41,0.9179685413762251
2019-04-04 09:41:42,1.4589842706881124
2019-04-04 09:41:43,0.7294921353440562
2019-04-04 09:41:44,0.8647460676720281
2019-04-04 09:41:45,0.43237303383601405
2019-04-04 09:41:46,-0.783813483081993
2019-04-04 09:41:47,-0.3919067415409965
2019-04-04 09:41:48,-0.19595337077049824
2019-04-04 09:41:49,-0.09797668538524912
2019-04-04 09:41:50,-0.04898834269262456
2019-04-04 09:41:51,-0.02449417134631228
2019-04-04 09:41:52,-0.01224708567315614
2019-04-04 09:41:53,-0.00612354283657807
2019-04-04 09:41:54,-0.003061771418289035
2019-04-04 09:41:55,-0.0015308857091445175
2019-04-04 09:41:56,-0.0007654428545722587
2019-04-04 09:41:57,-0.00038272142728612937
2019-04-04 09:41:58,-0.00019136071364306468
2019-04-04 09:41:59,-9.568035682153234e-05
2019-04-04 09:42:00,-4.784017841076617e-05
2019-04-04 09:42:01,0.9999760799107946
2019-04-04 09:42:02,0.4999880399553973
2019-04-04 09:42:03,0.24999401997769866
2019-04-04 09:42:04,0.12499700998884933
2019-04-04 09:42:05,0.062498504994424664
2019-04-04 09:42:06,-0.46875074750278767
2019-04-04 09:42:07,-0.23437537375139383
2019-04-04 09:42:08,-0.11718768687569692
2019-04-04 09:42:09,-0.05859384343784846
2019-04-04 09:42:10,-0.02929692171892423
2019-04-04 09:42:11,-0.014648460859462115
2019-04-04 09:42:12,0.49267576957026893
2019-04-04 09:42:13,0.24633788478513446
2019-04-04 09:42:14,0.12316894239256723
2019-04-04 09:42:15,0.061584471196283616
2019-04-04 09:42:16,0.030792235598141808
2019-04-04 09:42:17,0.015396117799070904
2019-04-04 09:42:18,0.007698058899535452
2019-04-04 09:42:19,0.003849029449767726
2019-04-04 09:42:20,0.001924514724883863
2019-04-04 09:42:21,0.0009622573624419315
2019-04-04 09:42:22,0.00048112868122096575
2019-04-04 09:42:23,0.00024056434061048288
2019-04-04 09:42:24,-0.49987971782969476
2019-04-04 09:42:25,-0.24993985891484738
2019-04-04 09:42:26,-0.12496992945742369
2019-04-04 09:42:27,-0.062484964728711845
2019-04-04 09:42:28,-0.031242482364355922
2019-04-04 09:42:29,-0.015621241182177961
2019-04-04 09:42:30,-0.007810620591088981
2019-04-04 09:42:31,-0.5039053102955445
2019-04-04 09:42:32,-0.25195265514777226
2019-04-04 09:42:33,-0.12597632757388613
2019-04-04 09:42:34,-0.06298816378694307
2019-04-04 09:42:35,-0.03149408189347153
2019-04-04 09:42:36,-0.015747040946735767
2019-04-04 09:42:37,0.49212647952663213
2019-04-04 09:42:38,0.24606323976331607
2019-04-04 09:42:39,-0.876968380118342
2019-04-04 09:42:40,-0.9384841900591709
2019-04-04 09:42:41,-0.46924209502958547
2019-04-04 09:42:42,-0.23462104751479274
2019-04-04 09:42:43,-0.11731052375739637
2019-04-04 09:42:44,-0.058655261878698184
2019-04-04 09:42:45,-0.029327630939349092
2019-04-04 09:42:46,0.48533618453032545
2019-04-04 09:42:47,0.24266809226516273
2019-04-04 09:42:48,0.12133404613258136
2019-04-04 09:42:49,0.06066702306629068
2019-04-04 09:42:50,0.5303335115331453
2019-04-04 09:42:51,0.7651667557665727
2019-04-04 09:42:52,0.38258337788328634
2019-04-04 09:42:53,0.19129168894164317
2019-04-04 09:42:54,0.09564584447082158
2019-04-04 09:42:55,0.04782292223541079
2019-04-04 09:42:56,0.023911461117705396
2019-04-04 09:42:57,-0.9880442694411473
2019-04-04 09:42:58,-0.49402213472057366
2019-04-04 09:42:59,-0.24701106736028683
2019-04-04 09:43:00,-0.12350553368014341
2019-04-04 09:43:01,-0.06175276684007171
2019-04-04 09:43:02,0.46912361657996415
2019-04-04 09:43:03,0.23456180828998208
2019-04-04 09:43:04,0.11728090414499104
2019-04-04 09:43:05,0.05864045207249552
2019-04-04 09:43:06,0.02932022603624776
2019-04-04 09:43:07,0.01466011301812388
2019-04-04 09:43:08,0.00733005650906194
2019-04-04 09:43:09,0.00366502825453097
2019-04-04 09:43:10,0.001832514127265485
2019-04-04 09:43:11,-0.49908374293636726
2019-04-04 09:43:12,-0.24954187146818363
2019-04-04 09:43:13,-0.12477093573409181
2019-04-04 09:43:14,-0.06238546786704591
2019-04-04 09:43:15,-0.031192733933522954
2019-04-04 09:43:16,-0.015596366966761477
2019-04-04 09:43:17,-0.007798183483380738
2019-04-04 09:43:18,-0.003899091741690369
2019-04-04 09:43:19,-0.0019495458708451846
2019-04-04 09:43:20,-0.0009747729354225923
2019-04-04 09:43:21,-0.00048738646771129615
2019-04-04 09:43:22,-0.00024369323385564808
2019-04-04 09:43:23,-1.000121846616928
2019-04-04 09:43:24,-0.500060923308464
2019-04-04 09:43:25,-0.250030461654232
2019-04-04 09:43:26,-0.125015230827116
2019-04-04 09:43:27,-0.062507615413558
2019-04-04 09:43:28,-0.031253807706779
2019-04-04 09:43:29,-0.0156269038533895
2019-04-04 09:43:30,-0.00781345192669475
2019-04-04 09:43:31,-0.003906725963347375
2019-04-04 09:43:32,-0.0019533629816736874
2019-04-04 09:43:33,-0.0009766814908368437
2019-04-04 09:43:34,-0.0004883407454184218
2019-04-04 09:43:35,-0.0002441703727092109
2019-04-04 09:43:36,-0.00012208518635460546
2019-04-04 09:43:37,-6.104259317730273e-05
2019-04-04 09:43:38,-3.0521296588651365e-05
2019-04-04 09:43:39,-0.5000152606482944
2019-04-04 09:43:40,-0.2500076303241472
2019-04-04 09:43:41,-0.1250038151620736
2019-04-04 09:43:42,-0.5625019075810368
2019-04-04 09:43:43,-0.2812509537905184
2019-04-04 09:43:44,1.3593745231047407
2019-04-04 09:43:45,0.6796872615523704
2019-04-04 09:43:46,0.3398436307761852
2019-04-04 09:43:47,0.1699218153880926
2019-04-04 09:43:48,0.0849609076940463
2019-04-04 09:43:49,0.04248045384702315
2019-04-04 09:43:50,0.021240226923511574
2019-04-04 09:43:51,0.010620113461755787
2019-04-04 09:43:52,-0.4946899432691221
2019-04-04 09:43:53,-0.24734497163456104
2019-04-04 09:43:54,-0.6236724858172805
2019-04-04 09:43:55,-0.31183624290864026
2019-04-04 09:43:56,-0.15591812145432013
2019-04-04 09:43:57,-0.07795906072716006
2019-04-04 09:43:58,-0.03897953036358003
2019-04-04 09:43:59,-0.019489765181790016
2019-04-04 09:44:00,-0.009744882590895008
2019-04-04 09:44:01,-0.004872441295447504
2019-04-04 09:44:02,-0.5024362206477238
2019-04-04 09:44:03,-0.2512181103238619
2019-04-04 09:44:04,-0.12560905516193094
2019-04-04 09:44:05,-0.06280452758096547
2019-04-04 09:44:06,-1.5314022637904827
2019-04-04 09:44:07,-0.7657011318952414
2019-04-04 09:44:08,-0.3828505659476207
2019-04-04 09:44:09,-0.19142528297381034
2019-04-04 09:44:10,-0.09571264148690517
2019-04-04 09:44:11,-0.047856320743452585
2019-04-04 09:44:12,-0.023928160371726293
2019-04-04 09:44:13,-0.011964080185863146
2019-04-04 09:44:14,-0.005982040092931573
2019-04-04 09:44:15,-0.0029910200464657866
2019-04-04 09:44:16,-0.0014955100232328933
2019-04-04 09:44:17,-0.0007477550116164466
2019-04-04 09:44:18,-0.0003738775058082233
2019-04-04 09:44:19,-0.00018693875290411166
2019-04-04 09:44:20,-0.500093469376452
2019-04-04 09:44:21,-0.250046734688226
2019-04-04 09:44:22,-0.125023367344113
2019-04-04 09:44:23,-0.0625116836720565
2019-04-04 09:44:24,-0.03125584183602825
2019-04-04 09:44:25,-0.015627920918014127
2019-04-04 09:44:26,-0.007813960459007063
2019-04-04 09:44:27,1.9960930197704965
2019-04-04 09:44:28,0.9980465098852482
2019-04-04 09:44:29,0.4990232549426241
2019-04-04 09:44:30,0.24951162747131206
2019-04-04 09:44:31,0.12475581373565603
2019-04-04 09:44:32,0.5623779068678281
2019-04-04 09:44:33,0.28118895343391404
2019-04-04 09:44:34,0.14059447671695702
2019-04-04 09:44:35,0.07029723835847851
2019-04-04 09:44:36,0.035148619179239254
2019-04-04 09:44:37,0.017574309589619627
2019-04-04 09:44:38,0.008787154794809814
2019-04-04 09:44:39,0.5043935773974049
2019-04-04 09:44:40,0.25219678869870243
2019-04-04 09:44:41,0.12609839434935122
2019-04-04 09:44:42,0.06304919717467561
2019-04-04 09:44:43,0.031524598587337804
2019-04-04 09:44:44,1.515762299293669
2019-04-04 09:44:45,0.7578811496468345
2019-04-04 09:44:46,-0.6210594251765827
2019-04-04 09:44:47,-0.3105297125882914
2019-04-04 09:44:48,-0.6552648562941457
2019-04-04 09:44:49,-0.32763242814707283
2019-04-04 09:44:50,-0.16381621407353641
2019-04-04 09:44:51,1.9180918929632318
2019-04-04 09:44:52,0.9590459464816159
2019-04-04 09:44:53,0.47952297324080795
2019-04-04 09:44:54,1.239761486620404
2019-04-04 09:44:55,0.619880743310202
2019-04-04 09:44:56,-0.19005962834489898
2019-04-04 09:44:57,-0.09502981417244949
2019-04-04 09:44:58,-0.047514907086224745
2019-04-04 09:44:59,-0.023757453543112372
2019-04-04 09:45:00,-0.011878726771556186
2019-04-04 09:45:01,-1.005939363385778
2019-04-04 09:45:02,-0.502969681692889
2019-04-04 09:45:03,-0.2514848408464445
2019-04-04 09:45:04,-0.12574242042322226
2019-04-04 09:45:05,-0.06287121021161113
2019-04-04 09:45:06,-0.031435605105805564
2019-04-04 09:45:07,-0.015717802552902782
2019-04-04 09:45:08,-0.007858901276451391
2019-04-04 09:45:09,-4.003929450638226
2019-04-04 09:45:10,-2.001964725319113
2019-04-04 09:45:11,-1.0009823626595564
2019-04-04 09:45:12,-0.5004911813297782
2019-04-04 09:45:13,-0.2502455906648891
2019-04-04 09:45:14,-0.12512279533244455
2019-04-04 09:45:15,-0.06256139766622228
2019-04-04 09:45:16,-0.03128069883311114
2019-04-04 09:45:17,0.48435965058344443
2019-04-04 09:45:18,0.24217982529172222
2019-04-04 09:45:19,0.12108991264586111
2019-04-04 09:45:20,0.060544956322930554
2019-04-04 09:45:21,0.030272478161465277
2019-04-04 09:45:22,0.015136239080732639
2019-04-04 09:45:23,0.007568119540366319
2019-04-04 09:45:24,0.0037840597701831596
2019-04-04 09:45:25,0.0018920298850915798
2019-04-04 09:45:26,0.0009460149425457899
2019-04-04 09:45:27,0.00047300747127289496
2019-04-04 09:45:28,0.00023650373563644748
2019-04-04 09:45:29,-0.9998817481321818
2019-04-04 09:45:30,-0.9999408740660909
2019-04-04 09:45:31,-0.49997043703304545
2019-04-04 09:45:32,-0.24998521851652272
2019-04-04 09:45:33,-0.12499260925826136
2019-04-04 09:45:34,-0.5624963046291307
2019-04-04 09:45:35,-0.28124815231456535
2019-04-04 09:45:36,-0.14062407615728267
2019-04-04 09:45:37,0.9296879619213587
2019-04-04 09:45:38,0.46484398096067936
2019-04-04 09:45:39,0.23242199048033968
2019-04-04 09:45:40,0.11621099524016984
2019-04-04 09:45:41,0.05810549762008492
2019-04-04 09:45:42,0.02905274881004246
2019-04-04 09:45:43,0.5145263744050212
2019-04-04 09:45:44,0.2572631872025106
2019-04-04 09:45:45,0.1286315936012553
2019-04-04 09:45:46,-4.935684203199372
2019-04-04 09:45:47,-2.467842101599686
2019-04-04 09:45:48,-1.233921050799843
2019-04-04 09:45:49,-0.6169605253999215
2019-04-04 09:45:50,-0.30848026269996076
2019-04-04 09:45:51,-0.15424013134998038
2019-04-04 09:45:52,-0.07712006567499019
2019-04-04 09:45:53,-0.038560032837495095
2019-04-04 09:45:54,-0.019280016418747548
2019-04-04 09:45:55,-0.009640008209373774
2019-04-04 09:45:56,-0.004820004104686887
2019-04-04 09:45:57,-0.0024100020523434434
2019-04-04 09:45:58,-0.0012050010261717217
2019-04-04 09:45:59,-0.0006025005130858609
2019-04-04 09:46:00,-0.00030125025654293043
2019-04-04 09:46:01,-0.00015062512827146522
2019-04-04 09:46:02,-7.531256413573261e-05
2019-04-04 09:46:03,-3.7656282067866304e-05
2019-04-04 09:46:04,-1.8828141033933152e-05
2019-04-04 09:46:05,-9.414070516966576e-06
2019-04-04 09:46:06,-4.707035258483288e-06
2019-04-04 09:46:07,0.9999976464823708
2019-04-04 09:46:08,0.4999988232411854
2019-04-04 09:46:09,0.2499994116205927
2019-04-04 09:46:10,0.12499970581029635
2019-04-04 09:46:11,0.06249985290514817
2019-04-04 09:46:12,0.031249926452574087
2019-04-04 09:46:13,0.015624963226287043
2019-04-04 09:46:14,0.007812481613143522
2019-04-04 09:46:15,0.003906240806571761
2019-04-04 09:46:16,0.0019531204032858804
2019-04-04 09:46:17,0.0009765602016429402
2019-04-04 09:46:18,0.0004882801008214701
2019-04-04 09:46:19,0.00024414005041073505
2019-04-04 09:46:20,0.00012207002520536753
2019-04-04 09:46:21,6.103501260268376e-05
2019-04-04 09:46:22,3.051750630134188e-05
2019-04-04 09:46:23,1.525875315067094e-05
2019-04-04 09:46:24,7.62937657533547e-06
2019-04-04 09:46:25,3.814688287667735e-06
2019-04-04 09:46:26,1.9073441438338676e-06
2019-04-04 09:46:27,9.536720719169338e-07
2019-04-04 09:46:28,4.768360359584669e-07
2019-04-04 09:46:29,2.3841801797923345e-07
2019-04-04 09:46:30,1.1920900898961672e-07
2019-04-04 09:46:31,5.960450449480836e-08
2019-04-04 09:46:32,2.980225224740418e-08
2019-04-04 09:46:33,1.490112612370209e-08
2019-04-04 09:46:34,7.450563061851045e-09
2019-04-04 09:46:35,3.7252815309255226e-09
2019-04-04 09:46:36,1.8626407654627613e-09
2019-04-04 09:46:37,3.0000000009313204
2019-04-04 09:46:38,1.5000000004656602
2019-04-04 09:46:39,0.7500000002328301
2019-04-04 09:46:40,0.37500000011641504
2019-04-04 09:46:41,0.18750000005820752
2019-04-04 09:46:42,0.09375000002910376
2019-04-04 09:46:43,-4.453124999985448
2019-04-04 09:46:44,-2.226562499992724
2019-04-04 09:46:45,-1.113281249996362
2019-04-04 09:46:46,-0.556640624998181
2019-04-04 09:46:47,-0.2783203124990905
2019-04-04 09:46:48,-0.13916015624954525
2019-04-04 09:46:49,-1.0695800781247726
2019-04-04 09:46:50,-0.5347900390623863
2019-04-04 09:46:51,-0.26739501953119316
2019-04-04 09:46:52,-0.13369750976559658
2019-04-04 09:46:53,-0.06684875488279829
2019-04-04 09:46:54,-0.033424377441399145
2019-04-04 09:46:55,-0.016712188720699572
2019-04-04 09:46:56,-0.008356094360349786
2019-04-04 09:46:57,-0.004178047180174893
2019-04-04 09:46:58,-0.0020890235900874465
2019-04-04 09:46:59,-2.501044511795044
2019-04-04 09:47:00,-1.250522255897522
2019-04-04 09:47:01,-0.625261127948761
2019-04-04 09:47:02,-0.3126305639743805
2019-04-04 09:47:03,-0.15631528198719025
2019-04-04 09:47:04,-0.07815764099359512
2019-04-04 09:47:05,-0.03907882049679756
2019-04-04 09:47:06,-0.01953941024839878
2019-04-04 09:47:07,0.4902302948758006
2019-04-04 09:47:08,0.2451151474379003
2019-04-04 09:47:09,0.12255757371895015
2019-04-04 09:47:10,0.061278786859475076
2019-04-04 09:47:11,0.030639393429737538
2019-04-04 09:47:12,0.015319696714868769
2019-04-04 09:47:13,0.0076598483574343845
2019-04-04 09:47:14,1.5038299241787172
2019-04-04 09:47:15,0.7519149620893586
2019-04-04 09:47:16,0.3759574810446793
2019-04-04 09:47:17,0.18797874052233965
2019-04-04 09:47:18,0.09398937026116982
2019-04-04 09:47:19,0.04699468513058491
2019-04-04 09:47:20,0.023497342565292456
2019-04-04 09:47:21,0.011748671282646228
2019-04-04 09:47:22,-4.494125664358677
2019-04-04 09:47:23,-2.2470628321793384
2019-04-04 09:47:24,-1.1235314160896692
2019-04-04 09:47:25,-0.5617657080448346
2019-04-04 09:47:26,-0.2808828540224173
2019-04-04 09:47:27,-0.14044142701120865
2019-04-04 09:47:28,-0.07022071350560433
2019-04-04 09:47:29,-1.5351103567528022
2019-04-04 09:47:30,-0.7675551783764011
2019-04-04 09:47:31,-0.38377758918820054
2019-04-04 09:47:32,-0.19188879459410027
2019-04-04 09:47:33,-0.09594439729705014
2019-04-04 09:47:34,-0.04797219864852507
2019-04-04 09:47:35,-0.023986099324262534
2019-04-04 09:47:36,-0.011993049662131267
2019-04-04 09:47:37,-0.0059965248310656334
2019-04-04 09:47:38,-0.0029982624155328167
2019-04-04 09:47:39,-0.0014991312077664084
2019-04-04 09:47:40,-0.0007495656038832042
2019-04-04 09:47:41,-0.0003747828019416021
2019-04-04 09:47:42,-0.00018739140097080105
2019-04-04 09:47:43,6.499906304299515
2019-04-04 09:47:44,3.2499531521497573
2019-04-04 09:47:45,1.6249765760748787
2019-04-04 09:47:46,9.31248828803744
2019-04-04 09:47:47,5.65624414401872
2019-04-04 09:47:48,2.82812207200936
2019-04-04 09:47:49,0.4140610360046799
2019-04-04 09:47:50,0.20703051800233996
2019-04-04 09:47:51,0.10351525900116998
2019-04-04 09:47:52,-0.448242370499415
2019-04-04 09:47:53,-0.2241211852497075
2019-04-04 09:47:54,-0.11206059262485375
2019-04-04 09:47:55,-0.056030296312426876
2019-04-04 09:47:56,-0.028015148156213438
2019-04-04 09:47:57,-5.514007574078107
2019-04-04 09:47:58,-3.7570037870390536
2019-04-04 09:47:59,-1.8785018935195268
2019-04-04 09:48:00,-1.4392509467597634
2019-04-04 09:48:01,-0.7196254733798817
2019-04-04 09:48:02,-0.35981273668994085
2019-04-04 09:48:03,-0.17990636834497042
2019-04-04 09:48:04,-0.08995318417248521
2019-04-04 09:48:05,-0.044976592086242606
2019-04-04 09:48:06,0.4775117039568787
2019-04-04 09:48:07,0.23875585197843935
2019-04-04 09:48:08,0.11937792598921967
2019-04-04 09:48:09,-0.44031103700539015
2019-04-04 09:48:10,-0.22015551850269507
2019-04-04 09:48:11,0.38992224074865245
2019-04-04 09:48:12,0.19496112037432622
2019-04-04 09:48:13,0.09748056018716311
2019-04-04 09:48:14,0.048740280093581556
2019-04-04 09:48:15,0.024370140046790778
2019-04-04 09:48:16,-1.4878149299766046
2019-04-04 09:48:17,-0.7439074649883023
2019-04-04 09:48:18,-0.37195373249415115
2019-04-04 09:48:19,-0.18597686624707557
2019-04-04 09:48:20,-0.09298843312353779
2019-04-04 09:48:21,-0.04649421656176889
2019-04-04 09:48:22,-0.023247108280884447
2019-04-04 09:48:23,-3.511623554140442
2019-04-04 09:48:24,-1.755811777070221
2019-04-04 09:48:25,-0.8779058885351105
2019-04-04 09:48:26,-0.9389529442675553
2019-04-04 09:48:27,0.030523527866222366
2019-04-04 09:48:28,0.015261763933111183
2019-04-04 09:48:29,0.007630881966555592
2019-04-04 09:48:30,0.003815440983277796
2019-04-04 09:48:31,0.001907720491638898
2019-04-04 09:48:32,0.000953860245819449
2019-04-04 09:48:33,0.0004769301229097245
2019-04-04 09:48:34,0.00023846506145486224
2019-04-04 09:48:35,0.00011923253072743112
2019-04-04 09:48:36,5.961626536371556e-05
2019-04-04 09:48:37,2.980813268185778e-05
2019-04-04 09:48:38,1.490406634092889e-05
2019-04-04 09:48:39,7.452033170464445e-06
2019-04-04 09:48:40,3.7260165852322225e-06
2019-04-04 09:48:41,0.5000018630082926
2019-04-04 09:48:42,0.2500009315041463
2019-04-04 09:48:43,0.12500046575207316
2019-04-04 09:48:44,0.06250023287603658
2019-04-04 09:48:45,0.03125011643801829
2019-04-04 09:48:46,0.015625058219009145
2019-04-04 09:48:47,-1.4921874708904954
2019-04-04 09:48:48,0.7539062645547523
2019-04-04 09:48:49,2.376953132277376
2019-04-04 09:48:50,1.188476566138688
2019-04-04 09:48:51,0.594238283069344
2019-04-04 09:48:52,-7.702880858465328
2019-04-04 09:48:53,-4.351440429232664
2019-04-04 09:48:54,-1.675720214616332
2019-04-04 09:48:55,-0.837860107308166
2019-04-04 09:48:56,-0.418930053654083
2019-04-04 09:48:57,-1.2094650268270415
2019-04-04 09:48:58,-0.6047325134135207
2019-04-04 09:48:59,-1.3023662567067604
2019-04-04 09:49:00,-0.6511831283533802
2019-04-04 09:49:01,-0.3255915641766901
2019-04-04 09:49:02,-0.16279578208834505
2019-04-04 09:49:03,-0.08139789104417253
2019-04-04 09:49:04,-0.04069894552208626
2019-04-04 09:49:05,-0.02034947276104313
2019-04-04 09:49:06,-0.010174736380521566
2019-04-04 09:49:07,0.4949126318097392
2019-04-04 09:49:08,1.2474563159048695
2019-04-04 09:49:09,0.6237281579524347
2019-04-04 09:49:10,0.8118640789762174
2019-04-04 09:49:11,0.4059320394881087
2019-04-04 09:49:12,0.20296601974405434
2019-04-04 09:49:13,0.10148300987202717
2019-04-04 09:49:14,0.050741504936013586
2019-04-04 09:49:15,0.025370752468006793
2019-04-04 09:49:16,0.012685376234003396
2019-04-04 09:49:17,0.006342688117001698
2019-04-04 09:49:18,0.003171344058500849
2019-04-04 09:49:19,0.0015856720292504246
2019-04-04 09:49:20,0.0007928360146252123
2019-04-04 09:49:21,-0.9996035819926874
2019-04-04 09:49:22,-0.4998017909963437
2019-04-04 09:49:23,-0.24990089549817185
2019-04-04 09:49:24,-0.6249504477490859
2019-04-04 09:49:25,-0.31247522387454296
2019-04-04 09:49:26,-0.15623761193727148
2019-04-04 09:49:27,-0.07811880596863574
2019-04-04 09:49:28,-0.03905940298431787
2019-04-04 09:49:29,-0.019529701492158935
2019-04-04 09:49:30,-0.009764850746079468
2019-04-04 09:49:31,-0.004882425373039734
2019-04-04 09:49:32,-4.00244121268652
2019-04-04 09:49:33,-2.00122060634326
2019-04-04 09:49:34,-1.00061030317163
2019-04-04 09:49:35,-0.500305151585815
2019-04-04 09:49:36,-0.2501525757929075
2019-04-04 09:49:37,-0.12507628789645375
2019-04-04 09:49:38,-0.5625381439482269
2019-04-04 09:49:39,-0.28126907197411344
2019-04-04 09:49:40,-0.14063453598705672
2019-04-04 09:49:41,-0.07031726799352836
2019-04-04 09:49:42,-0.03515863399676418
2019-04-04 09:49:43,-0.5175793169983821
2019-04-04 09:49:44,-0.25878965849919106
2019-04-04 09:49:45,-0.6293948292495956
2019-04-04 09:49:46,-0.3146974146247978
2019-04-04 09:49:47,0.3426512926876011
2019-04-04 09:49:48,0.17132564634380054
2019-04-04 09:49:49,0.08566282317190027
2019-04-04 09:49:50,0.042831411585950135
2019-04-04 09:49:51,0.021415705792975068
2019-04-04 09:49:52,0.010707852896487534
2019-04-04 09:49:53,0.005353926448243767
2019-04-04 09:49:54,0.0026769632241218835
2019-04-04 09:49:55,-0.49866151838793904
2019-04-04 09:49:56,-0.24933075919396952
2019-04-04 09:49:57,-0.12466537959698476
2019-04-04 09:49:58,-0.06233268979849238
2019-04-04 09:49:59,-1.5311663448992463
2019-04-04 09:50:00,-0.7655831724496232
2019-04-04 09:50:01,-0.3827915862248116
2019-04-04 09:50:02,-0.1913957931124058
2019-04-04 09:50:03,1.404302103443797
2019-04-04 09:50:04,0.2021510517218985
2019-04-04 09:50:05,0.10107552586094926
2019-04-04 09:50:06,0.05053776293047463
2019-04-04 09:50:07,0.5252688814652373
2019-04-04 09:50:08,0.26263444073261866
2019-04-04 09:50:09,0.13131722036630933
2019-04-04 09:50:10,0.5656586101831547
2019-04-04 09:50:11,0.28282930509157733
2019-04-04 09:50:12,0.14141465254578867
2019-04-04 09:50:13,0.07070732627289433
2019-04-04 09:50:14,0.035353663136447167
2019-04-04 09:50:15,0.5176768315682236
2019-04-04 09:50:16,0.2588384157841118
2019-04-04 09:50:17,0.1294192078920559
2019-04-04 09:50:18,-0.435290396053972
2019-04-04 09:50:19,-0.217645198026986
2019-04-04 09:50:20,0.391177400986507
2019-04-04 09:50:21,0.1955887004932535
2019-04-04 09:50:22,0.09779435024662675
2019-04-04 09:50:23,-1.4511028248766866
2019-04-04 09:50:24,-0.7255514124383433
2019-04-04 09:50:25,-0.36277570621917166
2019-04-04 09:50:26,-0.18138785310958583
2019-04-04 09:50:27,-0.09069392655479291
2019-04-04 09:50:28,-0.04534696327739646
2019-04-04 09:50:29,-0.02267348163869823
2019-04-04 09:50:30,-0.011336740819349114
2019-04-04 09:50:31,-0.005668370409674557
2019-04-04 09:50:32,-0.5028341852048372
2019-04-04 09:50:33,-0.2514170926024186
2019-04-04 09:50:34,-0.1257085463012093
2019-04-04 09:50:35,-0.06285427315060466
2019-04-04 09:50:36,-0.03142713657530233
2019-04-04 09:50:37,-0.015713568287651164
2019-04-04 09:50:38,-0.007856784143825582
2019-04-04 09:50:39,-0.003928392071912791
2019-04-04 09:50:40,-0.0019641960359563955
2019-04-04 09:50:41,-1.0009820980179782
2019-04-04 09:50:42,-0.5004910490089891
2019-04-04 09:50:43,-0.25024552450449455
2019-04-04 09:50:44,-0.12512276225224728
2019-04-04 09:50:45,-0.06256138112612364
2019-04-04 09:50:46,-0.03128069056306182
2019-04-04 09:50:47,-0.01564034528153091
2019-04-04 09:50:48,-0.007820172640765455
2019-04-04 09:50:49,-0.003910086320382727
2019-04-04 09:50:50,-1.0019550431601913
2019-04-04 09:50:51,-0.5009775215800957
2019-04-04 09:50:52,-0.7504887607900479
2019-04-04 09:50:53,-0.37524438039502395
2019-04-04 09:50:54,0.8123778098024881
2019-04-04 09:50:55,0.40618890490124404
2019-04-04 09:50:56,0.20309445245062202
2019-04-04 09:50:57,0.10154722622531101
2019-04-04 09:50:58,0.050773613112655505
2019-04-04 09:50:59,0.025386806556327753
2019-04-04 09:51:00,0.012693403278163876
2019-04-04 09:51:01,0.006346701639081938
2019-04-04 09:51:02,0.003173350819540969
2019-04-04 09:51:03,-0.4984133245902295
2019-04-04 09:51:04,-0.24920666229511476
2019-04-04 09:51:05,-0.12460333114755738
2019-04-04 09:51:06,-0.06230166557377869
2019-04-04 09:51:07,-0.031150832786889345
2019-04-04 09:51:08,-0.015575416393444673
2019-04-04 09:51:09,-0.007787708196722336
2019-04-04 09:51:10,0.9961061459016388
2019-04-04 09:51:11,0.4980530729508194
2019-04-04 09:51:12,0.2490265364754097
2019-04-04 09:51:13,0.12451326823770485
2019-04-04 09:51:14,0.062256634118852426
2019-04-04 09:51:15,0.031128317059426213
2019-04-04 09:51:16,0.5155641585297132
2019-04-04 09:51:17,0.2577820792648566
2019-04-04 09:51:18,0.1288910396324283
2019-04-04 09:51:19,0.06444551981621414
2019-04-04 09:51:20,0.03222275990810707
2019-04-04 09:51:21,0.016111379954053536
2019-04-04 09:51:22,0.008055689977026768
2019-04-04 09:51:23,0.004027844988513384
2019-04-04 09:51:24,0.002013922494256692
2019-04-04 09:51:25,1.0010069612471284
2019-04-04 09:51:26,0.5005034806235642
2019-04-04 09:51:27,0.2502517403117821
2019-04-04 09:51:28,0.12512587015589105
2019-04-04 09:51:29,0.06256293507794553
2019-04-04 09:51:30,0.03128146753897276
2019-04-04 09:51:31,-0.9843592662305136
2019-04-04 09:51:32,-0.4921796331152568
2019-04-04 09:51:33,-0.2460898165576284
2019-04-04 09:51:34,-2.123044908278814
2019-04-04 09:51:35,-1.061522454139407
2019-04-04 09:51:36,-0.5307612270697035
2019-04-04 09:51:37,0.7346193864651482
2019-04-04 09:51:38,0.3673096932325741
2019-04-04 09:51:39,0.18365484661628706
2019-04-04 09:51:40,0.09182742330814353
2019-04-04 09:51:41,0.045913711654071765
2019-04-04 09:51:42,0.022956855827035882
2019-04-04 09:51:43,0.011478427913517941
2019-04-04 09:51:44,0.005739213956758971
2019-04-04 09:51:45,-0.49713039302162054
2019-04-04 09:51:46,-0.24856519651081027
2019-04-04 09:51:47,-0.6242825982554051
2019-04-04 09:51:48,-0.31214129912770255
2019-04-04 09:51:49,-0.15607064956385128
2019-04-04 09:51:50,-0.07803532478192564
2019-04-04 09:51:51,-0.03901766239096282
2019-04-04 09:51:52,-0.01950883119548141
2019-04-04 09:51:53,-0.009754415597740705
2019-04-04 09:51:54,-0.004877207798870352
2019-04-04 09:51:55,-0.002438603899435176
2019-04-04 09:51:56,-0.001219301949717588
2019-04-04 09:51:57,-0.000609650974858794
2019-04-04 09:51:58,-0.000304825487429397
2019-04-04 09:51:59,-0.0001524127437146985
2019-04-04 09:52:00,-7.620637185734926e-05
2019-04-04 09:52:01,-3.810318592867463e-05
2019-04-04 09:52:02,-1.9051592964337314e-05
2019-04-04 09:52:03,-9.525796482168657e-06
2019-04-04 09:52:04,0.9999952371017589
2019-04-04 09:52:05,0.49999761855087943
2019-04-04 09:52:06,0.7499988092754397
2019-04-04 09:52:07,1.3749994046377199
2019-04-04 09:52:08,0.6874997023188599
2019-04-04 09:52:09,0.34374985115942996
2019-04-04 09:52:10,0.17187492557971498
2019-04-04 09:52:11,0.08593746278985749
2019-04-04 09:52:12,0.042968731394928746
2019-04-04 09:52:13,0.021484365697464373
2019-04-04 09:52:14,0.010742182848732186
2019-04-04 09:52:15,0.005371091424366093
2019-04-04 09:52:16,0.0026855457121830466
2019-04-04 09:52:17,-0.4986572271439085
2019-04-04 09:52:18,-0.24932861357195424
2019-04-04 09:52:19,0.3753356932140229
2019-04-04 09:52:20,-0.3123321533929886
2019-04-04 09:52:21,-0.1561660766964943
2019-04-04 09:52:22,-0.07808303834824715
2019-04-04 09:52:23,-0.03904151917412357
2019-04-04 09:52:24,0.4804792404129382
2019-04-04 09:52:25,0.2402396202064691
2019-04-04 09:52:26,0.12011981010323455
2019-04-04 09:52:27,0.06005990505161728
2019-04-04 09:52:28,0.03002995252580864
2019-04-04 09:52:29,0.01501497626290432
2019-04-04 09:52:30,0.00750748813145216
2019-04-04 09:52:31,0.00375374406572608
2019-04-04 09:52:32,-0.498123127967137
2019-04-04 09:52:33,-0.2490615639835685
2019-04-04 09:52:34,-0.12453078199178425
2019-04-04 09:52:35,-1.5622653909958921
2019-04-04 09:52:36,-0.7811326954979461
2019-04-04 09:52:37,-0.890566347748973
2019-04-04 09:52:38,-0.4452831738744865
2019-04-04 09:52:39,-0.22264158693724326
2019-04-04 09:52:40,-0.11132079346862163
2019-04-04 09:52:41,-0.055660396734310814
2019-04-04 09:52:42,-0.027830198367155407
2019-04-04 09:52:43,-0.5139150991835777
2019-04-04 09:52:44,-0.25695754959178885
2019-04-04 09:52:45,-0.12847877479589442
2019-04-04 09:52:46,-0.06423938739794721
2019-04-04 09:52:47,-0.032119693698973606
2019-04-04 09:52:48,-0.016059846849486803
2019-04-04 09:52:49,-0.008029923424743401
2019-04-04 09:52:50,-0.004014961712371701
2019-04-04 09:52:51,0.49799251914381415
2019-04-04 09:52:52,0.24899625957190707
2019-04-04 09:52:53,0.12449812978595354
2019-04-04 09:52:54,0.06224906489297677
2019-04-04 09:52:55,0.031124532446488384
2019-04-04 09:52:56,0.015562266223244192
2019-04-04 09:52:57,0.007781133111622096
2019-04-04 09:52:58,0.003890566555811048
2019-04-04 09:52:59,0.001945283277905524
2019-04-04 09:53:00,-0.4990273583610472
2019-04-04 09:53:01,0.2504863208194764
2019-04-04 09:53:02,0.1252431604097382
2019-04-04 09:53:03,0.0626215802048691
2019-04-04 09:53:04,0.03131079010243455
2019-04-04 09:53:05,0.015655395051217276
2019-04-04 09:53:06,0.007827697525608638
2019-04-04 09:53:07,-0.4960861512371957
2019-04-04 09:53:08,-0.24804307561859784
2019-04-04 09:53:09,-0.12402153780929892
2019-04-04 09:53:10,-0.06201076890464946
2019-04-04 09:53:11,-0.03100538445232473
2019-04-04 09:53:12,-0.015502692226162365
2019-04-04 09:53:13,-0.0077513461130811825
2019-04-04 09:53:14,-0.0038756730565405913
2019-04-04 09:53:15,-0.0019378365282702956
2019-04-04 09:53:16,-0.0009689182641351478
2019-04-04 09:53:17,-0.0004844591320675739
2019-04-04 09:53:18,-0.00024222956603378695
2019-04-04 09:53:19,-0.5001211147830169
2019-04-04 09:53:20,-0.25006055739150845
2019-04-04 09:53:21,-0.12503027869575423
2019-04-04 09:53:22,-0.06251513934787711
2019-04-04 09:53:23,-0.03125756967393856
2019-04-04 09:53:24,-0.01562878483696928
2019-04-04 09:53:25,-0.00781439241848464
2019-04-04 09:53:26,-0.00390719620924232
2019-04-04 09:53:27,-0.00195359810462116
2019-04-04 09:53:28,-0.5009767990523106
2019-04-04 09:53:29,-0.2504883995261553
2019-04-04 09:53:30,0.37475580023692234
2019-04-04 09:53:31,0.18737790011846117
2019-04-04 09:53:32,0.09368895005923059
2019-04-04 09:53:33,0.04684447502961529
2019-04-04 09:53:34,0.023422237514807646
2019-04-04 09:53:35,0.011711118757403823
2019-04-04 09:53:36,1.005855559378702
2019-04-04 09:53:37,0.502927779689351
2019-04-04 09:53:38,0.2514638898446755
2019-04-04 09:53:39,-0.8742680550776623
2019-04-04 09:53:40,0.06286597246116887
2019-04-04 09:53:41,0.031432986230584437
2019-04-04 09:53:42,0.015716493115292218
2019-04-04 09:53:43,0.5078582465576461
2019-04-04 09:53:44,0.25392912327882305
2019-04-04 09:53:45,0.12696456163941153
2019-04-04 09:53:46,0.06348228081970576
2019-04-04 09:53:47,0.03174114040985288
2019-04-04 09:53:48,0.01587057020492644
2019-04-04 09:53:49,0.00793528510246322
2019-04-04 09:53:50,-0.9960323574487684
2019-04-04 09:53:51,-0.4980161787243842
2019-04-04 09:53:52,0.7509919106378079
2019-04-04 09:53:53,0.37549595531890395
2019-04-04 09:53:54,0.18774797765945198
2019-04-04 09:53:55,0.09387398882972599
2019-04-04 09:53:56,0.046936994414862994
2019-04-04 09:53:57,0.023468497207431497
2019-04-04 09:53:58,0.011734248603715748
2019-04-04 09:53:59,0.005867124301857874
2019-04-04 09:54:00,0.002933562150928937
2019-04-04 09:54:01,0.0014667810754644686
2019-04-04 09:54:02,0.0007333905377322343
2019-04-04 09:54:03,0.00036669526886611714
2019-04-04 09:54:04,0.00018334763443305857
2019-04-04 09:54:05,9.167381721652928e-05
2019-04-04 09:54:06,-0.9999541630913917
2019-04-04 09:54:07,3.000022918454304
2019-04-04 09:54:08,1.500011459227152
2019-04-04 09:54:09,0.750005729613576
2019-04-04 09:54:10,0.375002864806788
2019-04-04 09:54:11,0.187501432403394
2019-04-04 09:54:12,0.093750716201697
2019-04-04 09:54:13,0.0468753581008485
2019-04-04 09:54:14,0.02343767905042425
2019-04-04 09:54:15,0.011718839525212126
2019-04-04 09:54:16,-0.9941405802373939
2019-04-04 09:54:17,-0.49707029011869697
2019-04-04 09:54:18,-0.24853514505934848
2019-04-04 09:54:19,-0.6242675725296742
2019-04-04 09:54:20,-0.3121337862648371
2019-04-04 09:54:21,-0.15606689313241856
2019-04-04 09:54:22,-0.5780334465662093
2019-04-04 09:54:23,-0.2890167232831046
2019-04-04 09:54:24,-0.6445083616415523
2019-04-04 09:54:25,1.1777458191792238
2019-04-04 09:54:26,0.5888729095896119
2019-04-04 09:54:27,0.29443645479480596
2019-04-04 09:54:28,0.14721822739740298
2019-04-04 09:54:29,0.07360911369870149
2019-04-04 09:54:30,-0.46319544315064926
2019-04-04 09:54:31,-0.23159772157532463
2019-04-04 09:54:32,-0.11579886078766231
2019-04-04 09:54:33,-0.05789943039383116
2019-04-04 09:54:34,-0.02894971519691558
2019-04-04 09:54:35,-0.01447485759845779
2019-04-04 09:54:36,-0.007237428799228895
2019-04-04 09:54:37,-0.0036187143996144473
2019-04-04 09:54:38,-0.0018093571998072237
2019-04-04 09:54:39,-0.0009046785999036118
2019-04-04 09:54:40,-0.0004523392999518059
2019-04-04 09:54:41,-1.000226169649976
2019-04-04 09:54:42,-0.500113084824988
2019-04-04 09:54:43,-0.250056542412494
2019-04-04 09:54:44,-0.125028271206247
2019-04-04 09:54:45,-0.0625141356031235
2019-04-04 09:54:46,-0.03125706780156175
2019-04-04 09:54:47,-0.015628533900780874
2019-04-04 09:54:48,-0.007814266950390437
2019-04-04 09:54:49,-0.003907133475195218
2019-04-04 09:54:50,-0.001953566737597609
2019-04-04 09:54:51,-0.0009767833687988046
2019-04-04 09:54:52,-0.0004883916843994023
2019-04-04 09:54:53,-1.0002441958421997
2019-04-04 09:54:54,-0.5001220979210999
2019-04-04 09:54:55,-0.2500610489605499
2019-04-04 09:54:56,-0.12503052448027496
2019-04-04 09:54:57,-0.06251526224013748
2019-04-04 09:54:58,-0.03125763112006874
2019-04-04 09:54:59,-0.01562881556003437
2019-04-04 09:55:00,-0.007814407780017185
2019-04-04 09:55:01,-0.003907203890008593
2019-04-04 09:55:02,-0.0019536019450042963
2019-04-04 09:55:03,-0.0009768009725021481
2019-04-04 09:55:04,-0.0004884004862510741
2019-04-04 09:55:05,-0.00024420024312553704
2019-04-04 09:55:06,-0.00012210012156276852
2019-04-04 09:55:07,-6.105006078138426e-05
2019-04-04 09:55:08,-0.5000305250303907
2019-04-04 09:55:09,-1.2500152625151952
2019-04-04 09:55:10,-0.6250076312575976
2019-04-04 09:55:11,0.1874961843712012
2019-04-04 09:55:12,0.0937480921856006
2019-04-04 09:55:13,-0.4531259539071997
2019-04-04 09:55:14,-0.22656297695359984
2019-04-04 09:55:15,-0.11328148847679992
2019-04-04 09:55:16,-0.05664074423839996
2019-04-04 09:55:17,0.9716796278808
2019-04-04 09:55:18,0.4858398139404
2019-04-04 09:55:19,0.2429199069702
2019-04-04 09:55:20,0.1214599534851
2019-04-04 09:55:21,0.06072997674255
2019-04-04 09:55:22,0.030364988371275
2019-04-04 09:55:23,0.0151824941856375
2019-04-04 09:55:24,0.00759124709281875
2019-04-04 09:55:25,0.003795623546409375
2019-04-04 09:55:26,-0.4981021882267953
2019-04-04 09:55:27,-0.24905109411339765
2019-04-04 09:55:28,-0.12452554705669883
2019-04-04 09:55:29,0.4377372264716506
2019-04-04 09:55:30,0.2188686132358253
2019-04-04 09:55:31,0.10943430661791265
2019-04-04 09:55:32,0.05471715330895632
2019-04-04 09:55:33,0.02735857665447816
2019-04-04 09:55:34,0.01367928832723908
2019-04-04 09:55:35,0.00683964416361954
2019-04-04 09:55:36,0.00341982208180977
2019-04-04 09:55:37,0.001709911040904885
2019-04-04 09:55:38,0.0008549555204524426
2019-04-04 09:55:39,0.0004274777602262213
2019-04-04 09:55:40,0.00021373888011311064
2019-04-04 09:55:41,0.00010686944005655532
2019-04-04 09:55:42,5.343472002827766e-05
2019-04-04 09:55:43,2.671736001413883e-05
2019-04-04 09:55:44,1.3358680007069415e-05
2019-04-04 09:55:45,6.6793400035347074e-06
2019-04-04 09:55:46,3.3396700017673537e-06
2019-04-04 09:55:47,1.6698350008836769e-06
2019-04-04 09:55:48,8.349175004418384e-07
2019-04-04 09:55:49,4.174587502209192e-07
2019-04-04 09:55:50,2.087293751104596e-07
2019-04-04 09:55:51,1.043646875552298e-07
2019-04-04 09:55:52,5.21823437776149e-08
2019-04-04 09:55:53,2.609117188880745e-08
2019-04-04 09:55:54,1.3045585944403725e-08
2019-04-04 09:55:55,6.522792972201863e-09
2019-04-04 09:55:56,3.2613964861009314e-09
2019-04-04 09:55:57,1.0000000016306982
2019-04-04 09:55:58,0.5000000008153491
2019-04-04 09:55:59,0.25000000040767456
2019-04-04 09:56:00,0.12500000020383728
2019-04-04 09:56:01,0.06250000010191864
2019-04-04 09:56:02,-0.46874999994904065
2019-04-04 09:56:03,-0.23437499997452033
2019-04-04 09:56:04,-0.6171874999872602
2019-04-04 09:56:05,-0.3085937499936301
2019-04-04 09:56:06,-0.15429687499681505
2019-04-04 09:56:07,-0.07714843749840752
2019-04-04 09:56:08,-0.5385742187492037
2019-04-04 09:56:09,-0.2692871093746019
2019-04-04 09:56:10,-1.134643554687301
2019-04-04 09:56:11,-0.5673217773436505
2019-04-04 09:56:12,-0.28366088867182526
2019-04-04 09:56:13,-1.1418304443359126
2019-04-04 09:56:14,-0.07091522216795632
2019-04-04 09:56:15,-0.03545761108397816
2019-04-04 09:56:16,-0.01772880554198908
2019-04-04 09:56:17,-0.00886440277099454
2019-04-04 09:56:18,-0.00443220138549727
2019-04-04 09:56:19,-0.002216100692748635
2019-04-04 09:56:20,-0.0011080503463743174
2019-04-04 09:56:21,-0.0005540251731871587
2019-04-04 09:56:22,-0.5002770125865936
2019-04-04 09:56:23,-0.2501385062932968
2019-04-04 09:56:24,-1.1250692531466484
2019-04-04 09:56:25,-0.5625346265733242
2019-04-04 09:56:26,-0.2812673132866621
2019-04-04 09:56:27,-0.14063365664333105
2019-04-04 09:56:28,-0.07031682832166553
2019-04-04 09:56:29,-2.0351584141608328
2019-04-04 09:56:30,-0.5175792070804164
2019-04-04 09:56:31,-0.2587896035402082
2019-04-04 09:56:32,-0.1293948017701041
2019-04-04 09:56:33,-0.06469740088505205
2019-04-04 09:56:34,-0.032348700442526024
2019-04-04 09:56:35,-0.016174350221263012
2019-04-04 09:56:36,-0.008087175110631506
2019-04-04 09:56:37,-0.004043587555315753
2019-04-04 09:56:38,-0.0020217937776578765
2019-04-04 09:56:39,-0.5010108968888289
2019-04-04 09:56:40,-0.25050544844441447
2019-04-04 09:56:41,-0.12525272422220723
2019-04-04 09:56:42,-0.06262636211110362
2019-04-04 09:56:43,2.468686818944448
2019-04-04 09:56:44,1.234343409472224
2019-04-04 09:56:45,0.617171704736112
2019-04-04 09:56:46,0.308585852368056
2019-04-04 09:56:47,0.154292926184028
2019-04-04 09:56:48,0.077146463092014
2019-04-04 09:56:49,0.038573231546007
2019-04-04 09:56:50,0.0192866157730035
2019-04-04 09:56:51,-1.4903566921134983
2019-04-04 09:56:52,-0.7451783460567492
2019-04-04 09:56:53,-0.3725891730283746
2019-04-04 09:56:54,-0.1862945865141873
2019-04-04 09:56:55,-0.09314729325709364
2019-04-04 09:56:56,-0.04657364662854682
2019-04-04 09:56:57,-0.02328682331427341
2019-04-04 09:56:58,-1.5116434116571367
2019-04-04 09:56:59,-0.7558217058285683
2019-04-04 09:57:00,-0.37791085291428417
2019-04-04 09:57:01,-0.18895542645714208
2019-04-04 09:57:02,0.405522286771429
2019-04-04 09:57:03,0.2027611433857145
2019-04-04 09:57:04,0.10138057169285725
2019-04-04 09:57:05,0.05069028584642862
2019-04-04 09:57:06,0.02534514292321431
2019-04-04 09:57:07,0.012672571461607156
2019-04-04 09:57:08,0.006336285730803578
2019-04-04 09:57:09,0.003168142865401789
2019-04-04 09:57:10,0.0015840714327008945
2019-04-04 09:57:11,0.0007920357163504472
2019-04-04 09:57:12,0.0003960178581752236
2019-04-04 09:57:13,0.0001980089290876118
2019-04-04 09:57:14,9.90044645438059e-05
2019-04-04 09:57:15,4.950223227190295e-05
2019-04-04 09:57:16,2.4751116135951476e-05
2019-04-04 09:57:17,1.2375558067975738e-05
2019-04-04 09:57:18,2.500006187779034
2019-04-04 09:57:19,1.250003093889517
2019-04-04 09:57:20,0.6250015469447585
2019-04-04 09:57:21,0.31250077347237926
2019-04-04 09:57:22,0.15625038673618963
2019-04-04 09:57:23,0.07812519336809481
2019-04-04 09:57:24,0.03906259668404741
2019-04-04 09:57:25,0.019531298342023704
2019-04-04 09:57:26,0.009765649171011852
2019-04-04 09:57:27,0.004882824585505926
2019-04-04 09:57:28,0.002441412292752963
2019-04-04 09:57:29,0.0012207061463764815
2019-04-04 09:57:30,0.0006103530731882407
2019-04-04 09:57:31,0.00030517653659412037
2019-04-04 09:57:32,0.00015258826829706018
2019-04-04 09:57:33,7.629413414853009e-05
2019-04-04 09:57:34,3.8147067074265046e-05
2019-04-04 09:57:35,1.9073533537132523e-05
2019-04-04 09:57:36,9.536766768566261e-06
2019-04-04 09:57:37,4.768383384283131e-06
2019-04-04 09:57:38,2.3841916921415654e-06
2019-04-04 09:57:39,1.1920958460707827e-06
2019-04-04 09:57:40,5.960479230353913e-07
2019-04-04 09:57:41,2.9802396151769567e-07
2019-04-04 09:57:42,1.4901198075884784e-07
2019-04-04 09:57:43,7.450599037942392e-08
2019-04-04 09:57:44,3.725299518971196e-08
2019-04-04 09:57:45,1.862649759485598e-08
2019-04-04 09:57:46,9.31324879742799e-09
2019-04-04 09:57:47,4.656624398713995e-09
2019-04-04 09:57:48,2.3283121993569974e-09
2019-04-04 09:57:49,1.1641560996784987e-09
2019-04-04 09:57:50,5.820780498392494e-10
2019-04-04 09:57:51,2.910390249196247e-10
2019-04-04 09:57:52,1.4551951245981234e-10
2019-04-04 09:57:53,7.275975622990617e-11
2019-04-04 09:57:54,3.6379878114953085e-11
2019-04-04 09:57:55,1.8189939057476542e-11
2019-04-04 09:57:56,9.094969528738271e-12
2019-04-04 09:57:57,-0.4999999999954525
2019-04-04 09:57:58,-0.24999999999772626
2019-04-04 09:57:59,-0.12499999999886313
2019-04-04 09:58:00,-0.062499999999431566
2019-04-04 09:58:01,-0.031249999999715783
2019-04-04 09:58:02,-0.015624999999857891
2019-04-04 09:58:03,-0.007812499999928946
2019-04-04 09:58:04,-0.003906249999964473
2019-04-04 09:58:05,-0.0019531249999822364
2019-04-04 09:58:06,-0.0009765624999911182
2019-04-04 09:58:07,-0.0004882812499955591
2019-04-04 09:58:08,-0.00024414062499777955
2019-04-04 09:58:09,-0.00012207031249888978
2019-04-04 09:58:10,-6.103515624944489e-05
2019-04-04 09:58:11,-3.0517578124722444e-05
2019-04-04 09:58:12,-3.0000152587890625
2019-04-04 09:58:13,-1.5000076293945312
2019-04-04 09:58:14,-0.7500038146972656
2019-04-04 09:58:15,-0.3750019073486328
2019-04-04 09:58:16,-0.1875009536743164
2019-04-04 09:58:17,-0.0937504768371582
2019-04-04 09:58:18,-0.0468752384185791
2019-04-04 09:58:19,-0.02343761920928955
2019-04-04 09:58:20,-0.011718809604644775
2019-04-04 09:58:21,-0.005859404802322388
2019-04-04 09:58:22,-0.002929702401161194
2019-04-04 09:58:23,-0.001464851200580597
2019-04-04 09:58:24,-0.0007324256002902985
2019-04-04 09:58:25,-0.00036621280014514923
2019-04-04 09:58:26,-0.00018310640007257462
2019-04-04 09:58:27,-9.155320003628731e-05
2019-04-04 09:58:28,-4.5776600018143654e-05
2019-04-04 09:58:29,-2.2888300009071827e-05
2019-04-04 09:58:30,-1.1444150004535913e-05
2019-04-04 09:58:31,-5.722075002267957e-06
2019-04-04 09:58:32,-2.8610375011339784e-06
2019-04-04 09:58:33,-1.0000014305187506
2019-04-04 09:58:34,-0.5000007152593753
2019-04-04 09:58:35,-0.25000035762968764
2019-04-04 09:58:36,-0.12500017881484382
2019-04-04 09:58:37,0.4374999105925781
2019-04-04 09:58:38,0.21874995529628904
2019-04-04 09:58:39,0.10937497764814452
2019-04-04 09:58:40,0.05468748882407226
2019-04-04 09:58:41,0.02734374441203613
2019-04-04 09:58:42,0.013671872206018065
2019-04-04 09:58:43,-0.49316406389699097
2019-04-04 09:58:44,-0.24658203194849548
2019-04-04 09:58:45,-0.12329101597424774
2019-04-04 09:58:46,-0.06164550798712387
2019-04-04 09:58:47,-0.030822753993561935
2019-04-04 09:58:48,-0.015411376996780968
2019-04-04 09:58:49,-0.007705688498390484
2019-04-04 09:58:50,-0.003852844249195242
2019-04-04 09:58:51,-0.001926422124597621
2019-04-04 09:58:52,-0.0009632110622988105
2019-04-04 09:58:53,-0.00048160553114940524
2019-04-04 09:58:54,-0.00024080276557470262
2019-04-04 09:58:55,-0.00012040138278735131
2019-04-04 09:58:56,-6.0200691393675655e-05
2019-04-04 09:58:57,-3.0100345696837828e-05
2019-04-04 09:58:58,-1.5050172848418914e-05
2019-04-04 09:58:59,-7.525086424209457e-06
2019-04-04 09:59:00,-3.7625432121047284e-06
2019-04-04 09:59:01,-1.8812716060523642e-06
2019-04-04 09:59:02,-9.406358030261821e-07
2019-04-04 09:59:03,-4.7031790151309106e-07
2019-04-04 09:59:04,-2.3515895075654553e-07
2019-04-04 09:59:05,0.9999998824205246
2019-04-04 09:59:06,0.4999999412102623
2019-04-04 09:59:07,0.24999997060513116
2019-04-04 09:59:08,0.12499998530256558
2019-04-04 09:59:09,0.06249999265128279
2019-04-04 09:59:10,0.031249996325641394
2019-04-04 09:59:11,1.5156249981628207
2019-04-04 09:59:12,0.7578124990814104
2019-04-04 09:59:13,0.3789062495407052
2019-04-04 09:59:14,0.1894531247703526
2019-04-04 09:59:15,0.0947265623851763
2019-04-04 09:59:16,0.04736328119258815
2019-04-04 09:59:17,0.023681640596294073
2019-04-04 09:59:18,0.011840820298147037
2019-04-04 09:59:19,0.005920410149073518
2019-04-04 09:59:20,0.002960205074536759
2019-04-04 09:59:21,0.0014801025372683796
2019-04-04 09:59:22,0.0007400512686341898
2019-04-04 09:59:23,3.000370025634317
2019-04-04 09:59:24,-1.4998149871828415
2019-04-04 09:59:25,-0.7499074935914207
2019-04-04 09:59:26,-0.37495374679571036
2019-04-04 09:59:27,-0.18747687339785518
2019-04-04 09:59:28,-0.09373843669892759
2019-04-04 09:59:29,-0.046869218349463795
2019-04-04 09:59:30,-0.023434609174731898
2019-04-04 09:59:31,-0.011717304587365949
2019-04-04 09:59:32,-0.005858652293682974
2019-04-04 09:59:33,-0.002929326146841487
2019-04-04 09:59:34,-0.0014646630734207436
2019-04-04 09:59:35,-0.0007323315367103718
2019-04-04 09:59:36,-0.0003661657683551859
2019-04-04 09:59:37,-0.00018308288417759295
2019-04-04 09:59:38,-9.154144208879648e-05
2019-04-04 09:59:39,-4.577072104439824e-05
2019-04-04 09:59:40,-2.288536052219912e-05
2019-04-04 09:59:41,-1.144268026109956e-05
2019-04-04 09:59:42,-5.72134013054978e-06
2019-04-04 09:59:43,-2.86067006527489e-06
2019-04-04 09:59:44,-1.430335032637445e-06
2019-04-04 09:59:45,-7.151675163187225e-07
2019-04-04 09:59:46,-3.5758375815936123e-07
2019-04-04 09:59:47,-1.7879187907968062e-07
2019-04-04 09:59:48,-8.939593953984031e-08
2019-04-04 09:59:49,-4.4697969769920154e-08
2019-04-04 09:59:50,-2.2348984884960077e-08
2019-04-04 09:59:51,-1.1174492442480038e-08
2019-04-04 09:59:52,-5.587246221240019e-09
2019-04-04 09:59:53,-2.7936231106200096e-09
2019-04-04 09:59:54,-1.3968115553100048e-09
2019-04-04 09:59:55,-6.984057776550024e-10
2019-04-04 09:59:56,-3.492028888275012e-10
2019-04-04 09:59:57,-1.746014444137506e-10
2019-04-04 09:59:58,-1.0000000000873008
2019-04-04 09:59:59,-0.5000000000436504
2019-04-04 10:00:00,-1.2500000000218252
2019-04-04 10:00:01,-0.1250000000109126
2019-04-04 10:00:02,-4.562500000005456
2019-04-04 10:00:03,-2.281250000002728
2019-04-04 10:00:04,-1.140625000001364
2019-04-04 10:00:05,-0.570312500000682
2019-04-04 10:00:06,-0.285156250000341
2019-04-04 10:00:07,-0.1425781250001705
2019-04-04 10:00:08,-0.07128906250008525
2019-04-04 10:00:09,-0.035644531250042626
2019-04-04 10:00:10,-0.017822265625021313
2019-04-04 10:00:11,-0.008911132812510656
2019-04-04 10:00:12,-0.004455566406255328
2019-04-04 10:00:13,-0.002227783203127664
2019-04-04 10:00:14,-0.001113891601563832
2019-04-04 10:00:15,-0.000556945800781916
2019-04-04 10:00:16,-0.000278472900390958
2019-04-04 10:00:17,0.4998607635498045
2019-04-04 10:00:18,0.24993038177490226
2019-04-04 10:00:19,0.12496519088745113
2019-04-04 10:00:20,0.062482595443725565
2019-04-04 10:00:21,0.031241297721862783
2019-04-04 10:00:22,0.015620648860931391
2019-04-04 10:00:23,0.007810324430465696
2019-04-04 10:00:24,0.003905162215232848
2019-04-04 10:00:25,0.001952581107616424
2019-04-04 10:00:26,0.5009762905538082
2019-04-04 10:00:27,0.2504881452769041
2019-04-04 10:00:28,0.12524407263845205
2019-04-04 10:00:29,0.06262203631922603
2019-04-04 10:00:30,2.031311018159613
2019-04-04 10:00:31,1.0156555090798065
2019-04-04 10:00:32,0.5078277545399033
2019-04-04 10:00:33,0.2539138772699516
2019-04-04 10:00:34,-0.3730430613650242
2019-04-04 10:00:35,-0.1865215306825121
2019-04-04 10:00:36,-1.593260765341256
2019-04-04 10:00:37,-0.796630382670628
2019-04-04 10:00:38,-0.398315191335314
2019-04-04 10:00:39,-0.199157595667657
2019-04-04 10:00:40,-0.0995787978338285
2019-04-04 10:00:41,-0.04978939891691425
2019-04-04 10:00:42,-0.024894699458457126
2019-04-04 10:00:43,0.48755265027077144
2019-04-04 10:00:44,0.24377632513538572
2019-04-04 10:00:45,0.12188816256769286
2019-04-04 10:00:46,0.06094408128384643
2019-04-04 10:00:47,0.030472040641923215
2019-04-04 10:00:48,0.015236020320961607
2019-04-04 10:00:49,0.007618010160480804
2019-04-04 10:00:50,0.003809005080240402
2019-04-04 10:00:51,-1.4980954974598797
2019-04-04 10:00:52,-0.7490477487299398
2019-04-04 10:00:53,-0.3745238743649699
2019-04-04 10:00:54,-0.18726193718248496
2019-04-04 10:00:55,-0.09363096859124248
2019-04-04 10:00:56,-0.04681548429562124
2019-04-04 10:00:57,-0.02340774214781062
2019-04-04 10:00:58,-0.01170387107390531
2019-04-04 10:00:59,-0.005851935536952655
2019-04-04 10:01:00,-0.0029259677684763275
2019-04-04 10:01:01,-0.0014629838842381638
2019-04-04 10:01:02,-1.000731491942119
2019-04-04 10:01:03,-0.5003657459710595
2019-04-04 10:01:04,0.24981712701447023
2019-04-04 10:01:05,0.12490856350723512
2019-04-04 10:01:06,0.06245428175361756
2019-04-04 10:01:07,-0.4687728591231912
2019-04-04 10:01:08,-0.7343864295615956
2019-04-04 10:01:09,-0.3671932147807978
2019-04-04 10:01:10,-0.1835966073903989
2019-04-04 10:01:11,-0.09179830369519945
2019-04-04 10:01:12,-0.045899151847599726
2019-04-04 10:01:13,-0.022949575923799863
2019-04-04 10:01:14,-0.011474787961899931
2019-04-04 10:01:15,-0.005737393980949966
2019-04-04 10:01:16,0.497131303009525
2019-04-04 10:01:17,0.2485656515047625
2019-04-04 10:01:18,-2.375717174247619
2019-04-04 10:01:19,-1.1878585871238094
2019-04-04 10:01:20,-0.5939292935619047
2019-04-04 10:01:21,-0.29696464678095236
2019-04-04 10:01:22,-0.14848232339047618
2019-04-04 10:01:23,0.9257588383047619
2019-04-04 10:01:24,0.46287941915238096
2019-04-04 10:01:25,0.23143970957619048
2019-04-04 10:01:26,0.11571985478809524
2019-04-04 10:01:27,0.05785992739404762
2019-04-04 10:01:28,1.0289299636970237
2019-04-04 10:01:29,0.01446498184851186
2019-04-04 10:01:30,0.00723249092425593
2019-04-04 10:01:31,-0.996383754537872
2019-04-04 10:01:32,-0.498191877268936
2019-04-04 10:01:33,-0.249095938634468
2019-04-04 10:01:34,-0.124547969317234
2019-04-04 10:01:35,-0.062273984658617
2019-04-04 10:01:36,-0.0311369923293085
2019-04-04 10:01:37,-0.01556849616465425
2019-04-04 10:01:38,-0.007784248082327125
2019-04-04 10:01:39,-0.0038921240411635624
2019-04-04 10:01:40,-0.0019460620205817812
2019-04-04 10:01:41,-0.0009730310102908906
2019-04-04 10:01:42,-0.0004865155051454453
2019-04-04 10:01:43,-0.00024325775257272265
2019-04-04 10:01:44,-0.00012162887628636133
2019-04-04 10:01:45,-6.081443814318066e-05
2019-04-04 10:01:46,-3.040721907159033e-05
2019-04-04 10:01:47,-1.5203609535795166e-05
2019-04-04 10:01:48,-1.0000076018047679
2019-04-04 10:01:49,-0.5000038009023839
2019-04-04 10:01:50,-0.25000190045119197
2019-04-04 10:01:51,-0.12500095022559599
2019-04-04 10:01:52,-0.06250047511279799
2019-04-04 10:01:53,-0.031250237556398996
2019-04-04 10:01:54,-0.015625118778199498
2019-04-04 10:01:55,-0.007812559389099749
2019-04-04 10:01:56,-0.0039062796945498746
2019-04-04 10:01:57,-1.001953139847275
2019-04-04 10:01:58,-0.5009765699236375
2019-04-04 10:01:59,-0.25048828496181874
2019-04-04 10:02:00,-0.12524414248090937
2019-04-04 10:02:01,-0.06262207124045469
2019-04-04 10:02:02,-0.03131103562022734
2019-04-04 10:02:03,-0.01565551781011367
2019-04-04 10:02:04,-0.007827758905056836
2019-04-04 10:02:05,1.9960861205474716
2019-04-04 10:02:06,-0.0019569397262642063
2019-04-04 10:02:07,-0.0009784698631321032
2019-04-04 10:02:08,-0.0004892349315660516
2019-04-04 10:02:09,-0.0002446174657830258
2019-04-04 10:02:10,-0.0001223087328915129
2019-04-04 10:02:11,-6.115436644575645e-05
2019-04-04 10:02:12,-3.0577183222878224e-05
2019-04-04 10:02:13,-1.5288591611439112e-05
2019-04-04 10:02:14,-7.644295805719556e-06
2019-04-04 10:02:15,-3.822147902859778e-06
2019-04-04 10:02:16,-1.911073951429889e-06
2019-04-04 10:02:17,-9.555369757149445e-07
2019-04-04 10:02:18,-4.777684878574722e-07
2019-04-04 10:02:19,-2.388842439287361e-07
2019-04-04 10:02:20,-1.1944212196436806e-07
2019-04-04 10:02:21,-5.972106098218403e-08
2019-04-04 10:02:22,-2.9860530491092015e-08
2019-04-04 10:02:23,-1.4930265245546008e-08
2019-04-04 10:02:24,-0.5000000074651326
2019-04-04 10:02:25,-0.2500000037325663
2019-04-04 10:02:26,-0.12500000186628316
2019-04-04 10:02:27,0.43749999906685844
2019-04-04 10:02:28,0.21874999953342922
2019-04-04 10:02:29,0.10937499976671461
2019-04-04 10:02:30,0.054687499883357304
2019-04-04 10:02:31,0.027343749941678652
2019-04-04 10:02:32,0.013671874970839326
2019-04-04 10:02:33,0.006835937485419663
2019-04-04 10:02:34,0.0034179687427098315
2019-04-04 10:02:35,0.0017089843713549158
2019-04-04 10:02:36,8.500854492185677
2019-04-04 10:02:37,5.250427246092839
2019-04-04 10:02:38,2.6252136230464194
2019-04-04 10:02:39,1.3126068115232097
2019-04-04 10:02:40,1.1563034057616048
2019-04-04 10:02:41,2.5781517028808025
2019-04-04 10:02:42,1.2890758514404013
2019-04-04 10:02:43,1.6445379257202006
2019-04-04 10:02:44,0.8222689628601003
2019-04-04 10:02:45,0.41113448143005016
2019-04-04 10:02:46,0.20556724071502508
2019-04-04 10:02:47,0.10278362035751254
2019-04-04 10:02:48,0.05139181017875627
2019-04-04 10:02:49,1.5256959050893781
2019-04-04 10:02:50,0.7628479525446891
2019-04-04 10:02:51,0.38142397627234453
2019-04-04 10:02:52,0.19071198813617227
2019-04-04 10:02:53,0.09535599406808613
2019-04-04 10:02:54,0.04767799703404307
2019-04-04 10:02:55,0.023838998517021533
2019-04-04 10:02:56,8.01191949925851
2019-04-04 10:02:57,7.005959749629255
2019-04-04 10:02:58,4.002979874814628
2019-04-04 10:02:59,2.001489937407314
2019-04-04 10:03:00,1.000744968703657
2019-04-04 10:03:01,-6.4996275156481715
2019-04-04 10:03:02,-5.249813757824086
2019-04-04 10:03:03,-2.624906878912043
2019-04-04 10:03:04,-1.3124534394560214
2019-04-04 10:03:05,-1.6562267197280107
2019-04-04 10:03:06,-0.8281133598640054
2019-04-04 10:03:07,-0.4140566799320027
2019-04-04 10:03:08,-0.20702833996600134
2019-04-04 10:03:09,-0.10351416998300067
2019-04-04 10:03:10,-0.051757084991500335
2019-04-04 10:03:11,-0.025878542495750168
2019-04-04 10:03:12,-0.012939271247875084
2019-04-04 10:03:13,-0.006469635623937542
2019-04-04 10:03:14,0.49676518218803123
2019-04-04 10:03:15,0.24838259109401561
2019-04-04 10:03:16,0.12419129554700781
2019-04-04 10:03:17,0.062095647773503904
2019-04-04 10:03:18,0.031047823886751952
2019-04-04 10:03:19,0.015523911943375976
2019-04-04 10:03:20,1.007761955971688
2019-04-04 10:03:21,0.503880977985844
2019-04-04 10:03:22,0.251940488992922
2019-04-04 10:03:23,0.125970244496461
2019-04-04 10:03:24,0.0629851222482305
2019-04-04 10:03:25,0.03149256112411525
2019-04-04 10:03:26,0.015746280562057624
2019-04-04 10:03:27,0.007873140281028812
2019-04-04 10:03:28,0.003936570140514406
2019-04-04 10:03:29,0.001968285070257203
2019-04-04 10:03:30,0.0009841425351286015
2019-04-04 10:03:31,0.0004920712675643008
2019-04-04 10:03:32,0.0002460356337821504
2019-04-04 10:03:33,0.0001230178168910752
2019-04-04 10:03:34,6.15089084455376e-05
2019-04-04 10:03:35,3.07544542227688e-05
2019-04-04 10:03:36,1.53772271113844e-05
2019-04-04 10:03:37,7.6886135556922e-06
2019-04-04 10:03:38,3.8443067778461e-06
2019-04-04 10:03:39,1.92215338892305e-06
2019-04-04 10:03:40,9.61076694461525e-07
2019-04-04 10:03:41,4.805383472307625e-07
2019-04-04 10:03:42,2.402691736153812e-07
2019-04-04 10:03:43,1.201345868076906e-07
2019-04-04 10:03:44,6.00672934038453e-08
2019-04-04 10:03:45,0.5000000300336467
2019-04-04 10:03:46,0.25000001501682334
2019-04-04 10:03:47,0.12500000750841167
2019-04-04 10:03:48,0.06250000375420584
2019-04-04 10:03:49,0.03125000187710292
2019-04-04 10:03:50,0.01562500093855146
2019-04-04 10:03:51,0.00781250046927573
2019-04-04 10:03:52,0.003906250234637865
2019-04-04 10:03:53,0.0019531251173189323
2019-04-04 10:03:54,0.0009765625586594662
2019-04-04 10:03:55,2.00048828127933
2019-04-04 10:03:56,1.000244140639665
2019-04-04 10:03:57,0.5001220703198325
2019-04-04 10:03:58,0.25006103515991623
2019-04-04 10:03:59,0.12503051757995812
2019-04-04 10:04:00,0.06251525878997906
2019-04-04 10:04:01,0.03125762939498953
2019-04-04 10:04:02,-1.9843711853025052
2019-04-04 10:04:03,-0.9921855926512526
2019-04-04 10:04:04,-0.4960927963256263
2019-04-04 10:04:05,-0.24804639816281315
2019-04-04 10:04:06,-0.12402319908140658
2019-04-04 10:04:07,-0.06201159954070329
2019-04-04 10:04:08,-0.031005799770351644
2019-04-04 10:04:09,-0.015502899885175822
2019-04-04 10:04:10,-0.007751449942587911
2019-04-04 10:04:11,-0.0038757249712939555
2019-04-04 10:04:12,-0.0019378624856469778
2019-04-04 10:04:13,-0.0009689312428234889
2019-04-04 10:04:14,-0.00048446562141174444
2019-04-04 10:04:15,-0.00024223281070587222
2019-04-04 10:04:16,-0.00012111640535293611
2019-04-04 10:04:17,-6.0558202676468055e-05
2019-04-04 10:04:18,-3.0279101338234027e-05
2019-04-04 10:04:19,-1.5139550669117014e-05
2019-04-04 10:04:20,-7.569775334558507e-06
2019-04-04 10:04:21,-3.7848876672792534e-06
2019-04-04 10:04:22,-1.8924438336396267e-06
2019-04-04 10:04:23,-9.462219168198134e-07
2019-04-04 10:04:24,-4.731109584099067e-07
2019-04-04 10:04:25,-2.3655547920495334e-07
2019-04-04 10:04:26,-1.1827773960247667e-07
2019-04-04 10:04:27,-5.9138869801238335e-08
2019-04-04 10:04:28,-2.9569434900619167e-08
2019-04-04 10:04:29,-1.4784717450309584e-08
2019-04-04 10:04:30,-7.392358725154792e-09
2019-04-04 10:04:31,-1.5000000036961794
2019-04-04 10:04:32,-0.7500000018480897
2019-04-04 10:04:33,-0.37500000092404484
2019-04-04 10:04:34,-0.6875000004620224
2019-04-04 10:04:35,-0.3437500002310112
2019-04-04 10:04:36,-0.1718750001155056
2019-04-04 10:04:37,-0.0859375000577528
2019-04-04 10:04:38,-1.5429687500288765
2019-04-04 10:04:39,-0.7714843750144382
2019-04-04 10:04:40,-0.3857421875072191
2019-04-04 10:04:41,0.8071289062463904
2019-04-04 10:04:42,0.4035644531231952
2019-04-04 10:04:43,0.2017822265615976
2019-04-04 10:04:44,0.1008911132807988
2019-04-04 10:04:45,0.0504455566403994
2019-04-04 10:04:46,-1.4747772216798003
2019-04-04 10:04:47,-0.7373886108399001
2019-04-04 10:04:48,-0.3686943054199501
2019-04-04 10:04:49,-0.18434715270997504
2019-04-04 10:04:50,-0.09217357635498752
2019-04-04 10:04:51,-0.04608678817749376
2019-04-04 10:04:52,-0.02304339408874688
2019-04-04 10:04:53,-0.01152169704437344
2019-04-04 10:04:54,-0.00576084852218672
2019-04-04 10:04:55,-0.00288042426109336
2019-04-04 10:04:56,-0.00144021213054668
2019-04-04 10:04:57,-0.00072010606527334
2019-04-04 10:04:58,-0.00036005303263667
2019-04-04 10:04:59,-0.000180026516318335
2019-04-04 10:05:00,-9.00132581591675e-05
2019-04-04 10:05:01,-4.500662907958375e-05
2019-04-04 10:05:02,-2.2503314539791875e-05
2019-04-04 10:05:03,-1.1251657269895937e-05
2019-04-04 10:05:04,-5.625828634947969e-06
2019-04-04 10:05:05,-2.8129143174739843e-06
2019-04-04 10:05:06,-1.4064571587369922e-06
2019-04-04 10:05:07,-7.032285793684961e-07
2019-04-04 10:05:08,-3.5161428968424804e-07
2019-04-04 10:05:09,-1.7580714484212402e-07
2019-04-04 10:05:10,-8.790357242106201e-08
2019-04-04 10:05:11,-4.3951786210531005e-08
2019-04-04 10:05:12,-2.1975893105265503e-08
2019-04-04 10:05:13,-1.0987946552632751e-08
2019-04-04 10:05:14,-5.493973276316376e-09
2019-04-04 10:05:15,-2.746986638158188e-09
2019-04-04 10:05:16,-1.373493319079094e-09
2019-04-04 10:05:17,-6.86746659539547e-10
2019-04-04 10:05:18,-3.433733297697735e-10
2019-04-04 10:05:19,-1.7168666488488674e-10
2019-04-04 10:05:20,-8.584333244244337e-11
2019-04-04 10:05:21,-4.2921666221221685e-11
2019-04-04 10:05:22,-2.1460833110610842e-11
2019-04-04 10:05:23,-1.0000000000107305
2019-04-04 10:05:24,-0.5000000000053653
2019-04-04 10:05:25,-0.25000000000268263
2019-04-04 10:05:26,-0.12500000000134132
2019-04-04 10:05:27,-0.06250000000067066
2019-04-04 10:05:28,-0.03125000000033533
2019-04-04 10:05:29,-0.015625000000167664
2019-04-04 10:05:30,-0.007812500000083832
2019-04-04 10:05:31,-0.003906250000041916
2019-04-04 10:05:32,-0.001953125000020958
2019-04-04 10:05:33,-0.000976562500010479
2019-04-04 10:05:34,-0.0004882812500052395
2019-04-04 10:05:35,-0.00024414062500261976
2019-04-04 10:05:36,0.49987792968749867
2019-04-04 10:05:37,0.24993896484374933
2019-04-04 10:05:38,0.12496948242187467
2019-04-04 10:05:39,0.06248474121093733
2019-04-04 10:05:40,0.031242370605468667
2019-04-04 10:05:41,0.015621185302734333
2019-04-04 10:05:42,0.007810592651367167
2019-04-04 10:05:43,0.0039052963256835833
2019-04-04 10:05:44,0.0019526481628417917
2019-04-04 10:05:45,0.0009763240814208958
2019-04-04 10:05:46,0.0004881620407104479
2019-04-04 10:05:47,0.00024408102035522396
2019-04-04 10:05:48,0.00012204051017761198
2019-04-04 10:05:49,6.102025508880599e-05
2019-04-04 10:05:50,3.0510127544402995e-05
2019-04-04 10:05:51,1.5255063772201497e-05
2019-04-04 10:05:52,7.627531886100749e-06
2019-04-04 10:05:53,3.8137659430503744e-06
2019-04-04 10:05:54,1.9068829715251872e-06
2019-04-04 10:05:55,-1.9999990465585142
2019-04-04 10:05:56,-0.9999995232792571
2019-04-04 10:05:57,-0.9999997616396286
2019-04-04 10:05:58,-0.4999998808198143
2019-04-04 10:05:59,-0.7499999404099071
2019-04-04 10:06:00,-0.37499997020495357
2019-04-04 10:06:01,-2.687499985102477
2019-04-04 10:06:02,-0.8437499925512384
2019-04-04 10:06:03,1.5781250037243808
2019-04-04 10:06:04,0.7890625018621904
2019-04-04 10:06:05,0.3945312509310952
2019-04-04 10:06:06,0.1972656254655476
2019-04-04 10:06:07,0.0986328127327738
2019-04-04 10:06:08,0.0493164063663869
2019-04-04 10:06:09,0.02465820318319345
2019-04-04 10:06:10,0.012329101591596725
2019-04-04 10:06:11,0.0061645507957983625
2019-04-04 10:06:12,0.0030822753978991813
2019-04-04 10:06:13,-0.4984588623010504
2019-04-04 10:06:14,-0.2492294311505252
2019-04-04 10:06:15,-0.1246147155752626
2019-04-04 10:06:16,-0.0623073577876313
2019-04-04 10:06:17,-0.03115367889381565
2019-04-04 10:06:18,-0.015576839446907825
2019-04-04 10:06:19,-0.007788419723453913
2019-04-04 10:06:20,-0.0038942098617269563
2019-04-04 10:06:21,0.4980528950691365
2019-04-04 10:06:22,0.24902644753456826
2019-04-04 10:06:23,0.12451322376728413
2019-04-04 10:06:24,0.062256611883642066
2019-04-04 10:06:25,0.031128305941821033
2019-04-04 10:06:26,0.015564152970910516
2019-04-04 10:06:27,0.5077820764854553
2019-04-04 10:06:28,0.25389103824272763
2019-04-04 10:06:29,1.1269455191213638
2019-04-04 10:06:30,0.5634727595606819
2019-04-04 10:06:31,-0.21826362021965906
2019-04-04 10:06:32,-0.10913181010982953
2019-04-04 10:06:33,-0.054565905054914765
2019-04-04 10:06:34,-0.027282952527457383
2019-04-04 10:06:35,-0.5136414762637287
2019-04-04 10:06:36,-0.25682073813186435
2019-04-04 10:06:37,-0.12841036906593217
2019-04-04 10:06:38,-0.06420518453296609
2019-04-04 10:06:39,-0.03210259226648304
2019-04-04 10:06:40,-0.01605129613324152
2019-04-04 10:06:41,-0.00802564806662076
2019-04-04 10:06:42,-0.00401282403331038
2019-04-04 10:06:43,-0.00200641201665519
2019-04-04 10:06:44,-0.001003206008327595
2019-04-04 10:06:45,-0.0005016030041637976
2019-04-04 10:06:46,-0.0002508015020818988
2019-04-04 10:06:47,-0.0001254007510409494
2019-04-04 10:06:48,-6.27003755204747e-05
2019-04-04 10:06:49,-3.135018776023735e-05
2019-04-04 10:06:50,-1.5675093880118673e-05
2019-04-04 10:06:51,-7.837546940059337e-06
2019-04-04 10:06:52,0.49999608122652994
2019-04-04 10:06:53,0.24999804061326497
2019-04-04 10:06:54,0.12499902030663249
2019-04-04 10:06:55,2.5624995101533163
2019-04-04 10:06:56,1.2812497550766582
2019-04-04 10:06:57,0.6406248775383291
2019-04-04 10:06:58,0.32031243876916454
2019-04-04 10:06:59,0.16015621938458227
2019-04-04 10:07:00,0.08007810969229114
2019-04-04 10:07:01,0.04003905484614557
2019-04-04 10:07:02,0.020019527423072784
2019-04-04 10:07:03,0.010009763711536392
2019-04-04 10:07:04,0.005004881855768196
2019-04-04 10:07:05,0.002502440927884098
2019-04-04 10:07:06,0.001251220463942049
2019-04-04 10:07:07,0.0006256102319710245
2019-04-04 10:07:08,0.00031280511598551225
2019-04-04 10:07:09,0.00015640255799275612
2019-04-04 10:07:10,7.820127899637806e-05
2019-04-04 10:07:11,3.910063949818903e-05
2019-04-04 10:07:12,1.9550319749094516e-05
2019-04-04 10:07:13,9.775159874547258e-06
2019-04-04 10:07:14,4.887579937273629e-06
2019-04-04 10:07:15,2.4437899686368144e-06
2019-04-04 10:07:16,1.2218949843184072e-06
2019-04-04 10:07:17,6.109474921592036e-07
2019-04-04 10:07:18,3.054737460796018e-07
2019-04-04 10:07:19,1.527368730398009e-07
2019-04-04 10:07:20,7.636843651990045e-08
2019-04-04 10:07:21,3.8184218259950226e-08
2019-04-04 10:07:22,0.5000000190921091
2019-04-04 10:07:23,0.25000000954605456
2019-04-04 10:07:24,0.12500000477302728
2019-04-04 10:07:25,0.06250000238651364
2019-04-04 10:07:26,0.03125000119325682
2019-04-04 10:07:27,0.01562500059662841
2019-04-04 10:07:28,0.007812500298314205
2019-04-04 10:07:29,0.0039062501491571025
2019-04-04 10:07:30,0.0019531250745785512
2019-04-04 10:07:31,0.0009765625372892756
2019-04-04 10:07:32,0.0004882812686446378
2019-04-04 10:07:33,0.0002441406343223189
2019-04-04 10:07:34,0.00012207031716115945
2019-04-04 10:07:35,6.103515858057973e-05
2019-04-04 10:07:36,3.051757929028986e-05
2019-04-04 10:07:37,1.525878964514493e-05
2019-04-04 10:07:38,7.629394822572466e-06
2019-04-04 10:07:39,3.814697411286233e-06
2019-04-04 10:07:40,1.9073487056431164e-06
2019-04-04 10:07:41,9.536743528215582e-07
2019-04-04 10:07:42,4.768371764107791e-07
2019-04-04 10:07:43,2.3841858820538955e-07
2019-04-04 10:07:44,1.1920929410269478e-07
2019-04-04 10:07:45,5.960464705134739e-08
2019-04-04 10:07:46,2.9802323525673694e-08
2019-04-04 10:07:47,1.4901161762836847e-08
2019-04-04 10:07:48,7.450580881418424e-09
2019-04-04 10:07:49,3.725290440709212e-09
2019-04-04 10:07:50,1.862645220354606e-09
2019-04-04 10:07:51,9.31322610177303e-10
2019-04-04 10:07:52,1.0000000004656613
2019-04-04 10:07:53,0.5000000002328306
2019-04-04 10:07:54,0.2500000001164153
2019-04-04 10:07:55,0.12500000005820766
2019-04-04 10:07:56,0.06250000002910383
2019-04-04 10:07:57,0.031250000014551915
2019-04-04 10:07:58,0.015625000007275958
2019-04-04 10:07:59,0.007812500003637979
2019-04-04 10:08:00,0.503906250001819
2019-04-04 10:08:01,0.2519531250009095
2019-04-04 10:08:02,0.12597656250045475
2019-04-04 10:08:03,-1.4370117187497726
2019-04-04 10:08:04,-0.7185058593748863
2019-04-04 10:08:05,-0.35925292968744316
2019-04-04 10:08:06,-0.17962646484372158
2019-04-04 10:08:07,-0.08981323242186079
2019-04-04 10:08:08,-0.044906616210930395
2019-04-04 10:08:09,-0.022453308105465197
2019-04-04 10:08:10,-0.011226654052732599
2019-04-04 10:08:11,-0.005613327026366299
2019-04-04 10:08:12,-0.0028066635131831497
2019-04-04 10:08:13,-0.0014033317565915748
2019-04-04 10:08:14,0.4992983341217042
2019-04-04 10:08:15,0.2496491670608521
2019-04-04 10:08:16,0.12482458353042605
2019-04-04 10:08:17,0.06241229176521303
2019-04-04 10:08:18,0.031206145882606513
2019-04-04 10:08:19,0.015603072941303257
2019-04-04 10:08:20,0.007801536470651628
2019-04-04 10:08:21,0.003900768235325814
2019-04-04 10:08:22,0.001950384117662907
2019-04-04 10:08:23,0.0009751920588314535
2019-04-04 10:08:24,0.00048759602941572677
2019-04-04 10:08:25,0.00024379801470786339
2019-04-04 10:08:26,0.00012189900735393169
2019-04-04 10:08:27,0.500060949503677
2019-04-04 10:08:28,-0.24996952524816152
2019-04-04 10:08:29,-0.12498476262408076
2019-04-04 10:08:30,-0.06249238131204038
2019-04-04 10:08:31,-0.03124619065602019
2019-04-04 10:08:32,-3.51562309532801
2019-04-04 10:08:33,-1.757811547664005
2019-04-04 10:08:34,-0.8789057738320025
2019-04-04 10:08:35,-0.43945288691600126
2019-04-04 10:08:36,-1.7197264434580006
2019-04-04 10:08:37,-0.8598632217290003
2019-04-04 10:08:38,-0.42993161086450016
2019-04-04 10:08:39,-0.21496580543225008
2019-04-04 10:08:40,-0.10748290271612504
2019-04-04 10:08:41,-0.05374145135806252
2019-04-04 10:08:42,-0.02687072567903126
2019-04-04 10:08:43,-0.01343536283951563
2019-04-04 10:08:44,-0.006717681419757815
2019-04-04 10:08:45,-0.0033588407098789075
2019-04-04 10:08:46,-0.0016794203549394537
2019-04-04 10:08:47,-0.0008397101774697269
2019-04-04 10:08:48,-0.00041985508873486344
2019-04-04 10:08:49,-0.00020992754436743172
2019-04-04 10:08:50,-0.00010496377218371586
2019-04-04 10:08:51,-5.248188609185793e-05
2019-04-04 10:08:52,-2.6240943045928965e-05
2019-04-04 10:08:53,-1.3120471522964482e-05
2019-04-04 10:08:54,-6.560235761482241e-06
2019-04-04 10:08:55,-3.2801178807411206e-06
2019-04-04 10:08:56,-1.6400589403705603e-06
2019-04-04 10:08:57,-8.200294701852801e-07
2019-04-04 10:08:58,-4.1001473509264007e-07
2019-04-04 10:08:59,-2.0500736754632004e-07
2019-04-04 10:09:00,-1.0250368377316002e-07
2019-04-04 10:09:01,-5.125184188658001e-08
2019-04-04 10:09:02,-2.5625920943290005e-08
2019-04-04 10:09:03,1.4999999871870395
2019-04-04 10:09:04,0.7499999935935198
2019-04-04 10:09:05,0.3749999967967599
2019-04-04 10:09:06,0.18749999839837994
2019-04-04 10:09:07,0.09374999919918997
2019-04-04 10:09:08,0.046874999599594985
2019-04-04 10:09:09,0.023437499799797493
2019-04-04 10:09:10,2.5117187498998987
2019-04-04 10:09:11,1.2558593749499494
2019-04-04 10:09:12,0.6279296874749747
2019-04-04 10:09:13,0.31396484373748734
2019-04-04 10:09:14,0.15698242186874367
2019-04-04 10:09:15,0.07849121093437184
2019-04-04 10:09:16,0.03924560546718592
2019-04-04 10:09:17,0.519622802733593
2019-04-04 10:09:18,0.2598114013667965
2019-04-04 10:09:19,0.12990570068339824
2019-04-04 10:09:20,0.06495285034169912
2019-04-04 10:09:21,0.03247642517084956
2019-04-04 10:09:22,0.01623821258542478
2019-04-04 10:09:23,0.00811910629271239
2019-04-04 10:09:24,0.004059553146356195
2019-04-04 10:09:25,0.0020297765731780975
2019-04-04 10:09:26,0.0010148882865890487
2019-04-04 10:09:27,0.0005074441432945244
2019-04-04 10:09:28,0.0002537220716472622
2019-04-04 10:09:29,0.0001268610358236311
2019-04-04 10:09:30,-0.4999365694820882
2019-04-04 10:09:31,-0.2499682847410441
2019-04-04 10:09:32,-0.12498414237052205
2019-04-04 10:09:33,-0.062492071185261025
2019-04-04 10:09:34,-0.031246035592630513
2019-04-04 10:09:35,-0.015623017796315256
2019-04-04 10:09:36,-0.007811508898157628
2019-04-04 10:09:37,-0.003905754449078814
2019-04-04 10:09:38,-0.001952877224539407
2019-04-04 10:09:39,-0.0009764386122697035
2019-04-04 10:09:40,-0.00048821930613485176
2019-04-04 10:09:41,-0.00024410965306742588
2019-04-04 10:09:42,-0.00012205482653371294
2019-04-04 10:09:43,-6.102741326685647e-05
2019-04-04 10:09:44,-3.0513706633428235e-05
2019-04-04 10:09:45,-1.5256853316714117e-05
2019-04-04 10:09:46,-7.628426658357059e-06
2019-04-04 10:09:47,-3.8142133291785294e-06
2019-04-04 10:09:48,-1.9071066645892647e-06
2019-04-04 10:09:49,-9.535533322946323e-07
2019-04-04 10:09:50,-4.7677666614731617e-07
2019-04-04 10:09:51,-2.3838833307365808e-07
2019-04-04 10:09:52,-1.1919416653682904e-07
2019-04-04 10:09:53,-5.959708326841452e-08
2019-04-04 10:09:54,-2.979854163420726e-08
2019-04-04 10:09:55,-1.489927081710363e-08
2019-04-04 10:09:56,-7.449635408551815e-09
2019-04-04 10:09:57,-3.7248177042759076e-09
2019-04-04 10:09:58,-1.8624088521379538e-09
2019-04-04 10:09:59,-9.312044260689769e-10
2019-04-04 10:10:00,-4.6560221303448845e-10
2019-04-04 10:10:01,-2.3280110651724422e-10
2019-04-04 10:10:02,-1.1640055325862211e-10
2019-04-04 10:10:03,-5.8200276629311056e-11
2019-04-04 10:10:04,-2.9100138314655528e-11
2019-04-04 10:10:05,-1.4550069157327764e-11
2019-04-04 10:10:06,-7.275034578663882e-12
2019-04-04 10:10:07,-3.637517289331941e-12
2019-04-04 10:10:08,-1.8187586446659705e-12
2019-04-04 10:10:09,-9.093793223329852e-13
2019-04-04 10:10:10,-4.546896611664926e-13
2019-04-04 10:10:11,-2.273448305832463e-13
2019-04-04 10:10:12,-1.1367241529162316e-13
2019-04-04 10:10:13,-5.683620764581158e-14
2019-04-04 10:10:14,-2.841810382290579e-14
2019-04-04 10:10:15,-1.4209051911452895e-14
2019-04-04 10:10:16,-7.104525955726447e-15
2019-04-04 10:10:17,-3.5522629778632236e-15
2019-04-04 10:10:18,-1.7761314889316118e-15
2019-04-04 10:10:19,-3.000000000000001
2019-04-04 10:10:20,-1.5000000000000004
2019-04-04 10:10:21,-0.7500000000000002
2019-04-04 10:10:22,-0.3750000000000001
2019-04-04 10:10:23,-0.18750000000000006
2019-04-04 10:10:24,-1.59375
2019-04-04 10:10:25,-0.796875
2019-04-04 10:10:26,-0.3984375
2019-04-04 10:10:27,-0.19921875
2019-04-04 10:10:28,0.900390625
2019-04-04 10:10:29,0.4501953125
2019-04-04 10:10:30,0.22509765625
2019-04-04 10:10:31,0.112548828125
2019-04-04 10:10:32,0.0562744140625
2019-04-04 10:10:33,0.02813720703125
2019-04-04 10:10:34,0.014068603515625
2019-04-04 10:10:35,0.0070343017578125
2019-04-04 10:10:36,0.00351715087890625
2019-04-04 10:10:37,0.001758575439453125
2019-04-04 10:10:38,0.0008792877197265625
2019-04-04 10:10:39,0.00043964385986328125
2019-04-04 10:10:40,0.00021982192993164062
2019-04-04 10:10:41,0.00010991096496582031
2019-04-04 10:10:42,5.4955482482910156e-05
2019-04-04 10:10:43,2.7477741241455078e-05
2019-04-04 10:10:44,1.0000137388706207
2019-04-04 10:10:45,0.5000068694353104
2019-04-04 10:10:46,0.2500034347176552
2019-04-04 10:10:47,0.1250017173588276
2019-04-04 10:10:48,0.0625008586794138
2019-04-04 10:10:49,0.0312504293397069
2019-04-04 10:10:50,0.01562521466985345
2019-04-04 10:10:51,0.007812607334926724
2019-04-04 10:10:52,-0.49609369633253664
2019-04-04 10:10:53,-0.24804684816626832
2019-04-04 10:10:54,-0.12402342408313416
2019-04-04 10:10:55,0.4379882879584329
2019-04-04 10:10:56,0.21899414397921646
2019-04-04 10:10:57,0.10949707198960823
2019-04-04 10:10:58,0.054748535994804115
2019-04-04 10:10:59,0.027374267997402058
2019-04-04 10:11:00,0.013687133998701029
2019-04-04 10:11:01,0.006843566999350514
2019-04-04 10:11:02,0.003421783499675257
2019-04-04 10:11:03,0.5017108917498376
2019-04-04 10:11:04,0.2508554458749188
2019-04-04 10:11:05,0.1254277229374594
2019-04-04 10:11:06,0.0627138614687297
2019-04-04 10:11:07,0.03135693073436485
2019-04-04 10:11:08,4.015678465367182
2019-04-04 10:11:09,2.007839232683591
2019-04-04 10:11:10,1.0039196163417956
2019-04-04 10:11:11,0.5019598081708978
2019-04-04 10:11:12,0.2509799040854489
2019-04-04 10:11:13,0.12548995204272445
2019-04-04 10:11:14,0.06274497602136223
2019-04-04 10:11:15,0.03137248801068111
2019-04-04 10:11:16,0.015686244005340556
2019-04-04 10:11:17,3.0078431220026705
2019-04-04 10:11:18,1.5039215610013352
2019-04-04 10:11:19,0.7519607805006676
2019-04-04 10:11:20,0.8759803902503338
2019-04-04 10:11:21,0.4379901951251669
2019-04-04 10:11:22,0.7189950975625834
2019-04-04 10:11:23,0.3594975487812917
2019-04-04 10:11:24,0.17974877439064585
2019-04-04 10:11:25,0.08987438719532292
2019-04-04 10:11:26,0.04493719359766146
2019-04-04 10:11:27,0.5224685967988307
2019-04-04 10:11:28,0.26123429839941537
2019-04-04 10:11:29,0.13061714919970768
2019-04-04 10:11:30,0.06530857459985384
2019-04-04 10:11:31,0.03265428729992692
2019-04-04 10:11:32,0.01632714364996346
2019-04-04 10:11:33,0.00816357182498173
2019-04-04 10:11:34,0.004081785912490865
2019-04-04 10:11:35,0.0020408929562454325
2019-04-04 10:11:36,0.0010204464781227163
2019-04-04 10:11:37,0.0005102232390613581
2019-04-04 10:11:38,-1.4997448883804694
2019-04-04 10:11:39,-0.7498724441902347
2019-04-04 10:11:40,-0.37493622209511734
2019-04-04 10:11:41,-0.18746811104755867
2019-04-04 10:11:42,-0.09373405552377934
2019-04-04 10:11:43,-0.04686702776188967
2019-04-04 10:11:44,-0.023433513880944834
2019-04-04 10:11:45,-1.5117167569404724
2019-04-04 10:11:46,-0.7558583784702362
2019-04-04 10:11:47,-0.3779291892351181
2019-04-04 10:11:48,-0.18896459461755905
2019-04-04 10:11:49,-0.09448229730877952
2019-04-04 10:11:50,-0.04724114865438976
2019-04-04 10:11:51,-0.02362057432719488
2019-04-04 10:11:52,-0.01181028716359744
2019-04-04 10:11:53,-0.00590514358179872
2019-04-04 10:11:54,-0.00295257179089936
2019-04-04 10:11:55,-0.00147628589544968
2019-04-04 10:11:56,4.499261857052275
2019-04-04 10:11:57,3.2496309285261376
2019-04-04 10:11:58,1.6248154642630688
2019-04-04 10:11:59,0.8124077321315344
2019-04-04 10:12:00,1.4062038660657672
2019-04-04 10:12:01,0.7031019330328836
2019-04-04 10:12:02,0.3515509665164418
2019-04-04 10:12:03,0.1757754832582209
2019-04-04 10:12:04,0.08788774162911045
2019-04-04 10:12:05,0.043943870814555225
2019-04-04 10:12:06,0.021971935407277612
2019-04-04 10:12:07,0.010985967703638806
2019-04-04 10:12:08,0.005492983851819403
2019-04-04 10:12:09,0.0027464919259097016
2019-04-04 10:12:10,0.0013732459629548508
2019-04-04 10:12:11,0.0006866229814774254
2019-04-04 10:12:12,0.0003433114907387127
2019-04-04 10:12:13,0.00017165574536935635
2019-04-04 10:12:14,8.582787268467817e-05
2019-04-04 10:12:15,4.291393634233909e-05
2019-04-04 10:12:16,2.1456968171169543e-05
2019-04-04 10:12:17,1.0728484085584772e-05
2019-04-04 10:12:18,5.364242042792386e-06
2019-04-04 10:12:19,2.682121021396193e-06
2019-04-04 10:12:20,1.3410605106980965e-06
2019-04-04 10:12:21,-1.4999993294697447
2019-04-04 10:12:22,-0.7499996647348723
2019-04-04 10:12:23,-0.37499983236743617
2019-04-04 10:12:24,-0.18749991618371808
2019-04-04 10:12:25,-0.09374995809185904
2019-04-04 10:12:26,-0.04687497904592952
2019-04-04 10:12:27,-0.02343748952296476
2019-04-04 10:12:28,-0.01171874476148238
2019-04-04 10:12:29,-0.00585937238074119
2019-04-04 10:12:30,-0.002929686190370595
2019-04-04 10:12:31,-0.5014648430951854
2019-04-04 10:12:32,-0.2507324215475927
2019-04-04 10:12:33,-0.12536621077379634
2019-04-04 10:12:34,-0.06268310538689817
2019-04-04 10:12:35,-0.031341552693449085
2019-04-04 10:12:36,-0.015670776346724542
2019-04-04 10:12:37,-0.007835388173362271
2019-04-04 10:12:38,0.49608230591331887
2019-04-04 10:12:39,0.24804115295665943
2019-04-04 10:12:40,0.12402057647832972
2019-04-04 10:12:41,0.06201028823916486
2019-04-04 10:12:42,0.03100514411958243
2019-04-04 10:12:43,0.015502572059791215
2019-04-04 10:12:44,0.007751286029895607
2019-04-04 10:12:45,0.0038756430149478036
2019-04-04 10:12:46,-2.498062178492526
2019-04-04 10:12:47,-1.249031089246263
2019-04-04 10:12:48,-0.6245155446231315
2019-04-04 10:12:49,-0.31225777231156576
2019-04-04 10:12:50,-0.15612888615578288
2019-04-04 10:12:51,-0.07806444307789144
2019-04-04 10:12:52,-0.03903222153894572
2019-04-04 10:12:53,0.48048388923052715
2019-04-04 10:12:54,0.7402419446152636
2019-04-04 10:12:55,0.3701209723076318
2019-04-04 10:12:56,0.1850604861538159
2019-04-04 10:12:57,2.092530243076908
2019-04-04 10:12:58,1.046265121538454
2019-04-04 10:12:59,0.523132560769227
2019-04-04 10:13:00,0.2615662803846135
2019-04-04 10:13:01,0.13078314019230675
2019-04-04 10:13:02,0.06539157009615337
2019-04-04 10:13:03,0.032695785048076687
2019-04-04 10:13:04,0.016347892524038343
2019-04-04 10:13:05,0.008173946262019172
2019-04-04 10:13:06,0.004086973131009586
2019-04-04 10:13:07,0.002043486565504793
2019-04-04 10:13:08,0.0010217432827523965
2019-04-04 10:13:09,-0.4994891283586238
2019-04-04 10:13:10,-0.2497445641793119
2019-04-04 10:13:11,-0.12487228208965595
2019-04-04 10:13:12,-0.062436141044827975
2019-04-04 10:13:13,-0.031218070522413988
2019-04-04 10:13:14,-0.015609035261206994
2019-04-04 10:13:15,-0.007804517630603497
2019-04-04 10:13:16,-0.0039022588153017485
2019-04-04 10:13:17,0.49804887059234915
2019-04-04 10:13:18,0.24902443529617457
2019-04-04 10:13:19,0.12451221764808729
2019-04-04 10:13:20,0.06225610882404364
2019-04-04 10:13:21,0.03112805441202182
2019-04-04 10:13:22,0.01556402720601091
2019-04-04 10:13:23,0.007782013603005455
2019-04-04 10:13:24,0.0038910068015027277
2019-04-04 10:13:25,0.0019455034007513639
2019-04-04 10:13:26,0.0009727517003756819
2019-04-04 10:13:27,0.00048637585018784096
2019-04-04 10:13:28,0.00024318792509392048
2019-04-04 10:13:29,0.00012159396254696024
2019-04-04 10:13:30,6.079698127348012e-05
2019-04-04 10:13:31,3.039849063674006e-05
2019-04-04 10:13:32,1.519924531837003e-05
2019-04-04 10:13:33,7.599622659185015e-06
2019-04-04 10:13:34,3.7998113295925075e-06
2019-04-04 10:13:35,1.5000018999056648
2019-04-04 10:13:36,0.7500009499528324
2019-04-04 10:13:37,0.3750004749764162
2019-04-04 10:13:38,0.1875002374882081
2019-04-04 10:13:39,0.09375011874410405
2019-04-04 10:13:40,-1.453124940627948
2019-04-04 10:13:41,-0.726562470313974
2019-04-04 10:13:42,-0.363281235156987
2019-04-04 10:13:43,-0.1816406175784935
2019-04-04 10:13:44,-0.09082030878924675
2019-04-04 10:13:45,-0.04541015439462338
2019-04-04 10:13:46,-0.02270507719731169
2019-04-04 10:13:47,-0.011352538598655844
2019-04-04 10:13:48,-0.005676269299327922
2019-04-04 10:13:49,-0.002838134649663961
2019-04-04 10:13:50,-0.0014190673248319805
2019-04-04 10:13:51,-0.0007095336624159903
2019-04-04 10:13:52,-0.00035476683120799513
2019-04-04 10:13:53,-0.00017738341560399757
2019-04-04 10:13:54,-8.869170780199878e-05
2019-04-04 10:13:55,-4.434585390099939e-05
2019-04-04 10:13:56,-2.2172926950499696e-05
2019-04-04 10:13:57,-1.1086463475249848e-05
2019-04-04 10:13:58,-5.543231737624924e-06
2019-04-04 10:13:59,-2.771615868812462e-06
2019-04-04 10:14:00,-1.385807934406231e-06
2019-04-04 10:14:01,-6.929039672031155e-07
2019-04-04 10:14:02,-1.0000003464519835
2019-04-04 10:14:03,-0.5000001732259918
2019-04-04 10:14:04,-0.2500000866129959
2019-04-04 10:14:05,-0.12500004330649794
2019-04-04 10:14:06,-0.06250002165324897
2019-04-04 10:14:07,-0.031250010826624486
2019-04-04 10:14:08,-0.015625005413312243
2019-04-04 10:14:09,-0.007812502706656121
2019-04-04 10:14:10,-0.003906251353328061
2019-04-04 10:14:11,-0.0019531256766640304
2019-04-04 10:14:12,-0.0009765628383320152
2019-04-04 10:14:13,-0.0004882814191660076
2019-04-04 10:14:14,-0.0002441407095830038
2019-04-04 10:14:15,-0.0001220703547915019
2019-04-04 10:14:16,-6.103517739575095e-05
2019-04-04 10:14:17,-3.0517588697875474e-05
2019-04-04 10:14:18,-1.5258794348937737e-05
2019-04-04 10:14:19,-7.629397174468869e-06
2019-04-04 10:14:20,0.49999618530141277
2019-04-04 10:14:21,0.24999809265070638
2019-04-04 10:14:22,0.12499904632535319
2019-04-04 10:14:23,0.062499523162676596
2019-04-04 10:14:24,0.031249761581338298
2019-04-04 10:14:25,0.015624880790669149
2019-04-04 10:14:26,0.0078124403953345745
2019-04-04 10:14:27,0.0039062201976672872
2019-04-04 10:14:28,1.5019531100988337
2019-04-04 10:14:29,0.7509765550494168
2019-04-04 10:14:30,0.3754882775247084
2019-04-04 10:14:31,0.1877441387623542
2019-04-04 10:14:32,0.0938720693811771
2019-04-04 10:14:33,0.04693603469058855
2019-04-04 10:14:34,0.023468017345294277
2019-04-04 10:14:35,0.011734008672647138
2019-04-04 10:14:36,0.005867004336323569
2019-04-04 10:14:37,0.0029335021681617846
2019-04-04 10:14:38,0.0014667510840808923
2019-04-04 10:14:39,0.0007333755420404461
2019-04-04 10:14:40,0.00036668777102022307
2019-04-04 10:14:41,0.00018334388551011154
2019-04-04 10:14:42,9.167194275505577e-05
2019-04-04 10:14:43,2.5000458359713775
2019-04-04 10:14:44,4.750022917985689
2019-04-04 10:14:45,2.3750114589928444
2019-04-04 10:14:46,1.1875057294964222
2019-04-04 10:14:47,0.5937528647482111
2019-04-04 10:14:48,0.29687643237410555
2019-04-04 10:14:49,0.14843821618705277
2019-04-04 10:14:50,0.07421910809352639
2019-04-04 10:14:51,-2.462890445953237
2019-04-04 10:14:52,-1.2314452229766184
2019-04-04 10:14:53,-0.6157226114883092
2019-04-04 10:14:54,-1.8078613057441546
2019-04-04 10:14:55,-3.403930652872077
2019-04-04 10:14:56,-1.7019653264360386
2019-04-04 10:14:57,-0.8509826632180193
2019-04-04 10:14:58,-0.42549133160900965
2019-04-04 10:14:59,-2.212745665804505
2019-04-04 10:15:00,-1.1063728329022524
2019-04-04 10:15:01,-0.5531864164511262
2019-04-04 10:15:02,-0.2765932082255631
2019-04-04 10:15:03,-0.13829660411278155
2019-04-04 10:15:04,-1.5691483020563908
2019-04-04 10:15:05,-0.7845741510281954
2019-04-04 10:15:06,-0.3922870755140977
2019-04-04 10:15:07,-0.19614353775704885
2019-04-04 10:15:08,-1.0980717688785244
2019-04-04 10:15:09,-1.0490358844392622
2019-04-04 10:15:10,-0.5245179422196311
2019-04-04 10:15:11,-0.26225897110981555
2019-04-04 10:15:12,-0.13112948555490778
2019-04-04 10:15:13,-0.06556474277745389
2019-04-04 10:15:14,-0.032782371388726944
2019-04-04 10:15:15,-1.5163911856943635
2019-04-04 10:15:16,-0.7581955928471817
2019-04-04 10:15:17,-0.37909779642359087
2019-04-04 10:15:18,-0.18954889821179544
2019-04-04 10:15:19,-0.09477444910589772
2019-04-04 10:15:20,-0.04738722455294886
2019-04-04 10:15:21,-0.02369361227647443
2019-04-04 10:15:22,-0.011846806138237215
2019-04-04 10:15:23,-0.005923403069118607
2019-04-04 10:15:24,-0.0029617015345593037
2019-04-04 10:15:25,-0.5014808507672797
2019-04-04 10:15:26,-0.25074042538363983
2019-04-04 10:15:27,-1.12537021269182
2019-04-04 10:15:28,-1.06268510634591
2019-04-04 10:15:29,-0.531342553172955
2019-04-04 10:15:30,-0.2656712765864775
2019-04-04 10:15:31,-0.13283563829323874
2019-04-04 10:15:32,-0.06641781914661937
2019-04-04 10:15:33,-0.033208909573309686
2019-04-04 10:15:34,-0.016604454786654843
2019-04-04 10:15:35,-0.008302227393327422
2019-04-04 10:15:36,-0.004151113696663711
2019-04-04 10:15:37,-0.0020755568483318554
2019-04-04 10:15:38,-0.0010377784241659277
2019-04-04 10:15:39,-0.0005188892120829638
2019-04-04 10:15:40,-0.0002594446060414819
2019-04-04 10:15:41,-0.00012972230302074096
2019-04-04 10:15:42,-6.486115151037048e-05
2019-04-04 10:15:43,-3.243057575518524e-05
2019-04-04 10:15:44,0.9999837847121225
2019-04-04 10:15:45,-8.107643938770615e-06
2019-04-04 10:15:46,0.4999959461780306
2019-04-04 10:15:47,-0.2500020269109847
2019-04-04 10:15:48,-0.12500101345549236
2019-04-04 10:15:49,-0.06250050672774618
2019-04-04 10:15:50,-0.03125025336387309
2019-04-04 10:15:51,-0.015625126681936545
2019-04-04 10:15:52,-0.007812563340968273
2019-04-04 10:15:53,-0.003906281670484136
2019-04-04 10:15:54,0.9980468591647579
2019-04-04 10:15:55,-0.0009765704176210588
2019-04-04 10:15:56,-0.0004882852088105294
2019-04-04 10:15:57,-0.0002441426044052647
2019-04-04 10:15:58,-0.00012207130220263235
2019-04-04 10:15:59,-6.103565110131617e-05
2019-04-04 10:16:00,-3.051782555065809e-05
2019-04-04 10:16:01,-1.5258912775329043e-05
2019-04-04 10:16:02,-7.629456387664522e-06
2019-04-04 10:16:03,-1.0000038147281938
2019-04-04 10:16:04,-0.5000019073640969
2019-04-04 10:16:05,0.24999904631795156
2019-04-04 10:16:06,-0.3750004768410242
2019-04-04 10:16:07,0.3124997615794879
2019-04-04 10:16:08,0.15624988078974394
2019-04-04 10:16:09,0.07812494039487197
2019-04-04 10:16:10,0.039062470197435986
2019-04-04 10:16:11,0.019531235098717993
2019-04-04 10:16:12,0.009765617549358997
2019-04-04 10:16:13,0.004882808774679498
2019-04-04 10:16:14,0.002441404387339749
2019-04-04 10:16:15,0.0012207021936698746
2019-04-04 10:16:16,0.5006103510968349
2019-04-04 10:16:17,0.25030517554841747
2019-04-04 10:16:18,1.1251525877742088
2019-04-04 10:16:19,0.5625762938871044
2019-04-04 10:16:20,0.2812881469435522
2019-04-04 10:16:21,0.1406440734717761
2019-04-04 10:16:22,0.07032203673588805
2019-04-04 10:16:23,-1.464838981632056
2019-04-04 10:16:24,-1.732419490816028
2019-04-04 10:16:25,-0.866209745408014
2019-04-04 10:16:26,0.566895127295993
2019-04-04 10:16:27,0.2834475636479965
2019-04-04 10:16:28,0.14172378182399825
2019-04-04 10:16:29,0.07086189091199913
2019-04-04 10:16:30,0.03543094545599956
2019-04-04 10:16:31,0.01771547272799978
2019-04-04 10:16:32,0.00885773636399989
2019-04-04 10:16:33,0.004428868181999945
2019-04-04 10:16:34,0.0022144340909999727
2019-04-04 10:16:35,4.0011072170455
2019-04-04 10:16:36,2.00055360852275
2019-04-04 10:16:37,1.000276804261375
2019-04-04 10:16:38,0.5001384021306875
2019-04-04 10:16:39,0.25006920106534375
2019-04-04 10:16:40,0.6250346005326719
2019-04-04 10:16:41,0.31251730026633595
2019-04-04 10:16:42,0.15625865013316798
2019-04-04 10:16:43,0.578129325066584
2019-04-04 10:16:44,1.289064662533292
2019-04-04 10:16:45,0.144532331266646
2019-04-04 10:16:46,0.072266165633323
2019-04-04 10:16:47,0.0361330828166615
2019-04-04 10:16:48,0.01806654140833075
2019-04-04 10:16:49,0.009033270704165375
2019-04-04 10:16:50,0.004516635352082687
2019-04-04 10:16:51,0.0022583176760413437
2019-04-04 10:16:52,0.0011291588380206719
2019-04-04 10:16:53,0.0005645794190103359
2019-04-04 10:16:54,0.00028228970950516796
2019-04-04 10:16:55,0.00014114485475258398
2019-04-04 10:16:56,7.057242737629199e-05
2019-04-04 10:16:57,3.5286213688145995e-05
2019-04-04 10:16:58,1.7643106844072998e-05
2019-04-04 10:16:59,8.821553422036499e-06
2019-04-04 10:17:00,4.410776711018249e-06
2019-04-04 10:17:01,2.2053883555091247e-06
2019-04-04 10:17:02,1.1026941777545624e-06
2019-04-04 10:17:03,5.513470888772812e-07
2019-04-04 10:17:04,2.756735444386406e-07
2019-04-04 10:17:05,1.378367722193203e-07
2019-04-04 10:17:06,6.891838610966015e-08
2019-04-04 10:17:07,3.4459193054830074e-08
2019-04-04 10:17:08,1.7229596527415037e-08
2019-04-04 10:17:09,8.614798263707518e-09
2019-04-04 10:17:10,4.307399131853759e-09
2019-04-04 10:17:11,2.1536995659268796e-09
2019-04-04 10:17:12,1.0768497829634398e-09
2019-04-04 10:17:13,3.000000000538425
2019-04-04 10:17:14,0.5000000002692124
2019-04-04 10:17:15,0.2500000001346062
2019-04-04 10:17:16,0.1250000000673031
2019-04-04 10:17:17,0.06250000003365155
2019-04-04 10:17:18,0.03125000001682578
2019-04-04 10:17:19,0.01562500000841289
2019-04-04 10:17:20,0.007812500004206444
2019-04-04 10:17:21,0.003906250002103222
2019-04-04 10:17:22,0.001953125001051611
2019-04-04 10:17:23,0.0009765625005258055
2019-04-04 10:17:24,0.0004882812502629028
2019-04-04 10:17:25,0.0002441406251314514
2019-04-04 10:17:26,0.0001220703125657257
2019-04-04 10:17:27,6.103515628286285e-05
2019-04-04 10:17:28,3.051757814143142e-05
2019-04-04 10:17:29,-2.499984741210929
2019-04-04 10:17:30,-1.2499923706054645
2019-04-04 10:17:31,-0.6249961853027323
2019-04-04 10:17:32,-0.31249809265136613
2019-04-04 10:17:33,-0.15624904632568307
2019-04-04 10:17:34,-0.07812452316284153
2019-04-04 10:17:35,-0.03906226158142077
2019-04-04 10:17:36,-0.5195311307907103
2019-04-04 10:17:37,-0.25976556539535517
2019-04-04 10:17:38,-0.12988278269767758
2019-04-04 10:17:39,-0.06494139134883879
2019-04-04 10:17:40,-0.032470695674419396
2019-04-04 10:17:41,-0.016235347837209698
2019-04-04 10:17:42,-0.008117673918604849
2019-04-04 10:17:43,-0.0040588369593024245
2019-04-04 10:17:44,-0.0020294184796512123
2019-04-04 10:17:45,-0.0010147092398256061
2019-04-04 10:17:46,-0.0005073546199128031
2019-04-04 10:17:47,-0.00025367730995640153
2019-04-04 10:17:48,-0.00012683865497820077
2019-04-04 10:17:49,-6.341932748910038e-05
2019-04-04 10:17:50,-3.170966374455019e-05
2019-04-04 10:17:51,-1.5854831872275096e-05
2019-04-04 10:17:52,-7.927415936137548e-06
2019-04-04 10:17:53,-3.963707968068774e-06
2019-04-04 10:17:54,-1.981853984034387e-06
2019-04-04 10:17:55,-9.909269920171935e-07
2019-04-04 10:17:56,-4.954634960085967e-07
2019-04-04 10:17:57,-2.4773174800429837e-07
2019-04-04 10:17:58,-1.2386587400214919e-07
2019-04-04 10:17:59,-6.193293700107459e-08
2019-04-04 10:18:00,-3.0966468500537296e-08
2019-04-04 10:18:01,-1.5483234250268648e-08
2019-04-04 10:18:02,-7.741617125134324e-09
2019-04-04 10:18:03,0.9999999961291914
2019-04-04 10:18:04,0.4999999980645957
2019-04-04 10:18:05,0.24999999903229786
2019-04-04 10:18:06,0.12499999951614893
2019-04-04 10:18:07,0.062499999758074465
2019-04-04 10:18:08,0.5312499998790372
2019-04-04 10:18:09,0.2656249999395186
2019-04-04 10:18:10,0.1328124999697593
2019-04-04 10:18:11,0.06640624998487965
2019-04-04 10:18:12,0.033203124992439825
2019-04-04 10:18:13,0.016601562496219913
2019-04-04 10:18:14,0.008300781248109956
2019-04-04 10:18:15,0.004150390624054978
2019-04-04 10:18:16,0.002075195312027489
2019-04-04 10:18:17,0.0010375976560137445
2019-04-04 10:18:18,0.0005187988280068723
2019-04-04 10:18:19,0.00025939941400343614
2019-04-04 10:18:20,0.00012969970700171807
2019-04-04 10:18:21,6.484985350085903e-05
2019-04-04 10:18:22,3.242492675042952e-05
2019-04-04 10:18:23,1.621246337521476e-05
2019-04-04 10:18:24,8.10623168760738e-06
2019-04-04 10:18:25,-0.9999959468841562
2019-04-04 10:18:26,-0.4999979734420781
2019-04-04 10:18:27,-0.24999898672103904
2019-04-04 10:18:28,-0.12499949336051952
2019-04-04 10:18:29,-0.06249974668025976
2019-04-04 10:18:30,-0.5312498733401299
2019-04-04 10:18:31,-0.2656249366700649
2019-04-04 10:18:32,-0.6328124683350325
2019-04-04 10:18:33,-0.31640623416751623
2019-04-04 10:18:34,0.8417968829162419
2019-04-04 10:18:35,0.9208984414581209
2019-04-04 10:18:36,0.46044922072906047
2019-04-04 10:18:37,0.23022461036453024
2019-04-04 10:18:38,0.11511230518226512
2019-04-04 10:18:39,0.05755615259113256
2019-04-04 10:18:40,0.02877807629556628
2019-04-04 10:18:41,0.5143890381477831
2019-04-04 10:18:42,3.2571945190738916
2019-04-04 10:18:43,1.6285972595369458
2019-04-04 10:18:44,0.8142986297684729
2019-04-04 10:18:45,0.40714931488423645
2019-04-04 10:18:46,0.20357465744211822
2019-04-04 10:18:47,0.10178732872105911
2019-04-04 10:18:48,-0.44910633563947044
2019-04-04 10:18:49,-0.22455316781973522
2019-04-04 10:18:50,-0.11227658390986761
2019-04-04 10:18:51,0.4438617080450662
2019-04-04 10:18:52,0.2219308540225331
2019-04-04 10:18:53,0.11096542701126655
2019-04-04 10:18:54,0.055482713505633274
2019-04-04 10:18:55,0.027741356752816637
2019-04-04 10:18:56,0.013870678376408319
2019-04-04 10:18:57,0.006935339188204159
2019-04-04 10:18:58,0.0034676695941020796
2019-04-04 10:18:59,0.0017338347970510398
2019-04-04 10:19:00,0.0008669173985255199
2019-04-04 10:19:01,0.00043345869926275996
2019-04-04 10:19:02,0.00021672934963137998
2019-04-04 10:19:03,0.00010836467481568999
2019-04-04 10:19:04,5.4182337407844994e-05
2019-04-04 10:19:05,2.7091168703922497e-05
2019-04-04 10:19:06,-0.49998645441564804
2019-04-04 10:19:07,-0.24999322720782402
2019-04-04 10:19:08,-0.12499661360391201
2019-04-04 10:19:09,-0.062498306801956005
2019-04-04 10:19:10,-0.031249153400978003
2019-04-04 10:19:11,-0.015624576700489001
2019-04-04 10:19:12,-0.007812288350244501
2019-04-04 10:19:13,-0.0039061441751222503
2019-04-04 10:19:14,-0.0019530720875611252
2019-04-04 10:19:15,-0.0009765360437805626
2019-04-04 10:19:16,-0.0004882680218902813
2019-04-04 10:19:17,-0.00024413401094514064
2019-04-04 10:19:18,-0.00012206700547257032
2019-04-04 10:19:19,-6.103350273628516e-05
2019-04-04 10:19:20,-3.051675136814258e-05
2019-04-04 10:19:21,-1.525837568407129e-05
2019-04-04 10:19:22,0.49999237081215797
2019-04-04 10:19:23,0.24999618540607899
2019-04-04 10:19:24,0.6249980927030395
2019-04-04 10:19:25,0.31249904635151976
2019-04-04 10:19:26,0.15624952317575988
2019-04-04 10:19:27,0.07812476158787994
2019-04-04 10:19:28,0.03906238079393997
2019-04-04 10:19:29,0.019531190396969985
2019-04-04 10:19:30,0.509765595198485
2019-04-04 10:19:31,0.2548827975992425
2019-04-04 10:19:32,0.12744139879962124
2019-04-04 10:19:33,0.06372069939981062
2019-04-04 10:19:34,1.0318603496999053
2019-04-04 10:19:35,0.5159301748499526
2019-04-04 10:19:36,0.2579650874249763
2019-04-04 10:19:37,0.12898254371248816
2019-04-04 10:19:38,0.06449127185624408
2019-04-04 10:19:39,0.03224563592812204
2019-04-04 10:19:40,0.01612281796406102
2019-04-04 10:19:41,0.00806140898203051
2019-04-04 10:19:42,0.004030704491015255
2019-04-04 10:19:43,0.5020153522455076
2019-04-04 10:19:44,0.2510076761227538
2019-04-04 10:19:45,0.1255038380613769
2019-04-04 10:19:46,0.06275191903068846
2019-04-04 10:19:47,0.03137595951534423
2019-04-04 10:19:48,0.015687979757672114
2019-04-04 10:19:49,0.007843989878836057
2019-04-04 10:19:50,0.503921994939418
2019-04-04 10:19:51,0.251960997469709
2019-04-04 10:19:52,0.1259804987348545
2019-04-04 10:19:53,0.06299024936742725
2019-04-04 10:19:54,0.03149512468371363
2019-04-04 10:19:55,0.015747562341856813
2019-04-04 10:19:56,0.007873781170928407
2019-04-04 10:19:57,0.5039368905854642
2019-04-04 10:19:58,0.2519684452927321
2019-04-04 10:19:59,0.12598422264636605
2019-04-04 10:20:00,0.06299211132318303
2019-04-04 10:20:01,0.03149605566159151
2019-04-04 10:20:02,0.015748027830795756
2019-04-04 10:20:03,0.007874013915397878
2019-04-04 10:20:04,0.003937006957698939
2019-04-04 10:20:05,0.0019685034788494695
2019-04-04 10:20:06,0.0009842517394247348
2019-04-04 10:20:07,-1.9995078741302876
2019-04-04 10:20:08,-0.9997539370651438
2019-04-04 10:20:09,-0.4998769685325719
2019-04-04 10:20:10,-0.24993848426628595
2019-04-04 10:20:11,0.375030757866857
2019-04-04 10:20:12,0.1875153789334285
2019-04-04 10:20:13,0.09375768946671426
2019-04-04 10:20:14,0.04687884473335713
2019-04-04 10:20:15,0.023439422366678564
2019-04-04 10:20:16,0.011719711183339282
2019-04-04 10:20:17,0.005859855591669641
2019-04-04 10:20:18,0.0029299277958348205
2019-04-04 10:20:19,0.0014649638979174102
2019-04-04 10:20:20,-0.9992675180510413
2019-04-04 10:20:21,-0.49963375902552065
2019-04-04 10:20:22,-0.24981687951276033
2019-04-04 10:20:23,-0.12490843975638016
2019-04-04 10:20:24,0.4375457801218099
2019-04-04 10:20:25,0.21877289006090495
2019-04-04 10:20:26,0.10938644503045247
2019-04-04 10:20:27,0.5546932225152262
2019-04-04 10:20:28,-2.222653388742387
2019-04-04 10:20:29,-1.1113266943711935
2019-04-04 10:20:30,-0.5556633471855967
2019-04-04 10:20:31,-0.7778316735927984
2019-04-04 10:20:32,-0.3889158367963992
2019-04-04 10:20:33,-0.1944579183981996
2019-04-04 10:20:34,-0.0972289591990998
2019-04-04 10:20:35,-0.0486144795995499
2019-04-04 10:20:36,-0.02430723979977495
2019-04-04 10:20:37,-0.012153619899887474
2019-04-04 10:20:38,-0.006076809949943737
2019-04-04 10:20:39,-0.0030384049749718686
2019-04-04 10:20:40,-2.001519202487486
2019-04-04 10:20:41,-1.000759601243743
2019-04-04 10:20:42,-0.5003798006218715
2019-04-04 10:20:43,-0.25018990031093574
2019-04-04 10:20:44,0.3749050498445321
2019-04-04 10:20:45,0.18745252492226605
2019-04-04 10:20:46,0.09372626246113303
2019-04-04 10:20:47,0.5468631312305665
2019-04-04 10:20:48,0.27343156561528326
2019-04-04 10:20:49,0.13671578280764163
2019-04-04 10:20:50,0.06835789140382081
2019-04-04 10:20:51,0.03417894570191041
2019-04-04 10:20:52,0.017089472850955204
2019-04-04 10:20:53,0.5085447364254776
2019-04-04 10:20:54,0.2542723682127388
2019-04-04 10:20:55,0.1271361841063694
2019-04-04 10:20:56,0.0635680920531847
2019-04-04 10:20:57,0.03178404602659235
2019-04-04 10:20:58,0.015892023013296175
2019-04-04 10:20:59,0.5079460115066481
2019-04-04 10:21:00,0.25397300575332404
2019-04-04 10:21:01,0.12698650287666202
2019-04-04 10:21:02,0.06349325143833101
2019-04-04 10:21:03,0.031746625719165505
2019-04-04 10:21:04,0.015873312859582753
2019-04-04 10:21:05,0.007936656429791376
2019-04-04 10:21:06,0.003968328214895688
2019-04-04 10:21:07,0.001984164107447844
2019-04-04 10:21:08,0.000992082053723922
2019-04-04 10:21:09,-0.49950395897313804
2019-04-04 10:21:10,-0.24975197948656902
2019-04-04 10:21:11,-0.12487598974328451
2019-04-04 10:21:12,-0.062437994871642255
2019-04-04 10:21:13,-0.031218997435821128
2019-04-04 10:21:14,-0.015609498717910564
2019-04-04 10:21:15,-0.007804749358955282
2019-04-04 10:21:16,1.4960976253205223
2019-04-04 10:21:17,0.7480488126602611
2019-04-04 10:21:18,-1.1259755936698694
2019-04-04 10:21:19,-0.5629877968349347
2019-04-04 10:21:20,-0.28149389841746736
2019-04-04 10:21:21,-0.14074694920873368
2019-04-04 10:21:22,-0.07037347460436684
2019-04-04 10:21:23,-0.5351867373021835
2019-04-04 10:21:24,-0.26759336865109173
2019-04-04 10:21:25,-0.13379668432554587
2019-04-04 10:21:26,-0.06689834216277293
2019-04-04 10:21:27,-0.03344917108138647
2019-04-04 10:21:28,-0.016724585540693233
2019-04-04 10:21:29,-0.008362292770346617
2019-04-04 10:21:30,-0.004181146385173308
2019-04-04 10:21:31,-0.002090573192586654
2019-04-04 10:21:32,-0.001045286596293327
2019-04-04 10:21:33,-0.0005226432981466635
2019-04-04 10:21:34,-0.00026132164907333177
2019-04-04 10:21:35,-0.00013066082453666589
2019-04-04 10:21:36,-6.533041226833294e-05
2019-04-04 10:21:37,-3.266520613416647e-05
2019-04-04 10:21:38,-1.6332603067083236e-05
2019-04-04 10:21:39,-8.166301533541618e-06
2019-04-04 10:21:40,-4.083150766770809e-06
2019-04-04 10:21:41,-2.0415753833854045e-06
2019-04-04 10:21:42,-1.0207876916927022e-06
2019-04-04 10:21:43,-5.103938458463511e-07
2019-04-04 10:21:44,-2.5519692292317556e-07
2019-04-04 10:21:45,-1.2759846146158778e-07
2019-04-04 10:21:46,-6.379923073079389e-08
2019-04-04 10:21:47,-3.1899615365396945e-08
2019-04-04 10:21:48,-1.5949807682698472e-08
2019-04-04 10:21:49,-7.974903841349236e-09
2019-04-04 10:21:50,-3.987451920674618e-09
2019-04-04 10:21:51,-0.500000001993726
2019-04-04 10:21:52,-0.250000000996863
2019-04-04 10:21:53,-0.1250000004984315
2019-04-04 10:21:54,-0.06250000024921575
2019-04-04 10:21:55,-0.03125000012460787
2019-04-04 10:21:56,-0.015625000062303936
2019-04-04 10:21:57,-0.507812500031152
2019-04-04 10:21:58,-0.253906250015576
2019-04-04 10:21:59,-0.126953125007788
2019-04-04 10:22:00,-0.063476562503894
2019-04-04 10:22:01,0.468261718748053
2019-04-04 10:22:02,0.2341308593740265
2019-04-04 10:22:03,0.11706542968701325
2019-04-04 10:22:04,0.058532714843506625
2019-04-04 10:22:05,0.029266357421753313
2019-04-04 10:22:06,0.014633178710876656
2019-04-04 10:22:07,0.007316589355438328
2019-04-04 10:22:08,0.003658294677719164
2019-04-04 10:22:09,0.001829147338859582
2019-04-04 10:22:10,0.000914573669429791
2019-04-04 10:22:11,0.0004572868347148955
2019-04-04 10:22:12,0.00022864341735744775
2019-04-04 10:22:13,-0.4998856782913213
2019-04-04 10:22:14,-0.24994283914566065
2019-04-04 10:22:15,-0.12497141957283033
2019-04-04 10:22:16,-0.06248570978641516
2019-04-04 10:22:17,-0.03124285489320758
2019-04-04 10:22:18,-0.01562142744660379
2019-04-04 10:22:19,-0.007810713723301895
2019-04-04 10:22:20,-0.0039053568616509477
2019-04-04 10:22:21,-0.0019526784308254738
2019-04-04 10:22:22,-0.0009763392154127369
2019-04-04 10:22:23,-0.00048816960770636846
2019-04-04 10:22:24,-0.00024408480385318423
2019-04-04 10:22:25,-0.00012204240192659211
2019-04-04 10:22:26,-6.102120096329606e-05
2019-04-04 10:22:27,2.9999694893995184
2019-04-04 10:22:28,1.4999847446997592
2019-04-04 10:22:29,1.2499923723498796
2019-04-04 10:22:30,0.6249961861749398
2019-04-04 10:22:31,0.3124980930874699
2019-04-04 10:22:32,0.15624904654373495
2019-04-04 10:22:33,0.07812452327186747
2019-04-04 10:22:34,0.03906226163593374
2019-04-04 10:22:35,0.01953113081796687
2019-04-04 10:22:36,0.009765565408983434
2019-04-04 10:22:37,0.004882782704491717
2019-04-04 10:22:38,0.0024413913522458586
2019-04-04 10:22:39,-0.9987793043238771
2019-04-04 10:22:40,-0.49938965216193854
2019-04-04 10:22:41,-0.24969482608096927
2019-04-04 10:22:42,-0.12484741304048463
2019-04-04 10:22:43,-0.06242370652024232
2019-04-04 10:22:44,-0.03121185326012116
2019-04-04 10:22:45,-0.01560592663006058
2019-04-04 10:22:46,-0.00780296331503029
2019-04-04 10:22:47,-0.003901481657515145
2019-04-04 10:22:48,-0.0019507408287575724
2019-04-04 10:22:49,-0.0009753704143787862
2019-04-04 10:22:50,-0.0004876852071893931
2019-04-04 10:22:51,-0.00024384260359469655
2019-04-04 10:22:52,-4.000121921301798
2019-04-04 10:22:53,-2.000060960650899
2019-04-04 10:22:54,-1.0000304803254494
2019-04-04 10:22:55,-1.5240162724694528e-05
2019-04-04 10:22:56,-7.620081362347264e-06
2019-04-04 10:22:57,-3.810040681173632e-06
2019-04-04 10:22:58,-1.905020340586816e-06
2019-04-04 10:22:59,-9.52510170293408e-07
2019-04-04 10:23:00,-4.76255085146704e-07
2019-04-04 10:23:01,-2.38127542573352e-07
2019-04-04 10:23:02,-1.19063771286676e-07
2019-04-04 10:23:03,-5.9531885643338e-08
2019-04-04 10:23:04,-0.5000000297659428
2019-04-04 10:23:05,-0.2500000148829714
2019-04-04 10:23:06,-0.1250000074414857
2019-04-04 10:23:07,-0.06250000372074285
2019-04-04 10:23:08,-0.031250001860371426
2019-04-04 10:23:09,-0.015625000930185713
2019-04-04 10:23:10,-0.007812500465092857
2019-04-04 10:23:11,-0.003906250232546428
2019-04-04 10:23:12,3.498046874883727
2019-04-04 10:23:13,1.7490234374418634
2019-04-04 10:23:14,0.8745117187209317
2019-04-04 10:23:15,0.43725585936046585
2019-04-04 10:23:16,-0.7813720703197671
2019-04-04 10:23:17,-0.39068603515988354
2019-04-04 10:23:18,-0.19534301757994177
2019-04-04 10:23:19,-0.5976715087899709
2019-04-04 10:23:20,-0.29883575439498544
2019-04-04 10:23:21,-0.14941787719749272
2019-04-04 10:23:22,-0.07470893859874636
2019-04-04 10:23:23,-0.03735446929937318
2019-04-04 10:23:24,-1.5186772346496866
2019-04-04 10:23:25,-0.7593386173248433
2019-04-04 10:23:26,-0.37966930866242166
2019-04-04 10:23:27,-0.18983465433121083
2019-04-04 10:23:28,-0.09491732716560541
2019-04-04 10:23:29,-0.04745866358280271
2019-04-04 10:23:30,-0.023729331791401354
2019-04-04 10:23:31,-0.011864665895700677
2019-04-04 10:23:32,0.49406766705214966
2019-04-04 10:23:33,0.24703383352607483
2019-04-04 10:23:34,0.12351691676303742
2019-04-04 10:23:35,0.06175845838151871
2019-04-04 10:23:36,0.030879229190759354
2019-04-04 10:23:37,0.015439614595379677
2019-04-04 10:23:38,0.0077198072976898385
2019-04-04 10:23:39,0.0038599036488449192
2019-04-04 10:23:40,0.0019299518244224596
2019-04-04 10:23:41,0.0009649759122112298
2019-04-04 10:23:42,0.0004824879561056149
2019-04-04 10:23:43,0.00024124397805280745
2019-04-04 10:23:44,0.00012062198902640373
2019-04-04 10:23:45,6.031099451320186e-05
2019-04-04 10:23:46,3.015549725660093e-05
2019-04-04 10:23:47,1.5077748628300466e-05
2019-04-04 10:23:48,7.538874314150233e-06
2019-04-04 10:23:49,1.500003769437157
2019-04-04 10:23:50,0.7500018847185785
2019-04-04 10:23:51,0.37500094235928927
2019-04-04 10:23:52,0.18750047117964463
2019-04-04 10:23:53,0.09375023558982232
2019-04-04 10:23:54,0.04687511779491116
2019-04-04 10:23:55,0.02343755889745558
2019-04-04 10:23:56,0.01171877944872779
2019-04-04 10:23:57,0.005859389724363895
2019-04-04 10:23:58,0.0029296948621819474
2019-04-04 10:23:59,0.0014648474310909737
2019-04-04 10:24:00,0.0007324237155454869
2019-04-04 10:24:01,0.0003662118577727434
2019-04-04 10:24:02,0.0001831059288863717
2019-04-04 10:24:03,9.155296444318586e-05
2019-04-04 10:24:04,4.577648222159293e-05
2019-04-04 10:24:05,-0.4999771117588892
2019-04-04 10:24:06,-0.2499885558794446
2019-04-04 10:24:07,-0.1249942779397223
2019-04-04 10:24:08,-1.5624971389698612
2019-04-04 10:24:09,-0.7812485694849306
2019-04-04 10:24:10,-0.3906242847424653
2019-04-04 10:24:11,-0.19531214237123265
2019-04-04 10:24:12,-0.09765607118561632
2019-04-04 10:24:13,-0.04882803559280816
2019-04-04 10:24:14,-0.02441401779640408
2019-04-04 10:24:15,-0.01220700889820204
2019-04-04 10:24:16,-0.00610350444910102
2019-04-04 10:24:17,-0.00305175222455051
2019-04-04 10:24:18,-0.001525876112275255
2019-04-04 10:24:19,-0.0007629380561376275
2019-04-04 10:24:20,-0.00038146902806881377
2019-04-04 10:24:21,-0.00019073451403440688
2019-04-04 10:24:22,-9.536725701720344e-05
2019-04-04 10:24:23,-4.768362850860172e-05
2019-04-04 10:24:24,-2.384181425430086e-05
2019-04-04 10:24:25,-1.192090712715043e-05
2019-04-04 10:24:26,-5.960453563575215e-06
2019-04-04 10:24:27,-2.9802267817876076e-06
2019-04-04 10:24:28,-1.4901133908938038e-06
2019-04-04 10:24:29,-7.450566954469019e-07
2019-04-04 10:24:30,-3.7252834772345095e-07
2019-04-04 10:24:31,-1.8626417386172547e-07
2019-04-04 10:24:32,-9.313208693086274e-08
2019-04-04 10:24:33,-4.656604346543137e-08
2019-04-04 10:24:34,-2.3283021732715684e-08
2019-04-04 10:24:35,-1.1641510866357842e-08
2019-04-04 10:24:36,-5.820755433178921e-09
2019-04-04 10:24:37,-2.9103777165894605e-09
2019-04-04 10:24:38,-1.4551888582947303e-09
2019-04-04 10:24:39,-7.275944291473651e-10
2019-04-04 10:24:40,-3.6379721457368257e-10
2019-04-04 10:24:41,-1.8189860728684128e-10
2019-04-04 10:24:42,-9.094930364342064e-11
2019-04-04 10:24:43,-4.547465182171032e-11
2019-04-04 10:24:44,-2.273732591085516e-11
2019-04-04 10:24:45,-1.136866295542758e-11
2019-04-04 10:24:46,-5.68433147771379e-12
2019-04-04 10:24:47,-2.842165738856895e-12
2019-04-04 10:24:48,-1.4210828694284475e-12
2019-04-04 10:24:49,-7.105414347142238e-13
2019-04-04 10:24:50,-3.552707173571119e-13
2019-04-04 10:24:51,-1.7763535867855594e-13
2019-04-04 10:24:52,-8.881767933927797e-14
2019-04-04 10:24:53,-4.4408839669638985e-14
2019-04-04 10:24:54,-2.2204419834819492e-14
2019-04-04 10:24:55,-1.000000000000011
2019-04-04 10:24:56,-0.5000000000000056
2019-04-04 10:24:57,-0.2500000000000028
2019-04-04 10:24:58,-0.1250000000000014
2019-04-04 10:24:59,-0.0625000000000007
2019-04-04 10:25:00,-0.03125000000000035
2019-04-04 10:25:01,-0.015625000000000173
2019-04-04 10:25:02,-0.007812500000000087
2019-04-04 10:25:03,-0.003906250000000043
2019-04-04 10:25:04,-0.0019531250000000217
2019-04-04 10:25:05,-0.0009765625000000108
2019-04-04 10:25:06,-0.0004882812500000054
2019-04-04 10:25:07,-0.0002441406250000027
2019-04-04 10:25:08,-0.00012207031250000136
2019-04-04 10:25:09,-6.103515625000068e-05
2019-04-04 10:25:10,-3.051757812500034e-05
2019-04-04 10:25:11,-1.525878906250017e-05
2019-04-04 10:25:12,-7.629394531250085e-06
2019-04-04 10:25:13,-3.814697265625042e-06
2019-04-04 10:25:14,-1.907348632812521e-06
2019-04-04 10:25:15,-9.536743164062606e-07
2019-04-04 10:25:16,-4.768371582031303e-07
2019-04-04 10:25:17,-2.3841857910156515e-07
2019-04-04 10:25:18,-1.1920928955078257e-07
2019-04-04 10:25:19,-2.0000000596046448
2019-04-04 10:25:20,-1.0000000298023224
2019-04-04 10:25:21,-0.5000000149011612
2019-04-04 10:25:22,-0.2500000074505806
2019-04-04 10:25:23,-0.1250000037252903
2019-04-04 10:25:24,-0.06250000186264515
2019-04-04 10:25:25,-0.031250000931322575
2019-04-04 10:25:26,-0.015625000465661287
2019-04-04 10:25:27,-0.007812500232830644
2019-04-04 10:25:28,-0.003906250116415322
2019-04-04 10:25:29,-0.001953125058207661
2019-04-04 10:25:30,-0.0009765625291038305
2019-04-04 10:25:31,-0.0004882812645519152
2019-04-04 10:25:32,-0.0002441406322759576
2019-04-04 10:25:33,-0.0001220703161379788
2019-04-04 10:25:34,-6.10351580689894e-05
2019-04-04 10:25:35,-3.05175790344947e-05
2019-04-04 10:25:36,-1.525878951724735e-05
2019-04-04 10:25:37,-7.629394758623675e-06
2019-04-04 10:25:38,-3.814697379311838e-06
2019-04-04 10:25:39,-1.907348689655919e-06
2019-04-04 10:25:40,-9.536743448279594e-07
2019-04-04 10:25:41,-4.768371724139797e-07
2019-04-04 10:25:42,-2.3841858620698986e-07
2019-04-04 10:25:43,-1.1920929310349493e-07
2019-04-04 10:25:44,-5.960464655174746e-08
2019-04-04 10:25:45,-2.980232327587373e-08
2019-04-04 10:25:46,-1.4901161637936866e-08
2019-04-04 10:25:47,-7.450580818968433e-09
2019-04-04 10:25:48,0.4999999962747096
2019-04-04 10:25:49,0.2499999981373548
2019-04-04 10:25:50,0.1249999990686774
2019-04-04 10:25:51,0.0624999995343387
2019-04-04 10:25:52,0.03124999976716935
2019-04-04 10:25:53,0.015624999883584675
2019-04-04 10:25:54,0.007812499941792337
2019-04-04 10:25:55,0.0039062499708961687
2019-04-04 10:25:56,0.0019531249854480843
2019-04-04 10:25:57,0.0009765624927240422
2019-04-04 10:25:58,-0.499511718753638
2019-04-04 10:25:59,-0.249755859376819
2019-04-04 10:26:00,-0.1248779296884095
2019-04-04 10:26:01,-1.0624389648442047
2019-04-04 10:26:02,-0.5312194824221024
2019-04-04 10:26:03,-0.2656097412110512
2019-04-04 10:26:04,-0.1328048706055256
2019-04-04 10:26:05,-0.0664024353027628
2019-04-04 10:26:06,-0.0332012176513814
2019-04-04 10:26:07,-0.0166006088256907
2019-04-04 10:26:08,-0.00830030441284535
2019-04-04 10:26:09,-0.004150152206422675
2019-04-04 10:26:10,-0.0020750761032113374
2019-04-04 10:26:11,-0.0010375380516056687
2019-04-04 10:26:12,-0.0005187690258028343
2019-04-04 10:26:13,-0.0002593845129014172
2019-04-04 10:26:14,-0.0001296922564507086
2019-04-04 10:26:15,-6.48461282253543e-05
2019-04-04 10:26:16,-3.242306411267715e-05
2019-04-04 10:26:17,-1.6211532056338573e-05
2019-04-04 10:26:18,-8.105766028169287e-06
2019-04-04 10:26:19,-4.052883014084643e-06
2019-04-04 10:26:20,-2.0264415070423217e-06
2019-04-04 10:26:21,-1.0132207535211608e-06
2019-04-04 10:26:22,-5.066103767605804e-07
2019-04-04 10:26:23,-2.533051883802902e-07
2019-04-04 10:26:24,-1.266525941901451e-07
2019-04-04 10:26:25,-6.332629709507255e-08
2019-04-04 10:26:26,-1.0000000316631485
2019-04-04 10:26:27,-0.5000000158315743
2019-04-04 10:26:28,-0.25000000791578714
2019-04-04 10:26:29,-0.12500000395789357
2019-04-04 10:26:30,-1.0625000019789468
2019-04-04 10:26:31,-0.5312500009894734
2019-04-04 10:26:32,1.2343749995052633
2019-04-04 10:26:33,-4.882812500247368
2019-04-04 10:26:34,-2.441406250123684
2019-04-04 10:26:35,-1.220703125061842
2019-04-04 10:26:36,-0.610351562530921
2019-04-04 10:26:37,-0.3051757812654605
2019-04-04 10:26:38,-0.15258789063273026
2019-04-04 10:26:39,-0.07629394531636513
2019-04-04 10:26:40,-0.038146972658182565
2019-04-04 10:26:41,-0.019073486329091283
2019-04-04 10:26:42,-0.009536743164545641
2019-04-04 10:26:43,-0.004768371582272821
2019-04-04 10:26:44,-0.0023841857911364103
2019-04-04 10:26:45,-0.0011920928955682052
2019-04-04 10:26:46,-0.0005960464477841026
2019-04-04 10:26:47,-0.0002980232238920513
2019-04-04 10:26:48,-0.00014901161194602565
2019-04-04 10:26:49,-7.450580597301282e-05
2019-04-04 10:26:50,-3.725290298650641e-05
2019-04-04 10:26:51,-1.8626451493253206e-05
2019-04-04 10:26:52,-9.313225746626603e-06
2019-04-04 10:26:53,-4.656612873313301e-06
2019-04-04 10:26:54,0.49999767169356335
2019-04-04 10:26:55,0.24999883584678168
2019-04-04 10:26:56,0.12499941792339084
2019-04-04 10:26:57,0.06249970896169542
2019-04-04 10:26:58,0.03124985448084771
2019-04-04 10:26:59,0.015624927240423855
2019-04-04 10:27:00,0.007812463620211927
2019-04-04 10:27:01,0.0039062318101059637
2019-04-04 10:27:02,0.0019531159050529818
2019-04-04 10:27:03,0.0009765579525264909
2019-04-04 10:27:04,0.00048827897626324546
2019-04-04 10:27:05,0.00024413948813162273
2019-04-04 10:27:06,0.00012206974406581136
2019-04-04 10:27:07,6.103487203290568e-05
2019-04-04 10:27:08,3.051743601645284e-05
2019-04-04 10:27:09,1.525871800822642e-05
2019-04-04 10:27:10,7.62935900411321e-06
2019-04-04 10:27:11,3.814679502056605e-06
2019-04-04 10:27:12,1.9073397510283026e-06
2019-04-04 10:27:13,9.536698755141513e-07
2019-04-04 10:27:14,-0.49999952316506224
2019-04-04 10:27:15,-0.24999976158253112
2019-04-04 10:27:16,-0.6249998807912656
2019-04-04 10:27:17,-0.3124999403956328
2019-04-04 10:27:18,-0.1562499701978164
2019-04-04 10:27:19,-0.0781249850989082
2019-04-04 10:27:20,-0.0390624925494541
2019-04-04 10:27:21,-0.01953124627472705
2019-04-04 10:27:22,-0.009765623137363524
2019-04-04 10:27:23,-0.004882811568681762
2019-04-04 10:27:24,-0.002441405784340881
2019-04-04 10:27:25,-0.0012207028921704405
2019-04-04 10:27:26,-0.0006103514460852203
2019-04-04 10:27:27,-0.00030517572304261014
2019-04-04 10:27:28,-0.00015258786152130507
2019-04-04 10:27:29,-7.629393076065253e-05
2019-04-04 10:27:30,-3.814696538032627e-05
2019-04-04 10:27:31,-1.9073482690163134e-05
2019-04-04 10:27:32,-9.536741345081567e-06
2019-04-04 10:27:33,-4.768370672540783e-06
2019-04-04 10:27:34,-2.3841853362703917e-06
2019-04-04 10:27:35,-1.1920926681351958e-06
2019-04-04 10:27:36,2.499999403953666
2019-04-04 10:27:37,1.249999701976833
2019-04-04 10:27:38,0.6249998509884165
2019-04-04 10:27:39,0.31249992549420824
2019-04-04 10:27:40,0.15624996274710412
2019-04-04 10:27:41,0.07812498137355206
2019-04-04 10:27:42,0.03906249068677603
2019-04-04 10:27:43,0.019531245343388015
2019-04-04 10:27:44,0.009765622671694008
2019-04-04 10:27:45,0.004882811335847004
2019-04-04 10:27:46,0.002441405667923502
2019-04-04 10:27:47,0.001220702833961751
2019-04-04 10:27:48,0.0006103514169808755
2019-04-04 10:27:49,0.00030517570849043774
2019-04-04 10:27:50,0.00015258785424521887
2019-04-04 10:27:51,7.629392712260943e-05
2019-04-04 10:27:52,3.814696356130472e-05
2019-04-04 10:27:53,1.907348178065236e-05
2019-04-04 10:27:54,9.53674089032618e-06
2019-04-04 10:27:55,4.76837044516309e-06
2019-04-04 10:27:56,2.384185222581545e-06
2019-04-04 10:27:57,1.1920926112907724e-06
2019-04-04 10:27:58,5.960463056453862e-07
2019-04-04 10:27:59,2.980231528226931e-07
2019-04-04 10:28:00,1.4901157641134655e-07
2019-04-04 10:28:01,7.450578820567328e-08
2019-04-04 10:28:02,3.725289410283664e-08
2019-04-04 10:28:03,1.862644705141832e-08
2019-04-04 10:28:04,9.31322352570916e-09
2019-04-04 10:28:05,4.65661176285458e-09
2019-04-04 10:28:06,2.32830588142729e-09
2019-04-04 10:28:07,1.164152940713645e-09
2019-04-04 10:28:08,5.820764703568225e-10
2019-04-04 10:28:09,2.9103823517841123e-10
2019-04-04 10:28:10,1.4551911758920562e-10
2019-04-04 10:28:11,7.275955879460281e-11
2019-04-04 10:28:12,3.6379779397301404e-11
2019-04-04 10:28:13,1.8189889698650702e-11
2019-04-04 10:28:14,9.094944849325351e-12
2019-04-04 10:28:15,4.5474724246626755e-12
2019-04-04 10:28:16,2.2737362123313377e-12
2019-04-04 10:28:17,1.1368681061656689e-12
2019-04-04 10:28:18,5.684340530828344e-13
2019-04-04 10:28:19,2.842170265414172e-13
2019-04-04 10:28:20,1.421085132707086e-13
2019-04-04 10:28:21,7.10542566353543e-14
2019-04-04 10:28:22,3.552712831767715e-14
2019-04-04 10:28:23,1.7763564158838576e-14
2019-04-04 10:28:24,8.881782079419288e-15
2019-04-04 10:28:25,4.440891039709644e-15
2019-04-04 10:28:26,2.220445519854822e-15
2019-04-04 10:28:27,1.110222759927411e-15
2019-04-04 10:28:28,5.551113799637055e-16
2019-04-04 10:28:29,2.7755568998185275e-16
2019-04-04 10:28:30,1.3877784499092638e-16
2019-04-04 10:28:31,6.938892249546319e-17
2019-04-04 10:28:32,3.4694461247731594e-17
2019-04-04 10:28:33,1.7347230623865797e-17
2019-04-04 10:28:34,8.673615311932899e-18
2019-04-04 10:28:35,4.336807655966449e-18
2019-04-04 10:28:36,2.1684038279832246e-18
2019-04-04 10:28:37,1.0
2019-04-04 10:28:38,0.5
2019-04-04 10:28:39,0.75
2019-04-04 10:28:40,0.375
2019-04-04 10:28:41,0.1875
2019-04-04 10:28:42,3.59375
2019-04-04 10:28:43,1.796875
2019-04-04 10:28:44,0.8984375
2019-04-04 10:28:45,0.44921875
2019-04-04 10:28:46,0.224609375
2019-04-04 10:28:47,0.1123046875
2019-04-04 10:28:48,0.05615234375
2019-04-04 10:28:49,2.528076171875
2019-04-04 10:28:50,1.2640380859375
2019-04-04 10:28:51,0.63201904296875
2019-04-04 10:28:52,0.316009521484375
2019-04-04 10:28:53,0.1580047607421875
2019-04-04 10:28:54,0.07900238037109375
2019-04-04 10:28:55,0.039501190185546875
2019-04-04 10:28:56,0.5197505950927734
2019-04-04 10:28:57,0.2598752975463867
2019-04-04 10:28:58,0.12993764877319336
2019-04-04 10:28:59,0.06496882438659668
2019-04-04 10:29:00,0.03248441219329834
2019-04-04 10:29:01,0.01624220609664917
2019-04-04 10:29:02,0.008121103048324585
2019-04-04 10:29:03,0.0040605515241622925
2019-04-04 10:29:04,0.0020302757620811462
2019-04-04 10:29:05,0.0010151378810405731
2019-04-04 10:29:06,0.0005075689405202866
2019-04-04 10:29:07,2.00025378447026
2019-04-04 10:29:08,1.00012689223513
2019-04-04 10:29:09,1.500063446117565
2019-04-04 10:29:10,0.2500317230587825
2019-04-04 10:29:11,0.12501586152939126
2019-04-04 10:29:12,0.06250793076469563
2019-04-04 10:29:13,0.031253965382347815
2019-04-04 10:29:14,0.015626982691173907
2019-04-04 10:29:15,0.007813491345586954
2019-04-04 10:29:16,0.003906745672793477
2019-04-04 10:29:17,0.0019533728363967384
2019-04-04 10:29:18,0.0009766864181983692
2019-04-04 10:29:19,0.0004883432090991846
2019-04-04 10:29:20,0.0002441716045495923
2019-04-04 10:29:21,0.00012208580227479615
2019-04-04 10:29:22,6.104290113739808e-05
2019-04-04 10:29:23,3.052145056869904e-05
2019-04-04 10:29:24,1.526072528434952e-05
2019-04-04 10:29:25,7.63036264217476e-06
2019-04-04 10:29:26,3.81518132108738e-06
2019-04-04 10:29:27,0.5000019075906605
2019-04-04 10:29:28,0.25000095379533027
2019-04-04 10:29:29,0.6250004768976651
2019-04-04 10:29:30,0.8125002384488326
2019-04-04 10:29:31,0.4062501192244163
2019-04-04 10:29:32,0.20312505961220814
2019-04-04 10:29:33,0.10156252980610407
2019-04-04 10:29:34,0.050781264903052035
2019-04-04 10:29:35,0.025390632451526018
2019-04-04 10:29:36,0.012695316225763009
2019-04-04 10:29:37,2.0063476581128814
2019-04-04 10:29:38,1.0031738290564407
2019-04-04 10:29:39,0.5015869145282204
2019-04-04 10:29:40,0.2507934572641102
2019-04-04 10:29:41,0.1253967286320551
2019-04-04 10:29:42,0.06269836431602754
2019-04-04 10:29:43,7.031349182158014
2019-04-04 10:29:44,3.515674591079007
2019-04-04 10:29:45,1.7578372955395034
2019-04-04 10:29:46,4.878918647769751
2019-04-04 10:29:47,2.4394593238848756
2019-04-04 10:29:48,0.7197296619424378
2019-04-04 10:29:49,0.8598648309712189
2019-04-04 10:29:50,0.42993241548560945
2019-04-04 10:29:51,0.21496620774280473
2019-04-04 10:29:52,0.10748310387140236
2019-04-04 10:29:53,0.05374155193570118
2019-04-04 10:29:54,0.02687077596785059
2019-04-04 10:29:55,0.013435387983925295
2019-04-04 10:29:56,0.006717693991962648
2019-04-04 10:29:57,0.003358846995981324
2019-04-04 10:29:58,0.001679423497990662
2019-04-04 10:29:59,0.000839711748995331
2019-04-04 10:30:00,0.0004198558744976655
2019-04-04 10:30:01,-0.49979007206275117
2019-04-04 10:30:02,-0.24989503603137558
2019-04-04 10:30:03,-0.12494751801568779
2019-04-04 10:30:04,-1.562473759007844
2019-04-04 10:30:05,-0.781236879503922
2019-04-04 10:30:06,-0.390618439751961
2019-04-04 10:30:07,-0.1953092198759805
2019-04-04 10:30:08,-0.09765460993799024
2019-04-04 10:30:09,-0.04882730496899512
2019-04-04 10:30:10,-0.02441365248449756
2019-04-04 10:30:11,-0.01220682624224878
2019-04-04 10:30:12,-2.5061034131211244
2019-04-04 10:30:13,-1.2530517065605622
2019-04-04 10:30:14,-0.6265258532802811
2019-04-04 10:30:15,-0.31326292664014055
2019-04-04 10:30:16,-0.15663146332007027
2019-04-04 10:30:17,0.42168426833996486
2019-04-04 10:30:18,0.21084213416998243
2019-04-04 10:30:19,0.10542106708499122
2019-04-04 10:30:20,0.05271053354249561
2019-04-04 10:30:21,0.026355266771247804
2019-04-04 10:30:22,0.013177633385623902
2019-04-04 10:30:23,0.006588816692811951
2019-04-04 10:30:24,0.0032944083464059755
2019-04-04 10:30:25,0.0016472041732029877
2019-04-04 10:30:26,0.0008236020866014939
2019-04-04 10:30:27,0.00041180104330074694
2019-04-04 10:30:28,0.00020590052165037347
2019-04-04 10:30:29,0.00010295026082518673
2019-04-04 10:30:30,5.147513041259337e-05
2019-04-04 10:30:31,2.5737565206296684e-05
2019-04-04 10:30:32,1.2868782603148342e-05
2019-04-04 10:30:33,-0.4999935656086984
2019-04-04 10:30:34,-0.2499967828043492
2019-04-04 10:30:35,-0.1249983914021746
2019-04-04 10:30:36,-0.0624991957010873
2019-04-04 10:30:37,-0.03124959785054365
2019-04-04 10:30:38,-0.015624798925271825
2019-04-04 10:30:39,-0.0078123994626359125
2019-04-04 10:30:40,-0.0039061997313179562
2019-04-04 10:30:41,-0.0019530998656589781
2019-04-04 10:30:42,-0.0009765499328294891
2019-04-04 10:30:43,-0.00048827496641474453
2019-04-04 10:30:44,-0.00024413748320737226
2019-04-04 10:30:45,-0.00012206874160368613
2019-04-04 10:30:46,-6.1034370801843066e-05
2019-04-04 10:30:47,-3.0517185400921533e-05
2019-04-04 10:30:48,-1.5258592700460767e-05
2019-04-04 10:30:49,-7.629296350230383e-06
2019-04-04 10:30:50,-3.8146481751151916e-06
2019-04-04 10:30:51,0.9999980926759124
2019-04-04 10:30:52,0.4999990463379562
2019-04-04 10:30:53,0.2499995231689781
2019-04-04 10:30:54,0.12499976158448906
2019-04-04 10:30:55,0.06249988079224453
2019-04-04 10:30:56,0.031249940396122264
2019-04-04 10:30:57,0.015624970198061132
2019-04-04 10:30:58,1.5078124850990307
2019-04-04 10:30:59,1.7539062425495153
2019-04-04 10:31:00,0.8769531212747577
2019-04-04 10:31:01,0.43847656063737883
2019-04-04 10:31:02,0.7192382803186894
2019-04-04 10:31:03,0.3596191401593447
2019-04-04 10:31:04,0.17980957007967235
2019-04-04 10:31:05,0.08990478503983618
2019-04-04 10:31:06,0.04495239251991809
2019-04-04 10:31:07,0.022476196259959044
2019-04-04 10:31:08,0.011238098129979522
2019-04-04 10:31:09,0.005619049064989761
2019-04-04 10:31:10,0.0028095245324948805
2019-04-04 10:31:11,0.0014047622662474403
2019-04-04 10:31:12,0.0007023811331237201
2019-04-04 10:31:13,0.00035119056656186007
2019-04-04 10:31:14,0.00017559528328093003
2019-04-04 10:31:15,8.779764164046502e-05
2019-04-04 10:31:16,4.389882082023251e-05
2019-04-04 10:31:17,2.1949410410116254e-05
2019-04-04 10:31:18,1.0974705205058127e-05
2019-04-04 10:31:19,5.4873526025290635e-06
2019-04-04 10:31:20,2.7436763012645318e-06
2019-04-04 10:31:21,1.3718381506322659e-06
2019-04-04 10:31:22,6.859190753161329e-07
2019-04-04 10:31:23,3.4295953765806647e-07
2019-04-04 10:31:24,-2.499999828520231
2019-04-04 10:31:25,-1.2499999142601155
2019-04-04 10:31:26,-0.6249999571300577
2019-04-04 10:31:27,-0.31249997856502887
2019-04-04 10:31:28,-0.15624998928251443
2019-04-04 10:31:29,-0.07812499464125722
2019-04-04 10:31:30,1.9609375026793714
2019-04-04 10:31:31,0.9804687513396857
2019-04-04 10:31:32,0.49023437566984285
2019-04-04 10:31:33,0.24511718783492142
2019-04-04 10:31:34,0.12255859391746071
2019-04-04 10:31:35,0.061279296958730356
2019-04-04 10:31:36,0.030639648479365178
2019-04-04 10:31:37,0.015319824239682589
2019-04-04 10:31:38,0.0076599121198412945
2019-04-04 10:31:39,-0.9961700439400794
2019-04-04 10:31:40,-0.4980850219700397
2019-04-04 10:31:41,-0.24904251098501984
2019-04-04 10:31:42,-0.12452125549250992
2019-04-04 10:31:43,-0.06226062774625496
2019-04-04 10:31:44,-0.03113031387312748
2019-04-04 10:31:45,-0.01556515693656374
2019-04-04 10:31:46,-0.00778257846828187
2019-04-04 10:31:47,-0.003891289234140935
2019-04-04 10:31:48,-0.0019456446170704675
2019-04-04 10:31:49,-0.0009728223085352337
2019-04-04 10:31:50,-0.00048641115426761687
2019-04-04 10:31:51,-0.00024320557713380844
2019-04-04 10:31:52,-0.00012160278856690422
2019-04-04 10:31:53,-6.080139428345211e-05
2019-04-04 10:31:54,-3.0400697141726054e-05
2019-04-04 10:31:55,-1.5200348570863027e-05
2019-04-04 10:31:56,-7.600174285431514e-06
2019-04-04 10:31:57,-3.800087142715757e-06
2019-04-04 10:31:58,2.9999980999564286
2019-04-04 10:31:59,1.4999990499782143
2019-04-04 10:32:00,0.7499995249891072
2019-04-04 10:32:01,0.3749997624945536
2019-04-04 10:32:02,0.1874998812472768
2019-04-04 10:32:03,0.0937499406236384
2019-04-04 10:32:04,0.5468749703118192
2019-04-04 10:32:05,0.2734374851559096
2019-04-04 10:32:06,0.1367187425779548
2019-04-04 10:32:07,0.0683593712889774
2019-04-04 10:32:08,0.0341796856444887
2019-04-04 10:32:09,0.01708984282224435
2019-04-04 10:32:10,0.008544921411122175
2019-04-04 10:32:11,0.0042724607055610875
2019-04-04 10:32:12,0.0021362303527805437
2019-04-04 10:32:13,0.0010681151763902719
2019-04-04 10:32:14,0.0005340575881951359
2019-04-04 10:32:15,0.00026702879409756797
2019-04-04 10:32:16,0.00013351439704878398
2019-04-04 10:32:17,6.675719852439199e-05
2019-04-04 10:32:18,3.3378599262195996e-05
2019-04-04 10:32:19,1.6689299631097998e-05
2019-04-04 10:32:20,8.344649815548999e-06
2019-04-04 10:32:21,4.1723249077744995e-06
2019-04-04 10:32:22,2.0861624538872497e-06
2019-04-04 10:32:23,1.0430812269436249e-06
2019-04-04 10:32:24,5.215406134718124e-07
2019-04-04 10:32:25,2.607703067359062e-07
2019-04-04 10:32:26,1.303851533679531e-07
2019-04-04 10:32:27,6.519257668397655e-08
2019-04-04 10:32:28,3.259628834198828e-08
2019-04-04 10:32:29,1.629814417099414e-08
2019-04-04 10:32:30,8.14907208549707e-09
2019-04-04 10:32:31,4.074536042748535e-09
2019-04-04 10:32:32,2.0372680213742673e-09
2019-04-04 10:32:33,1.0186340106871337e-09
2019-04-04 10:32:34,5.093170053435668e-10
2019-04-04 10:32:35,2.546585026717834e-10
2019-04-04 10:32:36,1.273292513358917e-10
2019-04-04 10:32:37,6.366462566794585e-11
2019-04-04 10:32:38,3.183231283397293e-11
2019-04-04 10:32:39,1.5916156416986464e-11
2019-04-04 10:32:40,7.958078208493232e-12
2019-04-04 10:32:41,3.979039104246616e-12
2019-04-04 10:32:42,0.5000000000019895
2019-04-04 10:32:43,0.25000000000099476
2019-04-04 10:32:44,0.12500000000049738
2019-04-04 10:32:45,0.06250000000024869
2019-04-04 10:32:46,-2.4687499999998757
2019-04-04 10:32:47,-1.2343749999999378
2019-04-04 10:32:48,-0.6171874999999689
2019-04-04 10:32:49,-0.30859374999998446
2019-04-04 10:32:50,-0.15429687499999223
2019-04-04 10:32:51,0.9228515625000039
2019-04-04 10:32:52,7.461425781250002
2019-04-04 10:32:53,4.230712890625001
2019-04-04 10:32:54,2.1153564453125004
2019-04-04 10:32:55,1.5576782226562502
2019-04-04 10:32:56,0.7788391113281251
2019-04-04 10:32:57,0.38941955566406256
2019-04-04 10:32:58,0.19470977783203128
2019-04-04 10:32:59,-2.9026451110839844
2019-04-04 10:33:00,-1.4513225555419922
2019-04-04 10:33:01,-0.7256612777709961
2019-04-04 10:33:02,-0.36283063888549805
2019-04-04 10:33:03,-0.18141531944274902
2019-04-04 10:33:04,-0.09070765972137451
2019-04-04 10:33:05,-0.045353829860687256
2019-04-04 10:33:06,-0.022676914930343628
2019-04-04 10:33:07,-0.011338457465171814
2019-04-04 10:33:08,-0.005669228732585907
2019-04-04 10:33:09,-0.0028346143662929535
2019-04-04 10:33:10,-0.0014173071831464767
2019-04-04 10:33:11,-0.0007086535915732384
2019-04-04 10:33:12,-0.0003543267957866192
2019-04-04 10:33:13,-0.0001771633978933096
2019-04-04 10:33:14,-8.85816989466548e-05
2019-04-04 10:33:15,-4.42908494733274e-05
2019-04-04 10:33:16,-2.21454247366637e-05
2019-04-04 10:33:17,-1.107271236833185e-05
2019-04-04 10:33:18,1.4999944636438158
2019-04-04 10:33:19,0.7499972318219079
2019-04-04 10:33:20,0.37499861591095396
2019-04-04 10:33:21,0.18749930795547698
2019-04-04 10:33:22,0.09374965397773849
2019-04-04 10:33:23,0.046874826988869245
2019-04-04 10:33:24,0.5234374134944346
2019-04-04 10:33:25,-1.2382812932527827
2019-04-04 10:33:26,-1.1191406466263913
2019-04-04 10:33:27,-1.5595703233131957
2019-04-04 10:33:28,-0.27978516165659784
2019-04-04 10:33:29,-0.13989258082829892
2019-04-04 10:33:30,-0.06994629041414946
2019-04-04 10:33:31,-0.03497314520707473
2019-04-04 10:33:32,-0.017486572603537365
2019-04-04 10:33:33,-0.008743286301768682
2019-04-04 10:33:34,-0.004371643150884341
2019-04-04 10:33:35,-0.0021858215754421706
2019-04-04 10:33:36,-0.0010929107877210853
2019-04-04 10:33:37,-0.0005464553938605426
2019-04-04 10:33:38,-0.0002732276969302713
2019-04-04 10:33:39,0.9998633861515349
2019-04-04 10:33:40,0.49993169307576746
2019-04-04 10:33:41,0.24996584653788373
2019-04-04 10:33:42,0.12498292326894186
2019-04-04 10:33:43,0.06249146163447093
2019-04-04 10:33:44,0.031245730817235466
2019-04-04 10:33:45,0.015622865408617733
2019-04-04 10:33:46,0.0078114327043088665
2019-04-04 10:33:47,0.0039057163521544333
2019-04-04 10:33:48,0.0019528581760772166
2019-04-04 10:33:49,0.0009764290880386083
2019-04-04 10:33:50,-0.4995117854559807
2019-04-04 10:33:51,-0.24975589272799034
2019-04-04 10:33:52,-0.12487794636399517
2019-04-04 10:33:53,-0.5624389731819975
2019-04-04 10:33:54,-0.28121948659099877
2019-04-04 10:33:55,-0.14060974329549938
2019-04-04 10:33:56,-0.07030487164774969
2019-04-04 10:33:57,-0.035152435823874846
2019-04-04 10:33:58,-0.017576217911937423
2019-04-04 10:33:59,-0.008788108955968712
2019-04-04 10:34:00,-0.004394054477984356
2019-04-04 10:34:01,-0.002197027238992178
2019-04-04 10:34:02,-0.001098513619496089
2019-04-04 10:34:03,-0.0005492568097480445
2019-04-04 10:34:04,-0.00027462840487402223
2019-04-04 10:34:05,-0.00013731420243701112
2019-04-04 10:34:06,-6.865710121850556e-05
2019-04-04 10:34:07,-0.5000343285506093
2019-04-04 10:34:08,-0.2500171642753046
2019-04-04 10:34:09,-0.1250085821376523
2019-04-04 10:34:10,-0.06250429106882616
2019-04-04 10:34:11,-0.03125214553441308
2019-04-04 10:34:12,-0.01562607276720654
2019-04-04 10:34:13,-0.5078130363836033
2019-04-04 10:34:14,-0.25390651819180166
2019-04-04 10:34:15,-0.12695325909590083
2019-04-04 10:34:16,-0.06347662954795041
2019-04-04 10:34:17,-0.03173831477397521
2019-04-04 10:34:18,-0.015869157386987603
2019-04-04 10:34:19,0.9920654213065062
2019-04-04 10:34:20,0.4960327106532531
2019-04-04 10:34:21,0.24801635532662655
2019-04-04 10:34:22,0.12400817766331328
2019-04-04 10:34:23,0.06200408883165664
2019-04-04 10:34:24,0.03100204441582832
2019-04-04 10:34:25,0.01550102220791416
2019-04-04 10:34:26,-0.4922494888960429
2019-04-04 10:34:27,-0.24612474444802146
2019-04-04 10:34:28,-0.12306237222401073
2019-04-04 10:34:29,-0.061531186112005365
2019-04-04 10:34:30,-0.030765593056002682
2019-04-04 10:34:31,-0.015382796528001341
2019-04-04 10:34:32,-0.007691398264000671
2019-04-04 10:34:33,-0.0038456991320003353
2019-04-04 10:34:34,-0.0019228495660001677
2019-04-04 10:34:35,-0.5009614247830001
2019-04-04 10:34:36,-0.25048071239150005
2019-04-04 10:34:37,-0.12524035619575002
2019-04-04 10:34:38,-0.06262017809787501
2019-04-04 10:34:39,-0.031310089048937506
2019-04-04 10:34:40,-0.015655044524468753
2019-04-04 10:34:41,-0.007827522262234377
2019-04-04 10:34:42,-0.003913761131117188
2019-04-04 10:34:43,0.4980431194344414
2019-04-04 10:34:44,-0.25097844028277927
2019-04-04 10:34:45,-0.12548922014138963
2019-04-04 10:34:46,-0.06274461007069482
2019-04-04 10:34:47,-0.03137230503534741
2019-04-04 10:34:48,-0.5156861525176737
2019-04-04 10:34:49,-0.25784307625883685
2019-04-04 10:34:50,-0.12892153812941842
2019-04-04 10:34:51,-0.06446076906470921
2019-04-04 10:34:52,-0.032230384532354606
2019-04-04 10:34:53,-0.016115192266177303
2019-04-04 10:34:54,-0.008057596133088651
2019-04-04 10:34:55,0.4959712019334557
2019-04-04 10:34:56,0.24798560096672784
2019-04-04 10:34:57,-0.3760071995166361
2019-04-04 10:34:58,-0.18800359975831804
2019-04-04 10:34:59,-0.09400179987915902
2019-04-04 10:35:00,-0.04700089993957951
2019-04-04 10:35:01,-0.023500449969789755
2019-04-04 10:35:02,-0.011750224984894878
2019-04-04 10:35:03,-0.005875112492447439
2019-04-04 10:35:04,-0.0029375562462237194
2019-04-04 10:35:05,-0.0014687781231118597
2019-04-04 10:35:06,-0.0007343890615559298
2019-04-04 10:35:07,0.499632805469222
2019-04-04 10:35:08,0.249816402734611
2019-04-04 10:35:09,0.1249082013673055
2019-04-04 10:35:10,0.06245410068365275
2019-04-04 10:35:11,0.031227050341826375
2019-04-04 10:35:12,0.015613525170913188
2019-04-04 10:35:13,0.007806762585456594
2019-04-04 10:35:14,-0.9960966187072717
2019-04-04 10:35:15,-0.49804830935363587
2019-04-04 10:35:16,-0.24902415467681793
2019-04-04 10:35:17,-0.12451207733840897
2019-04-04 10:35:18,-0.06225603866920448
2019-04-04 10:35:19,-0.03112801933460224
2019-04-04 10:35:20,-0.01556400966730112
2019-04-04 10:35:21,-0.00778200483365056
2019-04-04 10:35:22,-0.00389100241682528
2019-04-04 10:35:23,-0.00194550120841264
2019-04-04 10:35:24,-0.00097275060420632
2019-04-04 10:35:25,-0.00048637530210316
2019-04-04 10:35:26,-0.00024318765105158
2019-04-04 10:35:27,-0.00012159382552579
2019-04-04 10:35:28,-6.0796912762895e-05
2019-04-04 10:35:29,-3.03984563814475e-05
2019-04-04 10:35:30,-0.5000151992281907
2019-04-04 10:35:31,-0.25000759961409535
2019-04-04 10:35:32,-0.12500379980704768
2019-04-04 10:35:33,-0.06250189990352384
2019-04-04 10:35:34,-0.03125094995176192
2019-04-04 10:35:35,-0.01562547497588096
2019-04-04 10:35:36,-0.00781273748794048
2019-04-04 10:35:37,0.4960936312560298
2019-04-04 10:35:38,0.2480468156280149
2019-04-04 10:35:39,0.12402340781400745
2019-04-04 10:35:40,0.062011703907003723
2019-04-04 10:35:41,0.031005851953501862
2019-04-04 10:35:42,0.015502925976750931
2019-04-04 10:35:43,0.0077514629883754654
2019-04-04 10:35:44,0.0038757314941877327
2019-04-04 10:35:45,0.0019378657470938664
2019-04-04 10:35:46,0.0009689328735469332
2019-04-04 10:35:47,0.0004844664367734666
2019-04-04 10:35:48,-1.4997577667816133
2019-04-04 10:35:49,-0.7498788833908067
2019-04-04 10:35:50,-0.37493944169540333
2019-04-04 10:35:51,-0.18746972084770167
2019-04-04 10:35:52,-0.09373486042385083
2019-04-04 10:35:53,-0.046867430211925416
2019-04-04 10:35:54,-0.023433715105962708
2019-04-04 10:35:55,-0.011716857552981354
2019-04-04 10:35:56,-0.005858428776490677
2019-04-04 10:35:57,-0.0029292143882453385
2019-04-04 10:35:58,-0.0014646071941226693
2019-04-04 10:35:59,-0.0007323035970613346
2019-04-04 10:36:00,0.49963384820146933
2019-04-04 10:36:01,0.24981692410073467
2019-04-04 10:36:02,0.12490846205036733
2019-04-04 10:36:03,0.06245423102518367
2019-04-04 10:36:04,0.031227115512591833
2019-04-04 10:36:05,0.015613557756295917
2019-04-04 10:36:06,0.007806778878147958
2019-04-04 10:36:07,0.003903389439073979
2019-04-04 10:36:08,0.0019516947195369896
2019-04-04 10:36:09,0.0009758473597684948
2019-04-04 10:36:10,0.0004879236798842474
2019-04-04 10:36:11,0.0002439618399421237
2019-04-04 10:36:12,0.00012198091997106185
2019-04-04 10:36:13,6.0990459985530924e-05
2019-04-04 10:36:14,-0.9999695047700072
2019-04-04 10:36:15,-0.4999847523850036
2019-04-04 10:36:16,-0.2499923761925018
2019-04-04 10:36:17,-0.1249961880962509
2019-04-04 10:36:18,-0.06249809404812545
2019-04-04 10:36:19,-0.031249047024062726
2019-04-04 10:36:20,-0.015624523512031363
2019-04-04 10:36:21,-0.0078122617560156815
2019-04-04 10:36:22,-0.0039061308780078408
2019-04-04 10:36:23,-0.0019530654390039204
2019-04-04 10:36:24,-0.0009765327195019602
2019-04-04 10:36:25,-0.0004882663597509801
2019-04-04 10:36:26,-0.00024413317987549005
2019-04-04 10:36:27,-0.00012206658993774502
2019-04-04 10:36:28,-6.103329496887251e-05
2019-04-04 10:36:29,-1.0000305166474845
2019-04-04 10:36:30,-5.000015258323742
2019-04-04 10:36:31,-2.500007629161871
2019-04-04 10:36:32,-3.2500038145809356
2019-04-04 10:36:33,-1.6250019072904678
2019-04-04 10:36:34,-0.8125009536452339
2019-04-04 10:36:35,-0.40625047682261695
2019-04-04 10:36:36,-0.20312523841130847
2019-04-04 10:36:37,-0.10156261920565424
2019-04-04 10:36:38,-0.05078130960282712
2019-04-04 10:36:39,-0.02539065480141356
2019-04-04 10:36:40,-1.512695327400707
2019-04-04 10:36:41,-0.7563476637003534
2019-04-04 10:36:42,-0.3781738318501767
2019-04-04 10:36:43,-0.18908691592508836
2019-04-04 10:36:44,-0.09454345796254418
2019-04-04 10:36:45,-0.04727172898127209
2019-04-04 10:36:46,-0.023635864490636045
2019-04-04 10:36:47,-0.011817932245318023
2019-04-04 10:36:48,-0.005908966122659011
2019-04-04 10:36:49,-0.0029544830613295056
2019-04-04 10:36:50,-0.0014772415306647528
2019-04-04 10:36:51,-0.0007386207653323764
2019-04-04 10:36:52,-0.0003693103826661882
2019-04-04 10:36:53,-0.0001846551913330941
2019-04-04 10:36:54,-9.232759566654705e-05
2019-04-04 10:36:55,-4.6163797833273526e-05
2019-04-04 10:36:56,-5.000023081898917
2019-04-04 10:36:57,-2.5000115409494583
2019-04-04 10:36:58,-2.750005770474729
2019-04-04 10:36:59,-1.3750028852373646
2019-04-04 10:37:00,0.3124985573813177
2019-04-04 10:37:01,0.15624927869065885
2019-04-04 10:37:02,0.07812463934532943
2019-04-04 10:37:03,0.039062319672664714
2019-04-04 10:37:04,0.019531159836332357
2019-04-04 10:37:05,0.009765579918166178
2019-04-04 10:37:06,0.004882789959083089
2019-04-04 10:37:07,0.0024413949795415446
2019-04-04 10:37:08,0.0012206974897707723
2019-04-04 10:37:09,0.0006103487448853862
2019-04-04 10:37:10,0.0003051743724426931
2019-04-04 10:37:11,1.5001525871862214
2019-04-04 10:37:12,0.7500762935931107
2019-04-04 10:37:13,0.37503814679655534
2019-04-04 10:37:14,0.18751907339827767
2019-04-04 10:37:15,0.09375953669913883
2019-04-04 10:37:16,0.04687976834956942
2019-04-04 10:37:17,0.02343988417478471
2019-04-04 10:37:18,0.011719942087392354
2019-04-04 10:37:19,0.005859971043696177
2019-04-04 10:37:20,0.0029299855218480886
2019-04-04 10:37:21,0.0014649927609240443
2019-04-04 10:37:22,0.0007324963804620221
2019-04-04 10:37:23,0.00036624819023101107
2019-04-04 10:37:24,0.00018312409511550554
2019-04-04 10:37:25,9.156204755775277e-05
2019-04-04 10:37:26,-1.4999542189762212
2019-04-04 10:37:27,-0.7499771094881106
2019-04-04 10:37:28,-0.3749885547440553
2019-04-04 10:37:29,0.8125057226279724
2019-04-04 10:37:30,0.4062528613139862
2019-04-04 10:37:31,0.2031264306569931
2019-04-04 10:37:32,0.10156321532849655
2019-04-04 10:37:33,0.050781607664248274
2019-04-04 10:37:34,0.025390803832124137
2019-04-04 10:37:35,0.012695401916062068
2019-04-04 10:37:36,0.006347700958031034
2019-04-04 10:37:37,0.003173850479015517
2019-04-04 10:37:38,0.0015869252395077586
2019-04-04 10:37:39,0.0007934626197538793
2019-04-04 10:37:40,0.00039673130987693964
2019-04-04 10:37:41,0.00019836565493846982
2019-04-04 10:37:42,9.918282746923491e-05
2019-04-04 10:37:43,1.5000495914137346
2019-04-04 10:37:44,0.7500247957068673
2019-04-04 10:37:45,0.37501239785343365
2019-04-04 10:37:46,0.18750619892671683
2019-04-04 10:37:47,0.09375309946335841
2019-04-04 10:37:48,0.04687654973167921
2019-04-04 10:37:49,0.023438274865839603
2019-04-04 10:37:50,0.011719137432919802
2019-04-04 10:37:51,0.5058595687164599
2019-04-04 10:37:52,0.25292978435822994
2019-04-04 10:37:53,-0.37353510782088506
2019-04-04 10:37:54,-0.18676755391044253
2019-04-04 10:37:55,-0.09338377695522126
2019-04-04 10:37:56,-0.04669188847761063
2019-04-04 10:37:57,-0.023345944238805316
2019-04-04 10:37:58,-0.011672972119402658
2019-04-04 10:37:59,-0.005836486059701329
2019-04-04 10:38:00,-0.0029182430298506645
2019-04-04 10:38:01,-0.0014591215149253323
2019-04-04 10:38:02,-0.0007295607574626661
2019-04-04 10:38:03,-0.00036478037873133307
2019-04-04 10:38:04,-0.00018239018936566653
2019-04-04 10:38:05,-9.119509468283327e-05
2019-04-04 10:38:06,-4.559754734141663e-05
2019-04-04 10:38:07,-2.2798773670708317e-05
2019-04-04 10:38:08,-1.1399386835354158e-05
2019-04-04 10:38:09,-5.699693417677079e-06
2019-04-04 10:38:10,-2.8498467088385396e-06
2019-04-04 10:38:11,-1.4249233544192698e-06
2019-04-04 10:38:12,-7.124616772096349e-07
2019-04-04 10:38:13,-3.5623083860481745e-07
2019-04-04 10:38:14,-1.7811541930240872e-07
2019-04-04 10:38:15,-8.905770965120436e-08
2019-04-04 10:38:16,-4.452885482560218e-08
2019-04-04 10:38:17,0.4999999777355726
2019-04-04 10:38:18,0.2499999888677863
2019-04-04 10:38:19,0.12499999443389315
2019-04-04 10:38:20,0.06249999721694657
2019-04-04 10:38:21,0.031249998608473287
2019-04-04 10:38:22,0.015624999304236643
2019-04-04 10:38:23,0.007812499652118322
2019-04-04 10:38:24,0.003906249826059161
2019-04-04 10:38:25,0.0019531249130295804
2019-04-04 10:38:26,0.0009765624565147902
2019-04-04 10:38:27,0.0004882812282573951
2019-04-04 10:38:28,-1.4997558593858713
2019-04-04 10:38:29,-0.7498779296929357
2019-04-04 10:38:30,-0.3749389648464678
2019-04-04 10:38:31,-0.1874694824232339
2019-04-04 10:38:32,-0.09373474121161696
2019-04-04 10:38:33,-0.04686737060580848
2019-04-04 10:38:34,-0.02343368530290424
2019-04-04 10:38:35,-0.01171684265145212
2019-04-04 10:38:36,-0.00585842132572606
2019-04-04 10:38:37,-0.00292921066286303
2019-04-04 10:38:38,-0.001464605331431515
2019-04-04 10:38:39,-0.0007323026657157575
2019-04-04 10:38:40,-0.00036615133285787874
2019-04-04 10:38:41,-0.00018307566642893937
2019-04-04 10:38:42,-9.153783321446968e-05
2019-04-04 10:38:43,-0.5000457689166072
2019-04-04 10:38:44,-0.2500228844583036
2019-04-04 10:38:45,-0.1250114422291518
2019-04-04 10:38:46,-0.0625057211145759
2019-04-04 10:38:47,-0.03125286055728795
2019-04-04 10:38:48,-0.015626430278643976
2019-04-04 10:38:49,-0.007813215139321988
2019-04-04 10:38:50,-0.003906607569660994
2019-04-04 10:38:51,-0.001953303784830497
2019-04-04 10:38:52,-0.0009766518924152485
2019-04-04 10:38:53,-0.0004883259462076243
2019-04-04 10:38:54,-0.0002441629731038121
2019-04-04 10:38:55,-0.00012208148655190606
2019-04-04 10:38:56,-6.104074327595303e-05
2019-04-04 10:38:57,-3.0520371637976516e-05
2019-04-04 10:38:58,-1.5260185818988258e-05
2019-04-04 10:38:59,-7.630092909494129e-06
2019-04-04 10:39:00,-3.8150464547470645e-06
2019-04-04 10:39:01,-1.9075232273735322e-06
2019-04-04 10:39:02,-9.537616136867661e-07
2019-04-04 10:39:03,-4.768808068433831e-07
2019-04-04 10:39:04,-2.3844040342169153e-07
2019-04-04 10:39:05,-1.1922020171084577e-07
2019-04-04 10:39:06,-5.961010085542288e-08
2019-04-04 10:39:07,-2.980505042771144e-08
2019-04-04 10:39:08,-1.490252521385572e-08
2019-04-04 10:39:09,-7.45126260692786e-09
2019-04-04 10:39:10,-3.72563130346393e-09
2019-04-04 10:39:11,-1.862815651731965e-09
2019-04-04 10:39:12,-9.314078258659825e-10
2019-04-04 10:39:13,-4.657039129329913e-10
2019-04-04 10:39:14,-2.3285195646649564e-10
2019-04-04 10:39:15,-1.1642597823324782e-10
2019-04-04 10:39:16,-5.821298911662391e-11
2019-04-04 10:39:17,-2.9106494558311954e-11
2019-04-04 10:39:18,-1.4553247279155977e-11
2019-04-04 10:39:19,-7.276623639577989e-12
2019-04-04 10:39:20,-3.638311819788994e-12
2019-04-04 10:39:21,-1.819155909894497e-12
2019-04-04 10:39:22,-9.095779549472486e-13
2019-04-04 10:39:23,-4.547889774736243e-13
2019-04-04 10:39:24,-2.2739448873681214e-13
2019-04-04 10:39:25,-1.1369724436840607e-13
2019-04-04 10:39:26,-5.684862218420304e-14
2019-04-04 10:39:27,-2.842431109210152e-14
2019-04-04 10:39:28,-1.421215554605076e-14
2019-04-04 10:39:29,-7.10607777302538e-15
2019-04-04 10:39:30,-3.55303888651269e-15
2019-04-04 10:39:31,-1.776519443256345e-15
2019-04-04 10:39:32,-0.5000000000000009
2019-04-04 10:39:33,-0.25000000000000044
2019-04-04 10:39:34,-0.12500000000000022
2019-04-04 10:39:35,-0.06250000000000011
2019-04-04 10:39:36,-0.031250000000000056
2019-04-04 10:39:37,-0.015625000000000028
2019-04-04 10:39:38,-0.007812500000000014
2019-04-04 10:39:39,-0.003906250000000007
2019-04-04 10:39:40,-0.0019531250000000035
2019-04-04 10:39:41,-0.0009765625000000017
2019-04-04 10:39:42,-0.0004882812500000009
2019-04-04 10:39:43,-0.00024414062500000043
2019-04-04 10:39:44,-0.00012207031250000022
2019-04-04 10:39:45,-6.103515625000011e-05
2019-04-04 10:39:46,-3.0517578125000054e-05
2019-04-04 10:39:47,-1.5258789062500027e-05
2019-04-04 10:39:48,-7.629394531250014e-06
2019-04-04 10:39:49,-3.814697265625007e-06
2019-04-04 10:39:50,-1.9073486328125034e-06
2019-04-04 10:39:51,-9.536743164062517e-07
2019-04-04 10:39:52,-4.768371582031258e-07
2019-04-04 10:39:53,-2.384185791015629e-07
2019-04-04 10:39:54,-1.1920928955078146e-07
2019-04-04 10:39:55,-5.960464477539073e-08
2019-04-04 10:39:56,-2.9802322387695365e-08
2019-04-04 10:39:57,-1.4901161193847683e-08
2019-04-04 10:39:58,-7.450580596923841e-09
2019-04-04 10:39:59,-3.725290298461921e-09
2019-04-04 10:40:00,-1.8626451492309603e-09
2019-04-04 10:40:01,-9.313225746154802e-10
2019-04-04 10:40:02,-0.5000000004656613
2019-04-04 10:40:03,-0.25000000023283064
2019-04-04 10:40:04,-0.12500000011641532
2019-04-04 10:40:05,-0.06250000005820766
2019-04-04 10:40:06,-0.03125000002910383
2019-04-04 10:40:07,-1.515625000014552
2019-04-04 10:40:08,-0.757812500007276
2019-04-04 10:40:09,-0.378906250003638
2019-04-04 10:40:10,-0.189453125001819
2019-04-04 10:40:11,-0.0947265625009095
2019-04-04 10:40:12,-0.04736328125045475
2019-04-04 10:40:13,-0.023681640625227374
2019-04-04 10:40:14,-0.011840820312613687
2019-04-04 10:40:15,-0.005920410156306843
2019-04-04 10:40:16,-0.0029602050781534217
2019-04-04 10:40:17,-0.0014801025390767109
2019-04-04 10:40:18,-0.0007400512695383554
2019-04-04 10:40:19,-0.0003700256347691777
2019-04-04 10:40:20,-0.00018501281738458886
2019-04-04 10:40:21,-9.250640869229443e-05
2019-04-04 10:40:22,-3.000046253204346
2019-04-04 10:40:23,-1.500023126602173
2019-04-04 10:40:24,-0.7500115633010865
2019-04-04 10:40:25,-0.37500578165054327
2019-04-04 10:40:26,-0.18750289082527163
2019-04-04 10:40:27,-0.09375144541263582
2019-04-04 10:40:28,-0.04687572270631791
2019-04-04 10:40:29,-0.023437861353158954
2019-04-04 10:40:30,-0.011718930676579477
2019-04-04 10:40:31,-0.005859465338289739
2019-04-04 10:40:32,-0.0029297326691448693
2019-04-04 10:40:33,-0.0014648663345724346
2019-04-04 10:40:34,-0.0007324331672862173
2019-04-04 10:40:35,-0.00036621658364310866
2019-04-04 10:40:36,-0.5001831082918216
2019-04-04 10:40:37,-0.2500915541459108
2019-04-04 10:40:38,-0.1250457770729554
2019-04-04 10:40:39,-0.0625228885364777
2019-04-04 10:40:40,-0.03126144426823885
2019-04-04 10:40:41,-0.015630722134119424
2019-04-04 10:40:42,-0.007815361067059712
2019-04-04 10:40:43,-0.003907680533529856
2019-04-04 10:40:44,-0.001953840266764928
2019-04-04 10:40:45,-0.000976920133382464
2019-04-04 10:40:46,-0.000488460066691232
2019-04-04 10:40:47,-0.000244230033345616
2019-04-04 10:40:48,-0.000122115016672808
2019-04-04 10:40:49,-6.1057508336404e-05
2019-04-04 10:40:50,-3.0528754168202e-05
2019-04-04 10:40:51,-1.5264377084101e-05
2019-04-04 10:40:52,-7.6321885420505e-06
2019-04-04 10:40:53,-3.81609427102525e-06
2019-04-04 10:40:54,-1.908047135512625e-06
2019-04-04 10:40:55,-9.540235677563125e-07
2019-04-04 10:40:56,-4.770117838781562e-07
2019-04-04 10:40:57,-2.385058919390781e-07
2019-04-04 10:40:58,-1.1925294596953906e-07
2019-04-04 10:40:59,-5.962647298476953e-08
2019-04-04 10:41:00,-2.9813236492384765e-08
2019-04-04 10:41:01,-1.4906618246192382e-08
2019-04-04 10:41:02,-7.453309123096191e-09
2019-04-04 10:41:03,-3.726654561548096e-09
2019-04-04 10:41:04,-1.863327280774048e-09
2019-04-04 10:41:05,-9.31663640387024e-10
2019-04-04 10:41:06,-4.65831820193512e-10
2019-04-04 10:41:07,-2.32915910096756e-10
2019-04-04 10:41:08,-4.000000000116458
2019-04-04 10:41:09,-2.000000000058229
2019-04-04 10:41:10,-1.0000000000291145
2019-04-04 10:41:11,-0.5000000000145572
2019-04-04 10:41:12,-0.2500000000072786
2019-04-04 10:41:13,-0.1250000000036393
2019-04-04 10:41:14,-0.06250000000181966
2019-04-04 10:41:15,-0.03125000000090983
2019-04-04 10:41:16,-0.015625000000454914
2019-04-04 10:41:17,-0.007812500000227457
2019-04-04 10:41:18,-0.0039062500001137285
2019-04-04 10:41:19,-0.0019531250000568642
2019-04-04 10:41:20,-0.0009765625000284321
2019-04-04 10:41:21,-0.0004882812500142161
2019-04-04 10:41:22,-0.00024414062500710803
2019-04-04 10:41:23,-1.5001220703125036
2019-04-04 10:41:24,-0.7500610351562518
2019-04-04 10:41:25,-0.3750305175781259
2019-04-04 10:41:26,0.31248474121093706
2019-04-04 10:41:27,1.6562423706054685
2019-04-04 10:41:28,0.8281211853027343
2019-04-04 10:41:29,0.41406059265136713
2019-04-04 10:41:30,0.20703029632568357
2019-04-04 10:41:31,0.10351514816284178
2019-04-04 10:41:32,0.05175757408142089
2019-04-04 10:41:33,0.025878787040710446
2019-04-04 10:41:34,0.012939393520355223
2019-04-04 10:41:35,0.0064696967601776114
2019-04-04 10:41:36,0.0032348483800888057
2019-04-04 10:41:37,0.0016174241900444029
2019-04-04 10:41:38,0.0008087120950222014
2019-04-04 10:41:39,0.0004043560475111007
2019-04-04 10:41:40,0.00020217802375555036
2019-04-04 10:41:41,0.00010108901187777518
2019-04-04 10:41:42,5.054450593888759e-05
2019-04-04 10:41:43,2.5272252969443795e-05
2019-04-04 10:41:44,1.2636126484721897e-05
2019-04-04 10:41:45,2.0000063180632424
2019-04-04 10:41:46,1.0000031590316212
2019-04-04 10:41:47,0.5000015795158106
2019-04-04 10:41:48,0.2500007897579053
2019-04-04 10:41:49,0.12500039487895265
2019-04-04 10:41:50,0.06250019743947632
2019-04-04 10:41:51,0.03125009871973816
2019-04-04 10:41:52,0.01562504935986908
2019-04-04 10:41:53,0.00781252467993454
2019-04-04 10:41:54,0.00390626233996727
2019-04-04 10:41:55,0.001953131169983635
2019-04-04 10:41:56,0.0009765655849918176
2019-04-04 10:41:57,0.0004882827924959088
2019-04-04 10:41:58,0.0002441413962479544
2019-04-04 10:41:59,0.0001220706981239772
2019-04-04 10:42:00,6.10353490619886e-05
2019-04-04 10:42:01,3.05176745309943e-05
2019-04-04 10:42:02,1.525883726549715e-05
2019-04-04 10:42:03,7.629418632748575e-06
2019-04-04 10:42:04,3.814709316374287e-06
2019-04-04 10:42:05,1.9073546581871437e-06
2019-04-04 10:42:06,9.536773290935718e-07
2019-04-04 10:42:07,4.768386645467859e-07
2019-04-04 10:42:08,2.3841933227339296e-07
2019-04-04 10:42:09,1.1920966613669648e-07
2019-04-04 10:42:10,5.960483306834824e-08
2019-04-04 10:42:11,2.0000000298024165
2019-04-04 10:42:12,1.0000000149012083
2019-04-04 10:42:13,0.5000000074506041
2019-04-04 10:42:14,0.25000000372530207
2019-04-04 10:42:15,0.12500000186265103
2019-04-04 10:42:16,0.06250000093132552
2019-04-04 10:42:17,0.03125000046566276
2019-04-04 10:42:18,0.01562500023283138
2019-04-04 10:42:19,0.00781250011641569
2019-04-04 10:42:20,0.003906250058207845
2019-04-04 10:42:21,0.0019531250291039224
2019-04-04 10:42:22,0.0009765625145519612
2019-04-04 10:42:23,0.0004882812572759806
2019-04-04 10:42:24,0.0002441406286379903
2019-04-04 10:42:25,0.00012207031431899515
2019-04-04 10:42:26,6.103515715949757e-05
2019-04-04 10:42:27,3.051757857974879e-05
2019-04-04 10:42:28,1.5258789289874394e-05
2019-04-04 10:42:29,7.629394644937197e-06
2019-04-04 10:42:30,3.8146973224685984e-06
2019-04-04 10:42:31,1.9073486612342992e-06
2019-04-04 10:42:32,9.536743306171496e-07
2019-04-04 10:42:33,4.768371653085748e-07
2019-04-04 10:42:34,2.384185826542874e-07
2019-04-04 10:42:35,1.192092913271437e-07
2019-04-04 10:42:36,5.960464566357185e-08
2019-04-04 10:42:37,2.9802322831785925e-08
2019-04-04 10:42:38,1.4901161415892963e-08
2019-04-04 10:42:39,7.450580707946481e-09
2019-04-04 10:42:40,3.725290353973241e-09
2019-04-04 10:42:41,1.8626451769866203e-09
2019-04-04 10:42:42,9.313225884933102e-10
2019-04-04 10:42:43,4.656612942466551e-10
2019-04-04 10:42:44,2.3283064712332754e-10
2019-04-04 10:42:45,1.1641532356166377e-10
2019-04-04 10:42:46,5.820766178083189e-11
2019-04-04 10:42:47,2.910383089041594e-11
2019-04-04 10:42:48,1.455191544520797e-11
2019-04-04 10:42:49,7.275957722603986e-12
2019-04-04 10:42:50,3.637978861301993e-12
2019-04-04 10:42:51,1.8189894306509964e-12
2019-04-04 10:42:52,9.094947153254982e-13
2019-04-04 10:42:53,4.547473576627491e-13
2019-04-04 10:42:54,2.2737367883137455e-13
2019-04-04 10:42:55,1.1368683941568728e-13
2019-04-04 10:42:56,5.684341970784364e-14
2019-04-04 10:42:57,0.5000000000000284
2019-04-04 10:42:58,0.2500000000000142
2019-04-04 10:42:59,0.1250000000000071
2019-04-04 10:43:00,0.06250000000000355
2019-04-04 10:43:01,0.031250000000001776
2019-04-04 10:43:02,0.015625000000000888
2019-04-04 10:43:03,0.007812500000000444
2019-04-04 10:43:04,0.003906250000000222
2019-04-04 10:43:05,0.001953125000000111
2019-04-04 10:43:06,0.0009765625000000555
2019-04-04 10:43:07,0.0004882812500000278
2019-04-04 10:43:08,0.0002441406250000139
2019-04-04 10:43:09,0.00012207031250000694
2019-04-04 10:43:10,-0.49993896484375
2019-04-04 10:43:11,-3.249969482421875
2019-04-04 10:43:12,-1.6249847412109375
2019-04-04 10:43:13,-0.8124923706054688
2019-04-04 10:43:14,-0.4062461853027344
2019-04-04 10:43:15,-0.2031230926513672
2019-04-04 10:43:16,-0.1015615463256836
2019-04-04 10:43:17,-0.0507807731628418
2019-04-04 10:43:18,-0.0253903865814209
2019-04-04 10:43:19,-0.01269519329071045
2019-04-04 10:43:20,-0.006347596645355225
2019-04-04 10:43:21,-0.0031737983226776123
2019-04-04 10:43:22,-0.0015868991613388062
2019-04-04 10:43:23,-0.0007934495806694031
2019-04-04 10:43:24,-0.00039672479033470154
2019-04-04 10:43:25,-0.00019836239516735077
2019-04-04 10:43:26,-9.918119758367538e-05
2019-04-04 10:43:27,-4.959059879183769e-05
2019-04-04 10:43:28,-2.4795299395918846e-05
2019-04-04 10:43:29,-1.2397649697959423e-05
2019-04-04 10:43:30,-6.1988248489797115e-06
2019-04-04 10:43:31,-3.0994124244898558e-06
2019-04-04 10:43:32,-1.5497062122449279e-06
2019-04-04 10:43:33,-7.748531061224639e-07
2019-04-04 10:43:34,-3.8742655306123197e-07
2019-04-04 10:43:35,-1.9371327653061599e-07
2019-04-04 10:43:36,-9.685663826530799e-08
2019-04-04 10:43:37,-4.8428319132653996e-08
2019-04-04 10:43:38,-2.4214159566326998e-08
2019-04-04 10:43:39,-1.2107079783163499e-08
2019-04-04 10:43:40,-6.0535398915817495e-09
2019-04-04 10:43:41,3.49999999697323
2019-04-04 10:43:42,1.749999998486615
2019-04-04 10:43:43,0.8749999992433075
2019-04-04 10:43:44,0.43749999962165376
2019-04-04 10:43:45,0.21874999981082688
2019-04-04 10:43:46,0.10937499990541344
2019-04-04 10:43:47,0.05468749995270672
2019-04-04 10:43:48,0.02734374997635336
2019-04-04 10:43:49,0.01367187498817668
2019-04-04 10:43:50,0.00683593749408834
2019-04-04 10:43:51,0.00341796874704417
2019-04-04 10:43:52,7.501708984373522
2019-04-04 10:43:53,3.750854492186761
2019-04-04 10:43:54,1.8754272460933805
2019-04-04 10:43:55,0.9377136230466903
2019-04-04 10:43:56,-0.03114318847665487
2019-04-04 10:43:57,-0.015571594238327435
2019-04-04 10:43:58,-0.007785797119163718
2019-04-04 10:43:59,-0.003892898559581859
2019-04-04 10:44:00,-0.0019464492797909294
2019-04-04 10:44:01,-2.5009732246398952
2019-04-04 10:44:02,-1.2504866123199476
2019-04-04 10:44:03,-0.6252433061599738
2019-04-04 10:44:04,-0.3126216530799869
2019-04-04 10:44:05,-0.15631082653999345
2019-04-04 10:44:06,-0.07815541326999673
2019-04-04 10:44:07,-0.03907770663499836
2019-04-04 10:44:08,-0.01953885331749918
2019-04-04 10:44:09,-0.00976942665874959
2019-04-04 10:44:10,-2.004884713329375
2019-04-04 10:44:11,-1.0024423566646874
2019-04-04 10:44:12,-0.5012211783323437
2019-04-04 10:44:13,-0.25061058916617185
2019-04-04 10:44:14,-0.12530529458308592
2019-04-04 10:44:15,-0.06265264729154296
2019-04-04 10:44:16,-0.03132632364577148
2019-04-04 10:44:17,-0.01566316182288574
2019-04-04 10:44:18,-0.00783158091144287
2019-04-04 10:44:19,-0.003915790455721435
2019-04-04 10:44:20,-0.0019578952278607176
2019-04-04 10:44:21,-0.0009789476139303588
2019-04-04 10:44:22,-0.0004894738069651794
2019-04-04 10:44:23,-0.0002447369034825897
2019-04-04 10:44:24,-0.00012236845174129485
2019-04-04 10:44:25,-6.118422587064742e-05
2019-04-04 10:44:26,-3.059211293532371e-05
2019-04-04 10:44:27,-1.5296056467661856e-05
2019-04-04 10:44:28,-7.648028233830928e-06
2019-04-04 10:44:29,-3.824014116915464e-06
2019-04-04 10:44:30,-1.912007058457732e-06
2019-04-04 10:44:31,-9.56003529228866e-07
2019-04-04 10:44:32,-4.78001764614433e-07
2019-04-04 10:44:33,-2.390008823072165e-07
2019-04-04 10:44:34,-1.1950044115360825e-07
2019-04-04 10:44:35,-5.975022057680413e-08
2019-04-04 10:44:36,-2.987511028840206e-08
2019-04-04 10:44:37,-1.493755514420103e-08
2019-04-04 10:44:38,-7.468777572100516e-09
2019-04-04 10:44:39,-3.734388786050258e-09
2019-04-04 10:44:40,-1.867194393025129e-09
2019-04-04 10:44:41,-9.335971965125645e-10
2019-04-04 10:44:42,-4.667985982562822e-10
2019-04-04 10:44:43,-2.333992991281411e-10
2019-04-04 10:44:44,-1.1669964956407056e-10
2019-04-04 10:44:45,-5.834982478203528e-11
2019-04-04 10:44:46,-2.917491239101764e-11
2019-04-04 10:44:47,-1.458745619550882e-11
2019-04-04 10:44:48,-7.29372809775441e-12
2019-04-04 10:44:49,-0.5000000000036469
2019-04-04 10:44:50,-0.25000000000182343
2019-04-04 10:44:51,-2.1250000000009117
2019-04-04 10:44:52,-1.0625000000004559
2019-04-04 10:44:53,-0.5312500000002279
2019-04-04 10:44:54,-0.26562500000011396
2019-04-04 10:44:55,-1.132812500000057
2019-04-04 10:44:56,-0.5664062500000285
2019-04-04 10:44:57,-0.28320312500001427
2019-04-04 10:44:58,-0.14160156250000713
2019-04-04 10:44:59,-0.07080078125000357
2019-04-04 10:45:00,-0.03540039062500178
2019-04-04 10:45:01,-0.01770019531250089
2019-04-04 10:45:02,-0.008850097656250446
2019-04-04 10:45:03,-0.004425048828125223
2019-04-04 10:45:04,-0.0022125244140626115
2019-04-04 10:45:05,-0.0011062622070313057
2019-04-04 10:45:06,-0.0005531311035156529
2019-04-04 10:45:07,-0.00027656555175782643
2019-04-04 10:45:08,-0.00013828277587891322
2019-04-04 10:45:09,-6.914138793945661e-05
2019-04-04 10:45:10,-3.4570693969728304e-05
2019-04-04 10:45:11,-1.7285346984864152e-05
2019-04-04 10:45:12,0.49999135732650757
2019-04-04 10:45:13,0.24999567866325378
2019-04-04 10:45:14,0.12499783933162689
2019-04-04 10:45:15,0.062498919665813446
2019-04-04 10:45:16,0.5312494598329067
2019-04-04 10:45:17,0.26562472991645336
2019-04-04 10:45:18,0.13281236495822668
2019-04-04 10:45:19,0.06640618247911334
2019-04-04 10:45:20,0.03320309123955667
2019-04-04 10:45:21,0.016601545619778335
2019-04-04 10:45:22,0.008300772809889168
2019-04-04 10:45:23,0.004150386404944584
2019-04-04 10:45:24,0.002075193202472292
2019-04-04 10:45:25,0.001037596601236146
2019-04-04 10:45:26,0.000518798300618073
2019-04-04 10:45:27,0.0002593991503090365
2019-04-04 10:45:28,0.00012969957515451824
2019-04-04 10:45:29,6.484978757725912e-05
2019-04-04 10:45:30,3.242489378862956e-05
2019-04-04 10:45:31,1.621244689431478e-05
2019-04-04 10:45:32,8.10622344715739e-06
2019-04-04 10:45:33,1.0000040531117236
2019-04-04 10:45:34,0.5000020265558618
2019-04-04 10:45:35,0.2500010132779309
2019-04-04 10:45:36,0.12500050663896545
2019-04-04 10:45:37,0.06250025331948272
2019-04-04 10:45:38,0.03125012665974136
2019-04-04 10:45:39,0.01562506332987068
2019-04-04 10:45:40,0.00781253166493534
2019-04-04 10:45:41,0.00390626583246767
2019-04-04 10:45:42,0.001953132916233835
2019-04-04 10:45:43,0.0009765664581169176
2019-04-04 10:45:44,0.0004882832290584588
2019-04-04 10:45:45,0.0002441416145292294
2019-04-04 10:45:46,0.0001220708072646147
2019-04-04 10:45:47,-2.499938964596368
2019-04-04 10:45:48,-1.249969482298184
2019-04-04 10:45:49,-0.624984741149092
2019-04-04 10:45:50,-0.312492370574546
2019-04-04 10:45:51,-0.156246185287273
2019-04-04 10:45:52,-0.0781230926436365
2019-04-04 10:45:53,-1.5390615463218182
2019-04-04 10:45:54,-0.7695307731609091
2019-04-04 10:45:55,-0.38476538658045456
2019-04-04 10:45:56,-0.19238269329022728
2019-04-04 10:45:57,-0.09619134664511364
2019-04-04 10:45:58,-0.04809567332255682
2019-04-04 10:45:59,-0.02404783666127841
2019-04-04 10:46:00,-0.012023918330639205
2019-04-04 10:46:01,-0.0060119591653196025
2019-04-04 10:46:02,-0.0030059795826598013
2019-04-04 10:46:03,-0.0015029897913299006
2019-04-04 10:46:04,-0.0007514948956649503
2019-04-04 10:46:05,-0.00037574744783247516
2019-04-04 10:46:06,-0.00018787372391623758
2019-04-04 10:46:07,-9.393686195811879e-05
2019-04-04 10:46:08,-4.6968430979059395e-05
2019-04-04 10:46:09,-2.3484215489529697e-05
2019-04-04 10:46:10,-1.1742107744764849e-05
2019-04-04 10:46:11,-5.871053872382424e-06
2019-04-04 10:46:12,0.4999970644730638
2019-04-04 10:46:13,0.2499985322365319
2019-04-04 10:46:14,-3.375000733881734
2019-04-04 10:46:15,-1.687500366940867
2019-04-04 10:46:16,-0.8437501834704335
2019-04-04 10:46:17,0.07812490826478324
2019-04-04 10:46:18,0.03906245413239162
2019-04-04 10:46:19,-0.4804687729338042
2019-04-04 10:46:20,-0.2402343864669021
2019-04-04 10:46:21,-0.12011719323345105
2019-04-04 10:46:22,-0.060058596616725524
2019-04-04 10:46:23,-0.030029298308362762
2019-04-04 10:46:24,-0.015014649154181381
2019-04-04 10:46:25,-0.0075073245770906905
2019-04-04 10:46:26,-2.0037536622885455
2019-04-04 10:46:27,-1.0018768311442727
2019-04-04 10:46:28,-0.5009384155721364
2019-04-04 10:46:29,-0.2504692077860682
2019-04-04 10:46:30,-0.1252346038930341
2019-04-04 10:46:31,-0.06261730194651705
2019-04-04 10:46:32,-0.03130865097325852
2019-04-04 10:46:33,-0.5156543254866293
2019-04-04 10:46:34,-0.25782716274331463
2019-04-04 10:46:35,-0.12891358137165732
2019-04-04 10:46:36,-0.06445679068582866
2019-04-04 10:46:37,-0.03222839534291433
2019-04-04 10:46:38,-0.016114197671457164
2019-04-04 10:46:39,-0.008057098835728582
2019-04-04 10:46:40,-0.004028549417864291
2019-04-04 10:46:41,-0.0020142747089321456
2019-04-04 10:46:42,-0.0010071373544660728
2019-04-04 10:46:43,-0.0005035686772330364
2019-04-04 10:46:44,-0.0002517843386165182
2019-04-04 10:46:45,-3.0001258921693084
2019-04-04 10:46:46,-1.5000629460846542
2019-04-04 10:46:47,-0.7500314730423271
2019-04-04 10:46:48,-0.37501573652116355
2019-04-04 10:46:49,-0.18750786826058177
2019-04-04 10:46:50,-0.09375393413029089
2019-04-04 10:46:51,-0.04687696706514544
2019-04-04 10:46:52,-0.02343848353257272
2019-04-04 10:46:53,-0.01171924176628636
2019-04-04 10:46:54,-0.00585962088314318
2019-04-04 10:46:55,-0.00292981044157159
2019-04-04 10:46:56,-0.001464905220785795
2019-04-04 10:46:57,-0.0007324526103928975
2019-04-04 10:46:58,-0.0003662263051964488
2019-04-04 10:46:59,-0.0001831131525982244
2019-04-04 10:47:00,-9.15565762991122e-05
2019-04-04 10:47:01,-0.5000457782881496
2019-04-04 10:47:02,-0.2500228891440748
2019-04-04 10:47:03,-0.1250114445720374
2019-04-04 10:47:04,-0.0625057222860187
2019-04-04 10:47:05,-0.03125286114300935
2019-04-04 10:47:06,-0.015626430571504674
2019-04-04 10:47:07,-0.007813215285752337
2019-04-04 10:47:08,-0.003906607642876168
2019-04-04 10:47:09,-0.001953303821438084
2019-04-04 10:47:10,-0.000976651910719042
2019-04-04 10:47:11,-0.000488325955359521
2019-04-04 10:47:12,-0.0002441629776797605
2019-04-04 10:47:13,-0.00012208148883988026
2019-04-04 10:47:14,-6.104074441994013e-05
2019-04-04 10:47:15,-3.0520372209970066e-05
2019-04-04 10:47:16,-1.5260186104985033e-05
2019-04-04 10:47:17,0.4999923699069475
2019-04-04 10:47:18,0.24999618495347375
2019-04-04 10:47:19,0.12499809247673688
2019-04-04 10:47:20,1.0624990462383685
2019-04-04 10:47:21,0.5312495231191843
2019-04-04 10:47:22,0.26562476155959214
2019-04-04 10:47:23,0.13281238077979607
2019-04-04 10:47:24,0.06640619038989803
2019-04-04 10:47:25,0.533203095194949
2019-04-04 10:47:26,0.2666015475974745
2019-04-04 10:47:27,0.13330077379873725
2019-04-04 10:47:28,0.06665038689936863
2019-04-04 10:47:29,0.033325193449684314
2019-04-04 10:47:30,0.016662596724842157
2019-04-04 10:47:31,0.008331298362421078
2019-04-04 10:47:32,0.004165649181210539
2019-04-04 10:47:33,0.0020828245906052696
2019-04-04 10:47:34,0.0010414122953026348
2019-04-04 10:47:35,0.0005207061476513174
2019-04-04 10:47:36,0.0002603530738256587
2019-04-04 10:47:37,0.00013017653691282935
2019-04-04 10:47:38,6.508826845641467e-05
2019-04-04 10:47:39,3.254413422820734e-05
2019-04-04 10:47:40,1.627206711410367e-05
2019-04-04 10:47:41,-1.999991863966443
2019-04-04 10:47:42,-0.9999959319832215
2019-04-04 10:47:43,-0.4999979659916107
2019-04-04 10:47:44,-0.24999898299580536
2019-04-04 10:47:45,-0.12499949149790268
2019-04-04 10:47:46,-0.06249974574895134
2019-04-04 10:47:47,0.46875012712552433
2019-04-04 10:47:48,0.23437506356276216
2019-04-04 10:47:49,0.11718753178138108
2019-04-04 10:47:50,0.05859376589069054
2019-04-04 10:47:51,-2.9707031170546547
2019-04-04 10:47:52,-1.4853515585273274
2019-04-04 10:47:53,-0.7426757792636637
2019-04-04 10:47:54,-0.37133788963183184
2019-04-04 10:47:55,-0.18566894481591592
2019-04-04 10:47:56,-1.592834472407958
2019-04-04 10:47:57,-0.796417236203979
2019-04-04 10:47:58,-0.3982086181019895
2019-04-04 10:47:59,-0.19910430905099474
2019-04-04 10:48:00,-0.09955215452549737
2019-04-04 10:48:01,-0.049776077262748686
2019-04-04 10:48:02,-0.024888038631374343
2019-04-04 10:48:03,-0.012444019315687171
2019-04-04 10:48:04,-0.006222009657843586
2019-04-04 10:48:05,-0.003111004828921793
2019-04-04 10:48:06,-0.0015555024144608964
2019-04-04 10:48:07,-0.0007777512072304482
2019-04-04 10:48:08,-0.0003888756036152241
2019-04-04 10:48:09,-0.00019443780180761205
2019-04-04 10:48:10,-9.721890090380603e-05
2019-04-04 10:48:11,-4.8609450451903014e-05
2019-04-04 10:48:12,-2.4304725225951507e-05
2019-04-04 10:48:13,-1.2152362612975753e-05
2019-04-04 10:48:14,-0.5000060761813064
2019-04-04 10:48:15,-0.2500030380906532
2019-04-04 10:48:16,-0.1250015190453266
2019-04-04 10:48:17,0.4374992404773367
2019-04-04 10:48:18,0.21874962023866834
2019-04-04 10:48:19,0.10937481011933417
2019-04-04 10:48:20,0.054687405059667085
2019-04-04 10:48:21,0.027343702529833543
2019-04-04 10:48:22,0.013671851264916771
2019-04-04 10:48:23,0.006835925632458386
2019-04-04 10:48:24,0.003417962816229193
2019-04-04 10:48:25,0.0017089814081145964
2019-04-04 10:48:26,1.0008544907040573
2019-04-04 10:48:27,0.000427245352028649
2019-04-04 10:48:28,0.0002136226760143245
2019-04-04 10:48:29,0.00010681133800716225
2019-04-04 10:48:30,5.3405669003581124e-05
2019-04-04 10:48:31,2.6702834501790562e-05
2019-04-04 10:48:32,1.3351417250895281e-05
2019-04-04 10:48:33,6.6757086254476405e-06
2019-04-04 10:48:34,3.3378543127238203e-06
2019-04-04 10:48:35,1.6689271563619101e-06
2019-04-04 10:48:36,8.344635781809551e-07
2019-04-04 10:48:37,4.1723178909047753e-07
2019-04-04 10:48:38,2.0861589454523877e-07
2019-04-04 10:48:39,1.0430794727261938e-07
2019-04-04 10:48:40,5.215397363630969e-08
2019-04-04 10:48:41,2.6076986818154846e-08
2019-04-04 10:48:42,1.3038493409077423e-08
2019-04-04 10:48:43,6.5192467045387115e-09
2019-04-04 10:48:44,-1.4999999967403765
2019-04-04 10:48:45,-0.7499999983701883
2019-04-04 10:48:46,-0.37499999918509413
2019-04-04 10:48:47,-0.18749999959254707
2019-04-04 10:48:48,-0.09374999979627353
2019-04-04 10:48:49,0.45312500010186324
2019-04-04 10:48:50,0.22656250005093162
2019-04-04 10:48:51,0.11328125002546581
2019-04-04 10:48:52,0.056640625012732905
2019-04-04 10:48:53,0.028320312506366453
2019-04-04 10:48:54,0.014160156253183226
2019-04-04 10:48:55,0.007080078126591613
2019-04-04 10:48:56,0.0035400390632958066
2019-04-04 10:48:57,0.0017700195316479033
2019-04-04 10:48:58,0.0008850097658239516
2019-04-04 10:48:59,0.0004425048829119758
2019-04-04 10:49:00,-0.999778747558544
2019-04-04 10:49:01,-0.499889373779272
2019-04-04 10:49:02,-0.249944686889636
2019-04-04 10:49:03,-0.124972343444818
2019-04-04 10:49:04,-0.062486171722409
2019-04-04 10:49:05,-0.0312430858612045
2019-04-04 10:49:06,-0.01562154293060225
2019-04-04 10:49:07,-0.007810771465301125
2019-04-04 10:49:08,-0.0039053857326505625
2019-04-04 10:49:09,-0.0019526928663252813
2019-04-04 10:49:10,-0.0009763464331626406
2019-04-04 10:49:11,-0.0004881732165813203
2019-04-04 10:49:12,-0.00024408660829066016
2019-04-04 10:49:13,-0.00012204330414533008
2019-04-04 10:49:14,-6.102165207266504e-05
2019-04-04 10:49:15,-3.051082603633252e-05
2019-04-04 10:49:16,-1.525541301816626e-05
2019-04-04 10:49:17,-7.62770650908313e-06
2019-04-04 10:49:18,-3.813853254541565e-06
2019-04-04 10:49:19,-1.9069266272707825e-06
2019-04-04 10:49:20,-9.534633136353912e-07
2019-04-04 10:49:21,-4.767316568176956e-07
2019-04-04 10:49:22,-2.383658284088478e-07
2019-04-04 10:49:23,-1.191829142044239e-07
2019-04-04 10:49:24,-5.959145710221195e-08
2019-04-04 10:49:25,-2.9795728551105976e-08
2019-04-04 10:49:26,-1.4897864275552988e-08
2019-04-04 10:49:27,-7.448932137776494e-09
2019-04-04 10:49:28,-3.724466068888247e-09
2019-04-04 10:49:29,-1.8622330344441235e-09
2019-04-04 10:49:30,-9.311165172220618e-10
2019-04-04 10:49:31,0.49999999953444174
2019-04-04 10:49:32,0.24999999976722087
2019-04-04 10:49:33,0.12499999988361044
2019-04-04 10:49:34,0.06249999994180522
2019-04-04 10:49:35,0.03124999997090261
2019-04-04 10:49:36,0.015624999985451304
2019-04-04 10:49:37,0.007812499992725652
2019-04-04 10:49:38,0.003906249996362826
2019-04-04 10:49:39,0.001953124998181413
2019-04-04 10:49:40,0.0009765624990907065
2019-04-04 10:49:41,0.00048828124954535326
2019-04-04 10:49:42,0.00024414062477267663
2019-04-04 10:49:43,0.00012207031238633832
2019-04-04 10:49:44,6.103515619316916e-05
2019-04-04 10:49:45,3.051757809658458e-05
2019-04-04 10:49:46,1.525878904829229e-05
2019-04-04 10:49:47,0.5000076293945241
2019-04-04 10:49:48,0.2500038146972621
2019-04-04 10:49:49,0.12500190734863104
2019-04-04 10:49:50,0.06250095367431552
2019-04-04 10:49:51,0.03125047683715776
2019-04-04 10:49:52,0.01562523841857888
2019-04-04 10:49:53,0.00781261920928944
2019-04-04 10:49:54,0.00390630960464472
2019-04-04 10:49:55,0.00195315480232236
2019-04-04 10:49:56,0.00097657740116118
2019-04-04 10:49:57,0.00048828870058059
2019-04-04 10:49:58,0.000244144350290295
2019-04-04 10:49:59,0.0001220721751451475
2019-04-04 10:50:00,6.103608757257375e-05
2019-04-04 10:50:01,3.0518043786286874e-05
2019-04-04 10:50:02,1.5259021893143437e-05
2019-04-04 10:50:03,7.629510946571719e-06
2019-04-04 10:50:04,3.814755473285859e-06
2019-04-04 10:50:05,1.9073777366429296e-06
2019-04-04 10:50:06,9.536888683214648e-07
2019-04-04 10:50:07,4.768444341607324e-07
2019-04-04 10:50:08,2.384222170803662e-07
2019-04-04 10:50:09,1.192111085401831e-07
2019-04-04 10:50:10,5.960555427009155e-08
2019-04-04 10:50:11,2.9802777135045775e-08
2019-04-04 10:50:12,1.4901388567522888e-08
2019-04-04 10:50:13,0.5000000074506943
2019-04-04 10:50:14,0.25000000372534714
2019-04-04 10:50:15,0.6250000018626736
2019-04-04 10:50:16,0.3125000009313368
2019-04-04 10:50:17,0.1562500004656684
2019-04-04 10:50:18,0.0781250002328342
2019-04-04 10:50:19,0.0390625001164171
2019-04-04 10:50:20,0.01953125005820855
2019-04-04 10:50:21,0.009765625029104275
2019-04-04 10:50:22,0.004882812514552137
2019-04-04 10:50:23,0.0024414062572760686
2019-04-04 10:50:24,0.0012207031286380343
2019-04-04 10:50:25,0.0006103515643190172
2019-04-04 10:50:26,0.0003051757821595086
2019-04-04 10:50:27,0.0001525878910797543
2019-04-04 10:50:28,7.629394553987714e-05
2019-04-04 10:50:29,3.814697276993857e-05
2019-04-04 10:50:30,1.9073486384969286e-05
2019-04-04 10:50:31,9.536743192484643e-06
2019-04-04 10:50:32,4.7683715962423216e-06
2019-04-04 10:50:33,2.3841857981211608e-06
2019-04-04 10:50:34,1.1920928990605804e-06
2019-04-04 10:50:35,5.960464495302902e-07
2019-04-04 10:50:36,2.980232247651451e-07
2019-04-04 10:50:37,1.4901161238257255e-07
2019-04-04 10:50:38,7.450580619128627e-08
2019-04-04 10:50:39,3.725290309564314e-08
2019-04-04 10:50:40,1.862645154782157e-08
2019-04-04 10:50:41,9.313225773910784e-09
2019-04-04 10:50:42,4.656612886955392e-09
2019-04-04 10:50:43,2.328306443477696e-09
2019-04-04 10:50:44,1.164153221738848e-09
2019-04-04 10:50:45,5.82076610869424e-10
2019-04-04 10:50:46,2.91038305434712e-10
2019-04-04 10:50:47,-0.9999999998544808
2019-04-04 10:50:48,-0.4999999999272404
2019-04-04 10:50:49,-0.2499999999636202
2019-04-04 10:50:50,-0.1249999999818101
2019-04-04 10:50:51,0.43750000000909495
2019-04-04 10:50:52,0.21875000000454747
2019-04-04 10:50:53,-0.39062499999772626
2019-04-04 10:50:54,-0.19531249999886313
2019-04-04 10:50:55,-0.09765624999943157
2019-04-04 10:50:56,-0.04882812499971578
2019-04-04 10:50:57,-0.02441406249985789
2019-04-04 10:50:58,-0.012207031249928946
2019-04-04 10:50:59,-0.006103515624964473
2019-04-04 10:51:00,-0.0030517578124822364
2019-04-04 10:51:01,-0.0015258789062411182
2019-04-04 10:51:02,-0.0007629394531205591
2019-04-04 10:51:03,-0.00038146972656027955
2019-04-04 10:51:04,-0.00019073486328013978
2019-04-04 10:51:05,-9.536743164006989e-05
2019-04-04 10:51:06,-4.7683715820034944e-05
2019-04-04 10:51:07,-2.3841857910017472e-05
2019-04-04 10:51:08,-1.1920928955008736e-05
2019-04-04 10:51:09,-5.960464477504368e-06
2019-04-04 10:51:10,-2.980232238752184e-06
2019-04-04 10:51:11,-1.490116119376092e-06
2019-04-04 10:51:12,-7.45058059688046e-07
2019-04-04 10:51:13,-2.00000037252903
2019-04-04 10:51:14,-1.000000186264515
2019-04-04 10:51:15,-0.5000000931322575
2019-04-04 10:51:16,-0.25000004656612873
2019-04-04 10:51:17,-0.12500002328306437
2019-04-04 10:51:18,-0.06250001164153218
2019-04-04 10:51:19,-0.03125000582076609
2019-04-04 10:51:20,-0.015625002910383046
2019-04-04 10:51:21,-0.007812501455191523
2019-04-04 10:51:22,-0.003906250727595761
2019-04-04 10:51:23,-0.0019531253637978807
2019-04-04 10:51:24,-0.0009765626818989404
2019-04-04 10:51:25,0.49951171865905053
2019-04-04 10:51:26,0.24975585932952526
2019-04-04 10:51:27,0.12487792966476263
2019-04-04 10:51:28,0.062438964832381316
2019-04-04 10:51:29,0.031219482416190658
2019-04-04 10:51:30,0.015609741208095329
2019-04-04 10:51:31,0.0078048706040476645
2019-04-04 10:51:32,0.0039024353020238323
2019-04-04 10:51:33,0.0019512176510119161
2019-04-04 10:51:34,0.0009756088255059581
2019-04-04 10:51:35,0.00048780441275297903
2019-04-04 10:51:36,0.00024390220637648952
2019-04-04 10:51:37,0.00012195110318824476
2019-04-04 10:51:38,6.097555159412238e-05
2019-04-04 10:51:39,3.048777579706119e-05
2019-04-04 10:51:40,1.5243887898530595e-05
2019-04-04 10:51:41,7.621943949265297e-06
2019-04-04 10:51:42,3.8109719746326487e-06
2019-04-04 10:51:43,1.9054859873163243e-06
2019-04-04 10:51:44,1.5000009527429936
2019-04-04 10:51:45,0.7500004763714968
2019-04-04 10:51:46,0.3750002381857484
2019-04-04 10:51:47,0.1875001190928742
2019-04-04 10:51:48,0.0937500595464371
2019-04-04 10:51:49,0.04687502977321855
2019-04-04 10:51:50,-2.9765624851133907
2019-04-04 10:51:51,-1.4882812425566954
2019-04-04 10:51:52,-0.7441406212783477
2019-04-04 10:51:53,-0.37207031063917384
2019-04-04 10:51:54,-0.18603515531958692
2019-04-04 10:51:55,-0.09301757765979346
2019-04-04 10:51:56,-0.04650878882989673
2019-04-04 10:51:57,-0.023254394414948365
2019-04-04 10:51:58,-0.011627197207474183
2019-04-04 10:51:59,-0.005813598603737091
2019-04-04 10:52:00,-0.0029067993018685456
2019-04-04 10:52:01,-0.0014533996509342728
2019-04-04 10:52:02,-0.0007266998254671364
2019-04-04 10:52:03,-0.0003633499127335682
2019-04-04 10:52:04,-0.0001816749563667841
2019-04-04 10:52:05,-9.083747818339205e-05
2019-04-04 10:52:06,-4.5418739091696025e-05
2019-04-04 10:52:07,-2.2709369545848013e-05
2019-04-04 10:52:08,-1.1354684772924006e-05
2019-04-04 10:52:09,-5.677342386462003e-06
2019-04-04 10:52:10,-2.8386711932310016e-06
2019-04-04 10:52:11,-1.4193355966155008e-06
2019-04-04 10:52:12,-7.096677983077504e-07
2019-04-04 10:52:13,-3.548338991538752e-07
2019-04-04 10:52:14,-1.774169495769376e-07
2019-04-04 10:52:15,-8.87084747884688e-08
2019-04-04 10:52:16,-4.43542373942344e-08
2019-04-04 10:52:17,-2.21771186971172e-08
2019-04-04 10:52:18,-1.10885593485586e-08
2019-04-04 10:52:19,0.4999999944557203
2019-04-04 10:52:20,0.24999999722786015
2019-04-04 10:52:21,0.12499999861393007
2019-04-04 10:52:22,0.06249999930696504
2019-04-04 10:52:23,0.03124999965348252
2019-04-04 10:52:24,0.01562499982674126
2019-04-04 10:52:25,0.00781249991337063
2019-04-04 10:52:26,0.003906249956685315
2019-04-04 10:52:27,0.5019531249783427
2019-04-04 10:52:28,0.25097656248917133
2019-04-04 10:52:29,0.12548828124458566
2019-04-04 10:52:30,-5.937255859377707
2019-04-04 10:52:31,-2.9686279296888536
2019-04-04 10:52:32,-1.4843139648444268
2019-04-04 10:52:33,-0.7421569824222134
2019-04-04 10:52:34,-0.3710784912111067
2019-04-04 10:52:35,-0.18553924560555335
2019-04-04 10:52:36,-0.09276962280277667
2019-04-04 10:52:37,-0.04638481140138834
2019-04-04 10:52:38,-0.02319240570069417
2019-04-04 10:52:39,-0.011596202850347084
2019-04-04 10:52:40,-0.005798101425173542
2019-04-04 10:52:41,-0.002899050712586771
2019-04-04 10:52:42,-0.0014495253562933855
2019-04-04 10:52:43,-0.0007247626781466928
2019-04-04 10:52:44,-0.0003623813390733464
2019-04-04 10:52:45,-0.0001811906695366732
2019-04-04 10:52:46,-9.05953347683366e-05
2019-04-04 10:52:47,-4.52976673841683e-05
2019-04-04 10:52:48,-2.264883369208415e-05
2019-04-04 10:52:49,-1.1324416846042075e-05
2019-04-04 10:52:50,-5.662208423021037e-06
2019-04-04 10:52:51,-2.8311042115105186e-06
2019-04-04 10:52:52,-1.4155521057552593e-06
2019-04-04 10:52:53,-7.077760528776297e-07
2019-04-04 10:52:54,-3.5388802643881483e-07
2019-04-04 10:52:55,-1.7694401321940741e-07
2019-04-04 10:52:56,-8.847200660970371e-08
2019-04-04 10:52:57,-4.4236003304851854e-08
2019-04-04 10:52:58,-2.2118001652425927e-08
2019-04-04 10:52:59,-1.1059000826212963e-08
2019-04-04 10:53:00,-5.529500413106482e-09
2019-04-04 10:53:01,-2.764750206553241e-09
2019-04-04 10:53:02,-1.3823751032766204e-09
2019-04-04 10:53:03,-6.911875516383102e-10
2019-04-04 10:53:04,-0.5000000003455938
2019-04-04 10:53:05,-0.2500000001727969
2019-04-04 10:53:06,-0.12500000008639844
2019-04-04 10:53:07,-0.06250000004319922
2019-04-04 10:53:08,-0.03125000002159961
2019-04-04 10:53:09,-0.015625000010799805
2019-04-04 10:53:10,-0.007812500005399903
2019-04-04 10:53:11,-0.003906250002699951
2019-04-04 10:53:12,-2.00195312500135
2019-04-04 10:53:13,-1.000976562500675
2019-04-04 10:53:14,-0.5004882812503375
2019-04-04 10:53:15,-0.25024414062516875
2019-04-04 10:53:16,-0.12512207031258438
2019-04-04 10:53:17,-0.06256103515629219
2019-04-04 10:53:18,-0.031280517578146094
2019-04-04 10:53:19,-0.015640258789073047
2019-04-04 10:53:20,-0.007820129394536524
2019-04-04 10:53:21,-0.003910064697268262
2019-04-04 10:53:22,-0.001955032348634131
2019-04-04 10:53:23,-0.0009775161743170654
2019-04-04 10:53:24,-0.0004887580871585327
2019-04-04 10:53:25,-0.00024437904357926636
2019-04-04 10:53:26,-0.00012218952178963318
2019-04-04 10:53:27,-6.109476089481659e-05
2019-04-04 10:53:28,7.499969452619553
2019-04-04 10:53:29,3.7499847263097763
2019-04-04 10:53:30,1.8749923631548882
2019-04-04 10:53:31,0.9374961815774441
2019-04-04 10:53:32,0.46874809078872204
2019-04-04 10:53:33,0.23437404539436102
2019-04-04 10:53:34,0.11718702269718051
2019-04-04 10:53:35,0.058593511348590255
2019-04-04 10:53:36,0.029296755674295127
2019-04-04 10:53:37,0.014648377837147564
2019-04-04 10:53:38,0.007324188918573782
2019-04-04 10:53:39,0.003662094459286891
2019-04-04 10:53:40,0.0018310472296434455
2019-04-04 10:53:41,0.0009155236148217227
2019-04-04 10:53:42,0.00045776180741086137
2019-04-04 10:53:43,0.00022888090370543068
2019-04-04 10:53:44,0.00011444045185271534
2019-04-04 10:53:45,5.722022592635767e-05
2019-04-04 10:53:46,2.8610112963178835e-05
2019-04-04 10:53:47,1.4305056481589418e-05
2019-04-04 10:53:48,7.152528240794709e-06
2019-04-04 10:53:49,0.5000035762641204
2019-04-04 10:53:50,0.2500017881320602
2019-04-04 10:53:51,0.1250008940660301
2019-04-04 10:53:52,1.562500447033015
2019-04-04 10:53:53,0.7812502235165075
2019-04-04 10:53:54,0.39062511175825376
2019-04-04 10:53:55,0.19531255587912688
2019-04-04 10:53:56,0.09765627793956344
2019-04-04 10:53:57,0.04882813896978172
2019-04-04 10:53:58,0.02441406948489086
2019-04-04 10:53:59,0.01220703474244543
2019-04-04 10:54:00,0.006103517371222715
2019-04-04 10:54:01,-2.9969482413143886
2019-04-04 10:54:02,-3.4984741206571943
2019-04-04 10:54:03,-1.7492370603285972
2019-04-04 10:54:04,-0.8746185301642986
2019-04-04 10:54:05,-0.4373092650821493
2019-04-04 10:54:06,-0.21865463254107464
2019-04-04 10:54:07,-0.10932731627053732
2019-04-04 10:54:08,-0.05466365813526866
2019-04-04 10:54:09,-0.02733182906763433
2019-04-04 10:54:10,-0.013665914533817165
2019-04-04 10:54:11,-0.006832957266908583
2019-04-04 10:54:12,-0.0034164786334542913
2019-04-04 10:54:13,-0.0017082393167271457
2019-04-04 10:54:14,-0.0008541196583635728
2019-04-04 10:54:15,-0.0004270598291817864
2019-04-04 10:54:16,-0.0002135299145908932
2019-04-04 10:54:17,0.49989323504270455
2019-04-04 10:54:18,0.24994661752135228
2019-04-04 10:54:19,0.12497330876067614
2019-04-04 10:54:20,0.06248665438033807
2019-04-04 10:54:21,0.031243327190169035
2019-04-04 10:54:22,0.015621663595084517
2019-04-04 10:54:23,0.007810831797542259
2019-04-04 10:54:24,0.0039054158987711293
2019-04-04 10:54:25,0.0019527079493855647
2019-04-04 10:54:26,0.0009763539746927823
2019-04-04 10:54:27,0.00048817698734639117
2019-04-04 10:54:28,0.00024408849367319558
2019-04-04 10:54:29,0.00012204424683659779
2019-04-04 10:54:30,6.1022123418298896e-05
2019-04-04 10:54:31,3.0511061709149448e-05
2019-04-04 10:54:32,1.5255530854574724e-05
2019-04-04 10:54:33,7.627765427287362e-06
2019-04-04 10:54:34,3.813882713643681e-06
2019-04-04 10:54:35,1.9069413568218405e-06
2019-04-04 10:54:36,9.534706784109202e-07
2019-04-04 10:54:37,4.767353392054601e-07
2019-04-04 10:54:38,2.3836766960273006e-07
2019-04-04 10:54:39,1.1918383480136503e-07
2019-04-04 10:54:40,5.9591917400682515e-08
2019-04-04 10:54:41,2.9795958700341258e-08
2019-04-04 10:54:42,1.4897979350170629e-08
2019-04-04 10:54:43,7.4489896750853144e-09
2019-04-04 10:54:44,3.7244948375426572e-09
2019-04-04 10:54:45,1.8622474187713286e-09
2019-04-04 10:54:46,9.311237093856643e-10
2019-04-04 10:54:47,4.6556185469283215e-10
2019-04-04 10:54:48,2.3278092734641608e-10
2019-04-04 10:54:49,1.1639046367320804e-10
2019-04-04 10:54:50,5.819523183660402e-11
2019-04-04 10:54:51,2.909761591830201e-11
2019-04-04 10:54:52,1.4548807959151005e-11
2019-04-04 10:54:53,7.274403979575502e-12
2019-04-04 10:54:54,3.637201989787751e-12
2019-04-04 10:54:55,1.8186009948938756e-12
2019-04-04 10:54:56,9.093004974469378e-13
2019-04-04 10:54:57,4.546502487234689e-13
2019-04-04 10:54:58,2.2732512436173445e-13
2019-04-04 10:54:59,1.1366256218086722e-13
2019-04-04 10:55:00,5.683128109043361e-14
2019-04-04 10:55:01,2.8415640545216806e-14
2019-04-04 10:55:02,1.4207820272608403e-14
2019-04-04 10:55:03,7.1039101363042015e-15
2019-04-04 10:55:04,3.5519550681521008e-15
2019-04-04 10:55:05,1.7759775340760504e-15
2019-04-04 10:55:06,8.879887670380252e-16
2019-04-04 10:55:07,4.439943835190126e-16
2019-04-04 10:55:08,2.219971917595063e-16
2019-04-04 10:55:09,1.1099859587975315e-16
2019-04-04 10:55:10,5.5499297939876574e-17
2019-04-04 10:55:11,2.7749648969938287e-17
2019-04-04 10:55:12,1.3874824484969144e-17
2019-04-04 10:55:13,6.937412242484572e-18
2019-04-04 10:55:14,3.468706121242286e-18
2019-04-04 10:55:15,1.734353060621143e-18
2019-04-04 10:55:16,8.671765303105715e-19
2019-04-04 10:55:17,1.0
2019-04-04 10:55:18,1.0
2019-04-04 10:55:19,0.5
2019-04-04 10:55:20,0.25
2019-04-04 10:55:21,0.125
2019-04-04 10:55:22,0.0625
2019-04-04 10:55:23,0.03125
2019-04-04 10:55:24,0.015625
2019-04-04 10:55:25,0.0078125
2019-04-04 10:55:26,0.00390625
2019-04-04 10:55:27,0.001953125
2019-04-04 10:55:28,0.0009765625
2019-04-04 10:55:29,0.00048828125
2019-04-04 10:55:30,0.000244140625
2019-04-04 10:55:31,0.0001220703125
2019-04-04 10:55:32,6.103515625e-05
2019-04-04 10:55:33,3.0517578125e-05
2019-04-04 10:55:34,1.52587890625e-05
2019-04-04 10:55:35,7.62939453125e-06
2019-04-04 10:55:36,3.814697265625e-06
2019-04-04 10:55:37,1.9073486328125e-06
2019-04-04 10:55:38,9.5367431640625e-07
2019-04-04 10:55:39,4.76837158203125e-07
2019-04-04 10:55:40,2.384185791015625e-07
2019-04-04 10:55:41,1.1920928955078125e-07
2019-04-04 10:55:42,5.960464477539063e-08
2019-04-04 10:55:43,2.9802322387695312e-08
2019-04-04 10:55:44,1.4901161193847656e-08
2019-04-04 10:55:45,7.450580596923828e-09
2019-04-04 10:55:46,3.725290298461914e-09
2019-04-04 10:55:47,1.862645149230957e-09
2019-04-04 10:55:48,9.313225746154785e-10
2019-04-04 10:55:49,4.656612873077393e-10
2019-04-04 10:55:50,2.3283064365386963e-10
2019-04-04 10:55:51,1.1641532182693481e-10
2019-04-04 10:55:52,5.820766091346741e-11
2019-04-04 10:55:53,2.9103830456733704e-11
2019-04-04 10:55:54,1.4551915228366852e-11
2019-04-04 10:55:55,7.275957614183426e-12
2019-04-04 10:55:56,3.637978807091713e-12
2019-04-04 10:55:57,1.8189894035458565e-12
2019-04-04 10:55:58,9.094947017729282e-13
2019-04-04 10:55:59,4.547473508864641e-13
2019-04-04 10:56:00,2.2737367544323206e-13
2019-04-04 10:56:01,1.1368683772161603e-13
2019-04-04 10:56:02,5.684341886080802e-14
2019-04-04 10:56:03,2.842170943040401e-14
2019-04-04 10:56:04,1.4210854715202004e-14
2019-04-04 10:56:05,7.105427357601002e-15
2019-04-04 10:56:06,3.552713678800501e-15
2019-04-04 10:56:07,1.7763568394002505e-15
2019-04-04 10:56:08,8.881784197001252e-16
2019-04-04 10:56:09,4.440892098500626e-16
2019-04-04 10:56:10,2.220446049250313e-16
2019-04-04 10:56:11,0.5000000000000001
2019-04-04 10:56:12,0.25000000000000006
2019-04-04 10:56:13,0.12500000000000003
2019-04-04 10:56:14,0.06250000000000001
2019-04-04 10:56:15,1.53125
2019-04-04 10:56:16,0.765625
2019-04-04 10:56:17,0.3828125
2019-04-04 10:56:18,0.19140625
2019-04-04 10:56:19,1.095703125
2019-04-04 10:56:20,0.5478515625
2019-04-04 10:56:21,0.27392578125
2019-04-04 10:56:22,0.136962890625
2019-04-04 10:56:23,0.0684814453125
2019-04-04 10:56:24,0.03424072265625
2019-04-04 10:56:25,0.017120361328125
2019-04-04 10:56:26,0.0085601806640625
2019-04-04 10:56:27,0.00428009033203125
2019-04-04 10:56:28,0.002140045166015625
2019-04-04 10:56:29,1.0010700225830078
2019-04-04 10:56:30,0.5005350112915039
2019-04-04 10:56:31,0.25026750564575195
2019-04-04 10:56:32,0.12513375282287598
2019-04-04 10:56:33,0.06256687641143799
2019-04-04 10:56:34,0.031283438205718994
2019-04-04 10:56:35,0.015641719102859497
2019-04-04 10:56:36,0.007820859551429749
2019-04-04 10:56:37,0.003910429775714874
2019-04-04 10:56:38,0.001955214887857437
2019-04-04 10:56:39,0.0009776074439287186
2019-04-04 10:56:40,0.0004888037219643593
2019-04-04 10:56:41,0.5002444018609822
2019-04-04 10:56:42,0.2501222009304911
2019-04-04 10:56:43,0.12506110046524554
2019-04-04 10:56:44,0.06253055023262277
2019-04-04 10:56:45,0.031265275116311386
2019-04-04 10:56:46,0.015632637558155693
2019-04-04 10:56:47,0.007816318779077847
2019-04-04 10:56:48,0.003908159389538923
2019-04-04 10:56:49,0.0019540796947694616
2019-04-04 10:56:50,0.0009770398473847308
2019-04-04 10:56:51,0.0004885199236923654
2019-04-04 10:56:52,0.0002442599618461827
2019-04-04 10:56:53,-3.499877870019077
2019-04-04 10:56:54,-1.2499389350095385
2019-04-04 10:56:55,-0.6249694675047692
2019-04-04 10:56:56,-0.3124847337523846
2019-04-04 10:56:57,-0.1562423668761923
2019-04-04 10:56:58,-0.07812118343809615
2019-04-04 10:56:59,-0.03906059171904808
2019-04-04 10:57:00,-0.01953029585952404
2019-04-04 10:57:01,-0.00976514792976202
2019-04-04 10:57:02,-0.00488257396488101
2019-04-04 10:57:03,-0.002441286982440505
2019-04-04 10:57:04,-0.0012206434912202524
2019-04-04 10:57:05,-0.0006103217456101262
2019-04-04 10:57:06,-0.0003051608728050631
2019-04-04 10:57:07,-4.000152580436403
2019-04-04 10:57:08,-2.0000762902182014
2019-04-04 10:57:09,-1.0000381451091007
2019-04-04 10:57:10,-0.5000190725545504
2019-04-04 10:57:11,-0.2500095362772752
2019-04-04 10:57:12,-0.1250047681386376
2019-04-04 10:57:13,-0.0625023840693188
2019-04-04 10:57:14,-0.0312511920346594
2019-04-04 10:57:15,-0.0156255960173297
2019-04-04 10:57:16,-0.00781279800866485
2019-04-04 10:57:17,-0.003906399004332425
2019-04-04 10:57:18,-0.0019531995021662123
2019-04-04 10:57:19,-0.0009765997510831062
2019-04-04 10:57:20,-0.0004882998755415531
2019-04-04 10:57:21,-0.00024414993777077654
2019-04-04 10:57:22,-0.00012207496888538827
2019-04-04 10:57:23,-6.103748444269414e-05
2019-04-04 10:57:24,-3.051874222134707e-05
2019-04-04 10:57:25,-1.5259371110673534e-05
2019-04-04 10:57:26,-7.629685555336767e-06
2019-04-04 10:57:27,-3.8148427776683835e-06
2019-04-04 10:57:28,-1.9074213888341917e-06
2019-04-04 10:57:29,-9.537106944170959e-07
2019-04-04 10:57:30,-4.768553472085479e-07
2019-04-04 10:57:31,-2.3842767360427397e-07
2019-04-04 10:57:32,-1.1921383680213698e-07
2019-04-04 10:57:33,-5.960691840106849e-08
2019-04-04 10:57:34,-2.9803459200534246e-08
2019-04-04 10:57:35,-1.4901729600267123e-08
2019-04-04 10:57:36,-7.450864800133561e-09
2019-04-04 10:57:37,-3.725432400066781e-09
2019-04-04 10:57:38,-1.8627162000333904e-09
2019-04-04 10:57:39,-9.313581000166952e-10
2019-04-04 10:57:40,-4.656790500083476e-10
2019-04-04 10:57:41,-2.328395250041738e-10
2019-04-04 10:57:42,-1.164197625020869e-10
2019-04-04 10:57:43,-5.820988125104345e-11
2019-04-04 10:57:44,-2.9104940625521725e-11
2019-04-04 10:57:45,-1.4552470312760862e-11
2019-04-04 10:57:46,-7.276235156380431e-12
2019-04-04 10:57:47,-3.6381175781902156e-12
2019-04-04 10:57:48,-1.8190587890951078e-12
2019-04-04 10:57:49,-9.095293945475539e-13
2019-04-04 10:57:50,-4.547646972737769e-13
2019-04-04 10:57:51,-2.2738234863688847e-13
2019-04-04 10:57:52,-1.1369117431844424e-13
2019-04-04 10:57:53,-5.684558715922212e-14
2019-04-04 10:57:54,-2.842279357961106e-14
2019-04-04 10:57:55,-1.421139678980553e-14
2019-04-04 10:57:56,-7.105698394902765e-15
2019-04-04 10:57:57,-3.552849197451382e-15
2019-04-04 10:57:58,-1.776424598725691e-15
2019-04-04 10:57:59,-8.882122993628456e-16
2019-04-04 10:58:00,-4.441061496814228e-16
2019-04-04 10:58:01,-2.220530748407114e-16
2019-04-04 10:58:02,-1.110265374203557e-16
2019-04-04 10:58:03,0.49999999999999994
2019-04-04 10:58:04,0.75
2019-04-04 10:58:05,0.375
2019-04-04 10:58:06,0.1875
2019-04-04 10:58:07,0.09375
2019-04-04 10:58:08,0.046875
2019-04-04 10:58:09,0.0234375
2019-04-04 10:58:10,0.01171875
2019-04-04 10:58:11,0.005859375
2019-04-04 10:58:12,-1.9970703125
2019-04-04 10:58:13,-0.99853515625
2019-04-04 10:58:14,-0.499267578125
2019-04-04 10:58:15,-0.2496337890625
2019-04-04 10:58:16,-0.12481689453125
2019-04-04 10:58:17,-0.062408447265625
2019-04-04 10:58:18,-0.0312042236328125
2019-04-04 10:58:19,-0.01560211181640625
2019-04-04 10:58:20,-0.007801055908203125
2019-04-04 10:58:21,-0.0039005279541015625
2019-04-04 10:58:22,-0.0019502639770507812
2019-04-04 10:58:23,-0.0009751319885253906
2019-04-04 10:58:24,-0.0004875659942626953
2019-04-04 10:58:25,-0.00024378299713134766
2019-04-04 10:58:26,-0.00012189149856567383
2019-04-04 10:58:27,-6.0945749282836914e-05
2019-04-04 10:58:28,-3.0472874641418457e-05
2019-04-04 10:58:29,-1.5236437320709229e-05
2019-04-04 10:58:30,-7.618218660354614e-06
2019-04-04 10:58:31,-3.809109330177307e-06
2019-04-04 10:58:32,-1.9045546650886536e-06
2019-04-04 10:58:33,-9.522773325443268e-07
2019-04-04 10:58:34,-4.761386662721634e-07
2019-04-04 10:58:35,-2.380693331360817e-07
2019-04-04 10:58:36,-1.1903466656804085e-07
2019-04-04 10:58:37,-2.5000000595173333
2019-04-04 10:58:38,-1.2500000297586666
2019-04-04 10:58:39,-0.6250000148793333
2019-04-04 10:58:40,-0.31250000743966666
2019-04-04 10:58:41,-0.15625000371983333
2019-04-04 10:58:42,-0.07812500185991667
2019-04-04 10:58:43,-0.03906250092995833
2019-04-04 10:58:44,-0.019531250464979166
2019-04-04 10:58:45,-0.009765625232489583
2019-04-04 10:58:46,-0.004882812616244792
2019-04-04 10:58:47,-0.002441406308122396
2019-04-04 10:58:48,-0.001220703154061198
2019-04-04 10:58:49,-0.000610351577030599
2019-04-04 10:58:50,-0.5003051757885153
2019-04-04 10:58:51,-0.25015258789425765
2019-04-04 10:58:52,-0.12507629394712882
2019-04-04 10:58:53,-0.06253814697356441
2019-04-04 10:58:54,-0.031269073486782206
2019-04-04 10:58:55,-0.015634536743391103
2019-04-04 10:58:56,-0.007817268371695552
2019-04-04 10:58:57,-0.003908634185847776
2019-04-04 10:58:58,-0.001954317092923888
2019-04-04 10:58:59,-0.000977158546461944
2019-04-04 10:59:00,-0.000488579273230972
2019-04-04 10:59:01,-0.000244289636615486
2019-04-04 10:59:02,-0.000122144818307743
2019-04-04 10:59:03,-6.10724091538715e-05
2019-04-04 10:59:04,-2.000030536204577
2019-04-04 10:59:05,-1.0000152681022885
2019-04-04 10:59:06,-0.5000076340511442
2019-04-04 10:59:07,-0.2500038170255721
2019-04-04 10:59:08,-0.12500190851278606
2019-04-04 10:59:09,-0.06250095425639303
2019-04-04 10:59:10,-0.031250477128196515
2019-04-04 10:59:11,-0.015625238564098257
2019-04-04 10:59:12,-0.007812619282049129
2019-04-04 10:59:13,-0.003906309641024564
2019-04-04 10:59:14,-0.001953154820512282
2019-04-04 10:59:15,-0.000976577410256141
2019-04-04 10:59:16,-0.0004882887051280705
2019-04-04 10:59:17,-0.00024414435256403527
2019-04-04 10:59:18,-0.00012207217628201764
2019-04-04 10:59:19,-6.103608814100882e-05
2019-04-04 10:59:20,-0.5000305180440705
2019-04-04 10:59:21,-0.25001525902203525
2019-04-04 10:59:22,-0.12500762951101763
2019-04-04 10:59:23,-0.06250381475550881
2019-04-04 10:59:24,-0.031251907377754407
2019-04-04 10:59:25,-0.015625953688877203
2019-04-04 10:59:26,-0.007812976844438602
2019-04-04 10:59:27,-0.003906488422219301
2019-04-04 10:59:28,-0.0019532442111096504
2019-04-04 10:59:29,0.4990233778944452
2019-04-04 10:59:30,0.2495116889472226
2019-04-04 10:59:31,0.1247558444736113
2019-04-04 10:59:32,0.06237792223680565
2019-04-04 10:59:33,0.031188961118402823
2019-04-04 10:59:34,0.015594480559201412
2019-04-04 10:59:35,0.007797240279600706
2019-04-04 10:59:36,0.003898620139800353
2019-04-04 10:59:37,0.0019493100699001765
2019-04-04 10:59:38,0.0009746550349500882
2019-04-04 10:59:39,0.0004873275174750441
2019-04-04 10:59:40,0.00024366375873752206
2019-04-04 10:59:41,0.00012183187936876103
2019-04-04 10:59:42,6.0915939684380515e-05
2019-04-04 10:59:43,-1.4999695420301578
2019-04-04 10:59:44,-0.7499847710150789
2019-04-04 10:59:45,-0.37499238550753944
2019-04-04 10:59:46,-0.18749619275376972
2019-04-04 10:59:47,-0.09374809637688486
2019-04-04 10:59:48,-0.04687404818844243
2019-04-04 10:59:49,-0.023437024094221215
2019-04-04 10:59:50,-0.011718512047110607
2019-04-04 10:59:51,0.4941407439764447
2019-04-04 10:59:52,0.24707037198822235
2019-04-04 10:59:53,0.12353518599411117
2019-04-04 10:59:54,0.06176759299705559
2019-04-04 10:59:55,0.030883796498527794
2019-04-04 10:59:56,0.015441898249263897
2019-04-04 10:59:57,0.007720949124631948
2019-04-04 10:59:58,0.003860474562315974
2019-04-04 10:59:59,0.001930237281157987
2019-04-04 11:00:00,0.0009651186405789935
2019-04-04 11:00:01,0.0004825593202894968
2019-04-04 11:00:02,0.0002412796601447484
2019-04-04 11:00:03,0.0001206398300723742
2019-04-04 11:00:04,6.03199150361871e-05
2019-04-04 11:00:05,3.015995751809355e-05
2019-04-04 11:00:06,1.5079978759046774e-05
2019-04-04 11:00:07,7.539989379523387e-06
2019-04-04 11:00:08,3.7699946897616935e-06
2019-04-04 11:00:09,1.8849973448808468e-06
2019-04-04 11:00:10,9.424986724404234e-07
2019-04-04 11:00:11,-0.9999995287506638
2019-04-04 11:00:12,-0.4999997643753319
2019-04-04 11:00:13,-0.24999988218766594
2019-04-04 11:00:14,-0.624999941093833
2019-04-04 11:00:15,-0.3124999705469165
2019-04-04 11:00:16,-0.15624998527345824
2019-04-04 11:00:17,-0.07812499263672912
2019-04-04 11:00:18,-0.03906249631836456
2019-04-04 11:00:19,-0.01953124815918228
2019-04-04 11:00:20,-0.00976562407959114
2019-04-04 11:00:21,-0.00488281203979557
2019-04-04 11:00:22,-0.002441406019897785
2019-04-04 11:00:23,-0.0012207030099488925
2019-04-04 11:00:24,-0.0006103515049744462
2019-04-04 11:00:25,-0.0003051757524872231
2019-04-04 11:00:26,-0.00015258787624361156
2019-04-04 11:00:27,-7.629393812180578e-05
2019-04-04 11:00:28,-3.814696906090289e-05
2019-04-04 11:00:29,-1.9073484530451445e-05
2019-04-04 11:00:30,-9.536742265225722e-06
2019-04-04 11:00:31,-4.768371132612861e-06
2019-04-04 11:00:32,-2.3841855663064306e-06
2019-04-04 11:00:33,-1.1920927831532153e-06
2019-04-04 11:00:34,-5.960463915766077e-07
2019-04-04 11:00:35,-2.980231957883038e-07
2019-04-04 11:00:36,-1.490115978941519e-07
2019-04-04 11:00:37,-7.450579894707596e-08
2019-04-04 11:00:38,-3.725289947353798e-08
2019-04-04 11:00:39,-1.862644973676899e-08
2019-04-04 11:00:40,-9.313224868384495e-09
2019-04-04 11:00:41,-4.656612434192247e-09
2019-04-04 11:00:42,-5.000000002328306
2019-04-04 11:00:43,-2.500000001164153
2019-04-04 11:00:44,-1.2500000005820766
2019-04-04 11:00:45,-0.6250000002910383
2019-04-04 11:00:46,-0.31250000014551915
2019-04-04 11:00:47,-0.15625000007275958
2019-04-04 11:00:48,0.4218749999636202
2019-04-04 11:00:49,0.2109374999818101
2019-04-04 11:00:50,0.605468749990905
2019-04-04 11:00:51,0.3027343749954525
2019-04-04 11:00:52,0.15136718749772626
2019-04-04 11:00:53,0.07568359374886313
2019-04-04 11:00:54,0.037841796874431566
2019-04-04 11:00:55,0.018920898437215783
2019-04-04 11:00:56,0.009460449218607891
2019-04-04 11:00:57,0.004730224609303946
2019-04-04 11:00:58,0.002365112304651973
2019-04-04 11:00:59,0.0011825561523259864
2019-04-04 11:01:00,0.0005912780761629932
2019-04-04 11:01:01,0.0002956390380814966
2019-04-04 11:01:02,-1.9998521804809593
2019-04-04 11:01:03,-0.9999260902404796
2019-04-04 11:01:04,-0.4999630451202398
2019-04-04 11:01:05,-0.2499815225601199
2019-04-04 11:01:06,-0.12499076128005995
2019-04-04 11:01:07,-6.56249538064003
2019-04-04 11:01:08,-3.781247690320015
2019-04-04 11:01:09,-1.8906238451600075
2019-04-04 11:01:10,-0.9453119225800037
2019-04-04 11:01:11,-0.47265596129000187
2019-04-04 11:01:12,-0.23632798064500093
2019-04-04 11:01:13,-0.11816399032250047
2019-04-04 11:01:14,-0.059081995161250234
2019-04-04 11:01:15,-0.029540997580625117
2019-04-04 11:01:16,-0.014770498790312558
2019-04-04 11:01:17,-0.007385249395156279
2019-04-04 11:01:18,-0.0036926246975781396
2019-04-04 11:01:19,-0.0018463123487890698
2019-04-04 11:01:20,-0.0009231561743945349
2019-04-04 11:01:21,-0.00046157808719726745
2019-04-04 11:01:22,-0.00023078904359863373
2019-04-04 11:01:23,-0.00011539452179931686
2019-04-04 11:01:24,-5.769726089965843e-05
2019-04-04 11:01:25,-2.8848630449829216e-05
2019-04-04 11:01:26,-1.4424315224914608e-05
2019-04-04 11:01:27,-7.212157612457304e-06
2019-04-04 11:01:28,-3.606078806228652e-06
2019-04-04 11:01:29,-1.803039403114326e-06
2019-04-04 11:01:30,-9.01519701557163e-07
2019-04-04 11:01:31,-4.507598507785815e-07
2019-04-04 11:01:32,-2.2537992538929075e-07
2019-04-04 11:01:33,-1.1268996269464537e-07
2019-04-04 11:01:34,-5.634498134732269e-08
2019-04-04 11:01:35,-2.8172490673661343e-08
2019-04-04 11:01:36,-1.4086245336830672e-08
2019-04-04 11:01:37,-7.043122668415336e-09
2019-04-04 11:01:38,-3.521561334207668e-09
2019-04-04 11:01:39,-1.760780667103834e-09
2019-04-04 11:01:40,-8.80390333551917e-10
2019-04-04 11:01:41,-4.401951667759585e-10
2019-04-04 11:01:42,-2.2009758338797925e-10
2019-04-04 11:01:43,-1.1004879169398962e-10
2019-04-04 11:01:44,-5.502439584699481e-11
2019-04-04 11:01:45,-2.7512197923497406e-11
2019-04-04 11:01:46,-1.3756098961748703e-11
2019-04-04 11:01:47,-6.8780494808743514e-12
2019-04-04 11:01:48,-3.4390247404371757e-12
2019-04-04 11:01:49,-1.7195123702185879e-12
2019-04-04 11:01:50,-8.597561851092939e-13
2019-04-04 11:01:51,-4.2987809255464696e-13
2019-04-04 11:01:52,-2.1493904627732348e-13
2019-04-04 11:01:53,-1.0746952313866174e-13
2019-04-04 11:01:54,-5.373476156933087e-14
2019-04-04 11:01:55,-2.6867380784665435e-14
2019-04-04 11:01:56,-1.3433690392332718e-14
2019-04-04 11:01:57,-6.716845196166359e-15
2019-04-04 11:01:58,-3.3584225980831794e-15
2019-04-04 11:01:59,-1.6792112990415897e-15
2019-04-04 11:02:00,-8.396056495207949e-16
2019-04-04 11:02:01,-4.1980282476039743e-16
2019-04-04 11:02:02,-2.0990141238019871e-16
2019-04-04 11:02:03,-1.0495070619009936e-16
2019-04-04 11:02:04,-5.247535309504968e-17
2019-04-04 11:02:05,-2.623767654752484e-17
2019-04-04 11:02:06,-1.311883827376242e-17
2019-04-04 11:02:07,-6.55941913688121e-18
2019-04-04 11:02:08,-3.279709568440605e-18
2019-04-04 11:02:09,-1.6398547842203024e-18
2019-04-04 11:02:10,-8.199273921101512e-19
2019-04-04 11:02:11,-4.099636960550756e-19
2019-04-04 11:02:12,-2.049818480275378e-19
2019-04-04 11:02:13,-1.024909240137689e-19
2019-04-04 11:02:14,-5.124546200688445e-20
2019-04-04 11:02:15,-2.5622731003442226e-20
2019-04-04 11:02:16,-1.2811365501721113e-20
2019-04-04 11:02:17,-6.4056827508605564e-21
2019-04-04 11:02:18,-3.2028413754302782e-21
2019-04-04 11:02:19,-1.6014206877151391e-21
2019-04-04 11:02:20,-8.0071034385756955e-22
2019-04-04 11:02:21,-4.0035517192878478e-22
2019-04-04 11:02:22,-2.0017758596439239e-22
2019-04-04 11:02:23,-1.0008879298219619e-22
2019-04-04 11:02:24,-5.5
2019-04-04 11:02:25,-2.75
2019-04-04 11:02:26,-1.375
2019-04-04 11:02:27,-1.6875
2019-04-04 11:02:28,-5.84375
2019-04-04 11:02:29,-2.921875
2019-04-04 11:02:30,-1.4609375
2019-04-04 11:02:31,-0.73046875
2019-04-04 11:02:32,-0.365234375
2019-04-04 11:02:33,-0.1826171875
2019-04-04 11:02:34,-0.59130859375
2019-04-04 11:02:35,-0.295654296875
2019-04-04 11:02:36,-0.1478271484375
2019-04-04 11:02:37,0.42608642578125
2019-04-04 11:02:38,0.213043212890625
2019-04-04 11:02:39,0.1065216064453125
2019-04-04 11:02:40,0.05326080322265625
2019-04-04 11:02:41,0.026630401611328125
2019-04-04 11:02:42,0.013315200805664062
2019-04-04 11:02:43,0.006657600402832031
2019-04-04 11:02:44,3.503328800201416
2019-04-04 11:02:45,1.751664400100708
2019-04-04 11:02:46,0.875832200050354
2019-04-04 11:02:47,0.437916100025177
2019-04-04 11:02:48,0.2189580500125885
2019-04-04 11:02:49,0.10947902500629425
2019-04-04 11:02:50,2.054739512503147
2019-04-04 11:02:51,0.5273697562515736
2019-04-04 11:02:52,0.2636848781257868
2019-04-04 11:02:53,0.1318424390628934
2019-04-04 11:02:54,0.0659212195314467
2019-04-04 11:02:55,0.03296060976572335
2019-04-04 11:02:56,2.0164803048828617
2019-04-04 11:02:57,1.0082401524414308
2019-04-04 11:02:58,0.5041200762207154
2019-04-04 11:02:59,0.2520600381103577
2019-04-04 11:03:00,0.12603001905517885
2019-04-04 11:03:01,0.06301500952758943
2019-04-04 11:03:02,0.031507504763794714
2019-04-04 11:03:03,0.015753752381897357
2019-04-04 11:03:04,0.007876876190948678
2019-04-04 11:03:05,0.003938438095474339
2019-04-04 11:03:06,0.0019692190477371696
2019-04-04 11:03:07,0.0009846095238685848
2019-04-04 11:03:08,0.0004923047619342924
2019-04-04 11:03:09,0.0002461523809671462
2019-04-04 11:03:10,0.0001230761904835731
2019-04-04 11:03:11,6.153809524178655e-05
2019-04-04 11:03:12,3.0769047620893275e-05
2019-04-04 11:03:13,1.5384523810446638e-05
2019-04-04 11:03:14,7.692261905223319e-06
2019-04-04 11:03:15,3.846130952611659e-06
2019-04-04 11:03:16,1.9230654763058297e-06
2019-04-04 11:03:17,9.615327381529148e-07
2019-04-04 11:03:18,4.807663690764574e-07
2019-04-04 11:03:19,2.403831845382287e-07
2019-04-04 11:03:20,1.2019159226911436e-07
2019-04-04 11:03:21,6.009579613455718e-08
2019-04-04 11:03:22,3.004789806727859e-08
2019-04-04 11:03:23,1.5023949033639294e-08
2019-04-04 11:03:24,7.511974516819647e-09
2019-04-04 11:03:25,-0.49999999624401276
2019-04-04 11:03:26,-0.24999999812200638
2019-04-04 11:03:27,-0.12499999906100319
2019-04-04 11:03:28,-0.062499999530501595
2019-04-04 11:03:29,-0.031249999765250797
2019-04-04 11:03:30,-0.015624999882625399
2019-04-04 11:03:31,-0.007812499941312699
2019-04-04 11:03:32,-0.0039062499706563497
2019-04-04 11:03:33,-0.0019531249853281748
2019-04-04 11:03:34,-0.0009765624926640874
2019-04-04 11:03:35,-0.0004882812463320437
2019-04-04 11:03:36,-0.00024414062316602185
2019-04-04 11:03:37,-0.00012207031158301093
2019-04-04 11:03:38,-6.1035155791505463e-05
2019-04-04 11:03:39,0.49996948242210426
2019-04-04 11:03:40,0.24998474121105213
2019-04-04 11:03:41,0.12499237060552607
2019-04-04 11:03:42,0.06249618530276303
2019-04-04 11:03:43,0.031248092651381516
2019-04-04 11:03:44,0.015624046325690758
2019-04-04 11:03:45,0.007812023162845379
2019-04-04 11:03:46,0.0039060115814226895
2019-04-04 11:03:47,0.0019530057907113448
2019-04-04 11:03:48,1.5009765028953557
2019-04-04 11:03:49,0.7504882514476778
2019-04-04 11:03:50,0.3752441257238389
2019-04-04 11:03:51,0.18762206286191946
2019-04-04 11:03:52,0.09381103143095973
2019-04-04 11:03:53,0.046905515715479865
2019-04-04 11:03:54,0.023452757857739932
2019-04-04 11:03:55,0.011726378928869966
2019-04-04 11:03:56,0.005863189464434983
2019-04-04 11:03:57,0.0029315947322174915
2019-04-04 11:03:58,0.0014657973661087458
2019-04-04 11:03:59,0.0007328986830543729
2019-04-04 11:04:00,0.00036644934152718644
2019-04-04 11:04:01,0.00018322467076359322
2019-04-04 11:04:02,9.161233538179661e-05
2019-04-04 11:04:03,4.5806167690898305e-05
2019-04-04 11:04:04,2.2903083845449153e-05
2019-04-04 11:04:05,-1.9999885484580773
2019-04-04 11:04:06,-0.9999942742290386
2019-04-04 11:04:07,-0.4999971371145193
2019-04-04 11:04:08,-0.24999856855725966
2019-04-04 11:04:09,-0.6249992842786298
2019-04-04 11:04:10,-0.3124996421393149
2019-04-04 11:04:11,-0.15624982106965746
2019-04-04 11:04:12,-0.07812491053482873
2019-04-04 11:04:13,-0.039062455267414364
2019-04-04 11:04:14,-0.019531227633707182
2019-04-04 11:04:15,-0.009765613816853591
2019-04-04 11:04:16,-0.0048828069084267955
2019-04-04 11:04:17,-0.0024414034542133978
2019-04-04 11:04:18,-0.0012207017271066989
2019-04-04 11:04:19,-0.0006103508635533494
2019-04-04 11:04:20,-0.0003051754317766747
2019-04-04 11:04:21,-0.00015258771588833736
2019-04-04 11:04:22,-7.629385794416868e-05
2019-04-04 11:04:23,-3.814692897208434e-05
2019-04-04 11:04:24,-1.907346448604217e-05
2019-04-04 11:04:25,-9.536732243021085e-06
2019-04-04 11:04:26,-4.7683661215105425e-06
2019-04-04 11:04:27,-2.3841830607552713e-06
2019-04-04 11:04:28,-1.1920915303776356e-06
2019-04-04 11:04:29,-5.960457651888178e-07
2019-04-04 11:04:30,-2.980228825944089e-07
2019-04-04 11:04:31,-1.4901144129720445e-07
2019-04-04 11:04:32,-7.450572064860223e-08
2019-04-04 11:04:33,-3.7252860324301113e-08
2019-04-04 11:04:34,-1.8626430162150557e-08
2019-04-04 11:04:35,-9.313215081075278e-09
2019-04-04 11:04:36,-4.656607540537639e-09
2019-04-04 11:04:37,-2.3283037702688196e-09
2019-04-04 11:04:38,-1.0000000011641519
2019-04-04 11:04:39,-0.5000000005820759
2019-04-04 11:04:40,-0.25000000029103797
2019-04-04 11:04:41,-0.12500000014551899
2019-04-04 11:04:42,-0.06250000007275949
2019-04-04 11:04:43,-0.031250000036379746
2019-04-04 11:04:44,-0.015625000018189873
2019-04-04 11:04:45,-2.007812500009095
2019-04-04 11:04:46,-1.0039062500045475
2019-04-04 11:04:47,-0.5019531250022737
2019-04-04 11:04:48,-0.25097656250113687
2019-04-04 11:04:49,-3.1254882812505684
2019-04-04 11:04:50,-1.5627441406252842
2019-04-04 11:04:51,-0.7813720703126421
2019-04-04 11:04:52,-0.39068603515632105
2019-04-04 11:04:53,-0.19534301757816053
2019-04-04 11:04:54,-0.09767150878908026
2019-04-04 11:04:55,-0.04883575439454013
2019-04-04 11:04:56,-0.024417877197270066
2019-04-04 11:04:57,-0.012208938598635033
2019-04-04 11:04:58,-0.0061044692993175165
2019-04-04 11:04:59,-0.0030522346496587582
2019-04-04 11:05:00,-0.0015261173248293791
2019-04-04 11:05:01,2.4992369413375854
2019-04-04 11:05:02,-0.2503815293312073
2019-04-04 11:05:03,2.8748092353343964
2019-04-04 11:05:04,1.4374046176671982
2019-04-04 11:05:05,0.7187023088335991
2019-04-04 11:05:06,0.35935115441679955
2019-04-04 11:05:07,1.6796755772083998
2019-04-04 11:05:08,0.8398377886041999
2019-04-04 11:05:09,0.41991889430209994
2019-04-04 11:05:10,0.20995944715104997
2019-04-04 11:05:11,0.10497972357552499
2019-04-04 11:05:12,0.05248986178776249
2019-04-04 11:05:13,0.026244930893881246
2019-04-04 11:05:14,0.013122465446940623
2019-04-04 11:05:15,0.006561232723470312
2019-04-04 11:05:16,0.003280616361735156
2019-04-04 11:05:17,0.001640308180867578
2019-04-04 11:05:18,0.000820154090433789
2019-04-04 11:05:19,0.0004100770452168945
2019-04-04 11:05:20,0.00020503852260844724
2019-04-04 11:05:21,0.00010251926130422362
2019-04-04 11:05:22,5.125963065211181e-05
2019-04-04 11:05:23,2.5629815326055905e-05
2019-04-04 11:05:24,1.2814907663027952e-05
2019-04-04 11:05:25,6.407453831513976e-06
2019-04-04 11:05:26,3.203726915756988e-06
2019-04-04 11:05:27,1.601863457878494e-06
2019-04-04 11:05:28,8.00931728939247e-07
2019-04-04 11:05:29,4.004658644696235e-07
2019-04-04 11:05:30,-10.499999799767068
2019-04-04 11:05:31,-5.249999899883534
2019-04-04 11:05:32,-2.624999949941767
2019-04-04 11:05:33,-1.3124999749708834
2019-04-04 11:05:34,-0.6562499874854417
2019-04-04 11:05:35,-0.32812499374272086
2019-04-04 11:05:36,-0.16406249687136043
2019-04-04 11:05:37,-0.08203124843568022
2019-04-04 11:05:38,-0.04101562421784011
2019-04-04 11:05:39,-0.020507812108920054
2019-04-04 11:05:40,-0.010253906054460027
2019-04-04 11:05:41,-0.0051269530272300134
2019-04-04 11:05:42,-0.502563476513615
2019-04-04 11:05:43,0.2487182617431925
2019-04-04 11:05:44,0.12435913087159625
2019-04-04 11:05:45,0.062179565435798126
2019-04-04 11:05:46,0.031089782717899063
2019-04-04 11:05:47,0.015544891358949531
2019-04-04 11:05:48,0.007772445679474766
2019-04-04 11:05:49,0.003886222839737383
2019-04-04 11:05:50,0.0019431114198686914
2019-04-04 11:05:51,0.5009715557099343
2019-04-04 11:05:52,0.2504857778549672
2019-04-04 11:05:53,0.1252428889274836
2019-04-04 11:05:54,0.0626214444637418
2019-04-04 11:05:55,0.0313107222318709
2019-04-04 11:05:56,0.01565536111593545
2019-04-04 11:05:57,0.007827680557967724
2019-04-04 11:05:58,0.003913840278983862
2019-04-04 11:05:59,0.001956920139491931
2019-04-04 11:06:00,0.0009784600697459655
2019-04-04 11:06:01,0.0004892300348729828
2019-04-04 11:06:02,0.0002446150174364914
2019-04-04 11:06:03,-1.9998776924912818
2019-04-04 11:06:04,-0.9999388462456409
2019-04-04 11:06:05,-0.49996942312282044
2019-04-04 11:06:06,-0.24998471156141022
2019-04-04 11:06:07,-0.12499235578070511
2019-04-04 11:06:08,-0.062496177890352556
2019-04-04 11:06:09,-0.031248088945176278
2019-04-04 11:06:10,-0.015624044472588139
2019-04-04 11:06:11,-0.0078120222362940694
2019-04-04 11:06:12,-0.0039060111181470347
2019-04-04 11:06:13,-0.0019530055590735174
2019-04-04 11:06:14,-0.0009765027795367587
2019-04-04 11:06:15,-0.00048825138976837934
2019-04-04 11:06:16,-0.00024412569488418967
2019-04-04 11:06:17,-0.00012206284744209484
2019-04-04 11:06:18,-6.103142372104742e-05
2019-04-04 11:06:19,-3.051571186052371e-05
2019-04-04 11:06:20,-1.5257855930261854e-05
2019-04-04 11:06:21,-7.628927965130927e-06
2019-04-04 11:06:22,-3.8144639825654636e-06
2019-04-04 11:06:23,-1.9072319912827318e-06
2019-04-04 11:06:24,-9.536159956413659e-07
2019-04-04 11:06:25,-4.7680799782068295e-07
2019-04-04 11:06:26,-2.3840399891034147e-07
2019-04-04 11:06:27,-1.1920199945517074e-07
2019-04-04 11:06:28,-5.960099972758537e-08
2019-04-04 11:06:29,-2.9800499863792684e-08
2019-04-04 11:06:30,-1.4900249931896342e-08
2019-04-04 11:06:31,-7.450124965948171e-09
2019-04-04 11:06:32,-3.7250624829740855e-09
2019-04-04 11:06:33,-1.8625312414870428e-09
2019-04-04 11:06:34,-9.312656207435214e-10
2019-04-04 11:06:35,-1.5000000004656329
2019-04-04 11:06:36,-0.7500000002328164
2019-04-04 11:06:37,-0.3750000001164082
2019-04-04 11:06:38,-0.1875000000582041
2019-04-04 11:06:39,-0.09375000002910205
2019-04-04 11:06:40,-0.04687500001455103
2019-04-04 11:06:41,-0.023437500007275514
2019-04-04 11:06:42,-0.011718750003637757
2019-04-04 11:06:43,-0.005859375001818878
2019-04-04 11:06:44,-0.002929687500909439
2019-04-04 11:06:45,-0.0014648437504547196
2019-04-04 11:06:46,-0.0007324218752273598
2019-04-04 11:06:47,-0.0003662109376136799
2019-04-04 11:06:48,-0.00018310546880683995
2019-04-04 11:06:49,-9.155273440341997e-05
2019-04-04 11:06:50,-4.577636720170999e-05
2019-04-04 11:06:51,-2.2888183600854994e-05
2019-04-04 11:06:52,-1.1444091800427497e-05
2019-04-04 11:06:53,-5.722045900213748e-06
2019-04-04 11:06:54,-2.861022950106874e-06
2019-04-04 11:06:55,-1.430511475053437e-06
2019-04-04 11:06:56,-7.152557375267186e-07
2019-04-04 11:06:57,-3.576278687633593e-07
2019-04-04 11:06:58,-1.7881393438167964e-07
2019-04-04 11:06:59,-8.940696719083982e-08
2019-04-04 11:07:00,-4.470348359541991e-08
2019-04-04 11:07:01,-2.2351741797709955e-08
2019-04-04 11:07:02,-1.1175870898854977e-08
2019-04-04 11:07:03,0.49999999441206455
2019-04-04 11:07:04,0.24999999720603228
2019-04-04 11:07:05,0.12499999860301614
2019-04-04 11:07:06,0.06249999930150807
2019-04-04 11:07:07,0.031249999650754035
2019-04-04 11:07:08,0.015624999825377017
2019-04-04 11:07:09,0.007812499912688509
2019-04-04 11:07:10,0.0039062499563442543
2019-04-04 11:07:11,0.0019531249781721272
2019-04-04 11:07:12,-0.49902343751091394
2019-04-04 11:07:13,-0.24951171875545697
2019-04-04 11:07:14,-0.12475585937772848
2019-04-04 11:07:15,-0.06237792968886424
2019-04-04 11:07:16,-0.03118896484443212
2019-04-04 11:07:17,-0.01559448242221606
2019-04-04 11:07:18,-1.007797241211108
2019-04-04 11:07:19,-0.503898620605554
2019-04-04 11:07:20,-0.251949310302777
2019-04-04 11:07:21,-0.1259746551513885
2019-04-04 11:07:22,-0.06298732757569425
2019-04-04 11:07:23,-0.5314936637878471
2019-04-04 11:07:24,-0.26574683189392356
2019-04-04 11:07:25,-1.1328734159469618
2019-04-04 11:07:26,-0.5664367079734809
2019-04-04 11:07:27,-0.28321835398674045
2019-04-04 11:07:28,-0.14160917699337022
2019-04-04 11:07:29,-0.07080458849668511
2019-04-04 11:07:30,-0.035402294248342556
2019-04-04 11:07:31,-0.017701147124171278
2019-04-04 11:07:32,-0.5088505735620856
2019-04-04 11:07:33,-0.2544252867810428
2019-04-04 11:07:34,-0.6272126433905214
2019-04-04 11:07:35,-0.3136063216952607
2019-04-04 11:07:36,-0.15680316084763035
2019-04-04 11:07:37,-1.0784015804238152
2019-04-04 11:07:38,-0.5392007902119076
2019-04-04 11:07:39,-0.2696003951059538
2019-04-04 11:07:40,-0.1348001975529769
2019-04-04 11:07:41,-0.06740009877648845
2019-04-04 11:07:42,-0.033700049388244224
2019-04-04 11:07:43,-0.5168500246941221
2019-04-04 11:07:44,-0.25842501234706106
2019-04-04 11:07:45,-0.6292125061735305
2019-04-04 11:07:46,-0.31460625308676526
2019-04-04 11:07:47,-0.15730312654338263
2019-04-04 11:07:48,-0.07865156327169132
2019-04-04 11:07:49,-0.03932578163584566
2019-04-04 11:07:50,-0.01966289081792283
2019-04-04 11:07:51,-0.009831445408961415
2019-04-04 11:07:52,-0.004915722704480707
2019-04-04 11:07:53,-0.5024578613522404
2019-04-04 11:07:54,-0.2512289306761202
2019-04-04 11:07:55,-0.6256144653380601
2019-04-04 11:07:56,-0.31280723266903004
2019-04-04 11:07:57,-0.15640361633451502
2019-04-04 11:07:58,-0.07820180816725751
2019-04-04 11:07:59,-0.039100904083628756
2019-04-04 11:08:00,-2.0195504520418144
2019-04-04 11:08:01,-1.0097752260209072
2019-04-04 11:08:02,-1.5048876130104536
2019-04-04 11:08:03,-0.7524438065052268
2019-04-04 11:08:04,-0.8762219032526134
2019-04-04 11:08:05,-0.4381109516263067
2019-04-04 11:08:06,-0.21905547581315335
2019-04-04 11:08:07,-0.10952773790657667
2019-04-04 11:08:08,-0.05476386895328834
2019-04-04 11:08:09,-0.02738193447664417
2019-04-04 11:08:10,-0.013690967238322084
2019-04-04 11:08:11,-0.006845483619161042
2019-04-04 11:08:12,-0.003422741809580521
2019-04-04 11:08:13,-0.0017113709047902605
2019-04-04 11:08:14,-0.0008556854523951303
2019-04-04 11:08:15,-0.00042784272619756514
2019-04-04 11:08:16,-1.5002139213630987
2019-04-04 11:08:17,-0.7501069606815494
2019-04-04 11:08:18,-0.3750534803407747
2019-04-04 11:08:19,-0.18752674017038734
2019-04-04 11:08:20,-0.09376337008519367
2019-04-04 11:08:21,4.453118314957403
2019-04-04 11:08:22,1.7265591574787016
2019-04-04 11:08:23,2.363279578739351
2019-04-04 11:08:24,1.1816397893696755
2019-04-04 11:08:25,0.5908198946848378
2019-04-04 11:08:26,0.2954099473424189
2019-04-04 11:08:27,0.14770497367120944
2019-04-04 11:08:28,0.07385248683560472
2019-04-04 11:08:29,0.03692624341780236
2019-04-04 11:08:30,0.01846312170890118
2019-04-04 11:08:31,0.00923156085445059
2019-04-04 11:08:32,0.004615780427225295
2019-04-04 11:08:33,0.0023078902136126475
2019-04-04 11:08:34,0.0011539451068063237
2019-04-04 11:08:35,0.0005769725534031619
2019-04-04 11:08:36,-0.4997115137232984
2019-04-04 11:08:37,-0.2498557568616492
2019-04-04 11:08:38,-0.1249278784308246
2019-04-04 11:08:39,-0.0624639392154123
2019-04-04 11:08:40,-0.03123196960770615
2019-04-04 11:08:41,-0.015615984803853076
2019-04-04 11:08:42,-0.007807992401926538
2019-04-04 11:08:43,-0.003903996200963269
2019-04-04 11:08:44,-0.0019519981004816344
2019-04-04 11:08:45,-0.5009759990502408
2019-04-04 11:08:46,-0.2504879995251204
2019-04-04 11:08:47,-0.1252439997625602
2019-04-04 11:08:48,-0.0626219998812801
2019-04-04 11:08:49,-0.53131099994064
2019-04-04 11:08:50,-0.26565549997032
2019-04-04 11:08:51,-0.13282774998516
2019-04-04 11:08:52,-0.06641387499258
2019-04-04 11:08:53,-0.03320693749629
2019-04-04 11:08:54,-0.016603468748145
2019-04-04 11:08:55,-0.5083017343740726
2019-04-04 11:08:56,-0.2541508671870363
2019-04-04 11:08:57,-0.12707543359351814
2019-04-04 11:08:58,-0.06353771679675907
2019-04-04 11:08:59,-0.031768858398379535
2019-04-04 11:09:00,-0.015884429199189767
2019-04-04 11:09:01,-0.5079422145995949
2019-04-04 11:09:02,-0.25397110729979744
2019-04-04 11:09:03,-0.12698555364989872
2019-04-04 11:09:04,-0.06349277682494936
2019-04-04 11:09:05,-0.03174638841247468
2019-04-04 11:09:06,-0.5158731942062373
2019-04-04 11:09:07,-0.25793659710311867
2019-04-04 11:09:08,-0.6289682985515593
2019-04-04 11:09:09,-0.31448414927577967
2019-04-04 11:09:10,-0.15724207463788983
2019-04-04 11:09:11,-0.07862103731894492
2019-04-04 11:09:12,-0.03931051865947246
2019-04-04 11:09:13,-0.01965525932973623
2019-04-04 11:09:14,-0.009827629664868115
2019-04-04 11:09:15,-0.504913814832434
2019-04-04 11:09:16,-0.252456907416217
2019-04-04 11:09:17,-0.1262284537081085
2019-04-04 11:09:18,-0.06311422685405425
2019-04-04 11:09:19,-0.03155711342702713
2019-04-04 11:09:20,-0.015778556713513563
2019-04-04 11:09:21,-0.007889278356756782
2019-04-04 11:09:22,-0.003944639178378391
2019-04-04 11:09:23,-0.0019723195891891954
2019-04-04 11:09:24,-0.0009861597945945977
2019-04-04 11:09:25,-0.0004930798972972989
2019-04-04 11:09:26,-0.00024653994864864943
2019-04-04 11:09:27,-0.00012326997432432471
2019-04-04 11:09:28,-6.163498716216236e-05
2019-04-04 11:09:29,-3.081749358108118e-05
2019-04-04 11:09:30,-1.540874679054059e-05
2019-04-04 11:09:31,-7.704373395270295e-06
2019-04-04 11:09:32,-3.852186697635147e-06
2019-04-04 11:09:33,-1.9260933488175737e-06
2019-04-04 11:09:34,-9.630466744087868e-07
2019-04-04 11:09:35,-4.815233372043934e-07
2019-04-04 11:09:36,-2.407616686021967e-07
2019-04-04 11:09:37,-1.2038083430109835e-07
2019-04-04 11:09:38,-6.019041715054918e-08
2019-04-04 11:09:39,-3.009520857527459e-08
2019-04-04 11:09:40,-1.5047604287637294e-08
2019-04-04 11:09:41,-7.523802143818647e-09
2019-04-04 11:09:42,-3.7619010719093235e-09
2019-04-04 11:09:43,-1.8809505359546618e-09
2019-04-04 11:09:44,-1.5000000009404753
2019-04-04 11:09:45,-0.7500000004702376
2019-04-04 11:09:46,-0.3750000002351188
2019-04-04 11:09:47,-0.1875000001175594
2019-04-04 11:09:48,-0.0937500000587797
2019-04-04 11:09:49,-0.04687500002938985
2019-04-04 11:09:50,-0.023437500014694926
2019-04-04 11:09:51,-0.011718750007347463
2019-04-04 11:09:52,-0.0058593750036737315
2019-04-04 11:09:53,-0.0029296875018368657
2019-04-04 11:09:54,-0.0014648437509184329
2019-04-04 11:09:55,-0.0007324218754592164
2019-04-04 11:09:56,-0.0003662109377296082
2019-04-04 11:09:57,-0.0001831054688648041
2019-04-04 11:09:58,-9.155273443240205e-05
2019-04-04 11:09:59,-4.577636721620103e-05
2019-04-04 11:10:00,-2.2888183608100514e-05
2019-04-04 11:10:01,-1.1444091804050257e-05
2019-04-04 11:10:02,-5.722045902025128e-06
2019-04-04 11:10:03,0.499997138977049
2019-04-04 11:10:04,0.2499985694885245
2019-04-04 11:10:05,0.12499928474426225
2019-04-04 11:10:06,0.062499642372131126
2019-04-04 11:10:07,0.031249821186065563
2019-04-04 11:10:08,0.015624910593032781
2019-04-04 11:10:09,8.507812455296516
2019-04-04 11:10:10,4.253906227648258
2019-04-04 11:10:11,2.126953113824129
2019-04-04 11:10:12,1.0634765569120646
2019-04-04 11:10:13,0.5317382784560323
2019-04-04 11:10:14,0.26586913922801614
2019-04-04 11:10:15,0.13293456961400807
2019-04-04 11:10:16,0.06646728480700403
2019-04-04 11:10:17,0.03323364240350202
2019-04-04 11:10:18,0.01661682120175101
2019-04-04 11:10:19,0.008308410600875504
2019-04-04 11:10:20,0.004154205300437752
2019-04-04 11:10:21,0.002077102650218876
2019-04-04 11:10:22,0.001038551325109438
2019-04-04 11:10:23,0.000519275662554719
2019-04-04 11:10:24,0.0002596378312773595
2019-04-04 11:10:25,0.00012981891563867975
2019-04-04 11:10:26,6.490945781933988e-05
2019-04-04 11:10:27,3.245472890966994e-05
2019-04-04 11:10:28,1.622736445483497e-05
2019-04-04 11:10:29,8.113682227417485e-06
2019-04-04 11:10:30,4.056841113708742e-06
2019-04-04 11:10:31,2.028420556854371e-06
2019-04-04 11:10:32,1.0142102784271856e-06
2019-04-04 11:10:33,-0.4999994928948608
2019-04-04 11:10:34,-0.2499997464474304
2019-04-04 11:10:35,-0.1249998732237152
2019-04-04 11:10:36,-0.0624999366118576
2019-04-04 11:10:37,-0.0312499683059288
2019-04-04 11:10:38,-0.0156249841529644
2019-04-04 11:10:39,-0.0078124920764822
2019-04-04 11:10:40,-0.0039062460382411
2019-04-04 11:10:41,-0.00195312301912055
2019-04-04 11:10:42,-0.000976561509560275
2019-04-04 11:10:43,-0.0004882807547801375
2019-04-04 11:10:44,-0.00024414037739006874
2019-04-04 11:10:45,-0.00012207018869503437
2019-04-04 11:10:46,-6.1035094347517186e-05
2019-04-04 11:10:47,-3.0517547173758593e-05
2019-04-04 11:10:48,-1.5258773586879296e-05
2019-04-04 11:10:49,-7.629386793439648e-06
2019-04-04 11:10:50,-3.814693396719824e-06
2019-04-04 11:10:51,-1.907346698359912e-06
2019-04-04 11:10:52,-9.53673349179956e-07
2019-04-04 11:10:53,-4.76836674589978e-07
2019-04-04 11:10:54,-2.38418337294989e-07
2019-04-04 11:10:55,-1.192091686474945e-07
2019-04-04 11:10:56,-5.960458432374725e-08
2019-04-04 11:10:57,-2.9802292161873626e-08
2019-04-04 11:10:58,-1.4901146080936813e-08
2019-04-04 11:10:59,2.999999992549427
2019-04-04 11:11:00,0.4999999962747135
2019-04-04 11:11:01,-3.2500000018626434
2019-04-04 11:11:02,-1.6250000009313217
2019-04-04 11:11:03,-0.8125000004656608
2019-04-04 11:11:04,-0.4062500002328304
2019-04-04 11:11:05,-0.2031250001164152
2019-04-04 11:11:06,-0.1015625000582076
2019-04-04 11:11:07,-0.0507812500291038
2019-04-04 11:11:08,-0.0253906250145519
2019-04-04 11:11:09,-0.01269531250727595
2019-04-04 11:11:10,-0.006347656253637975
2019-04-04 11:11:11,-0.0031738281268189877
2019-04-04 11:11:12,-0.0015869140634094938
2019-04-04 11:11:13,-0.0007934570317047469
2019-04-04 11:11:14,-0.00039672851585237346
2019-04-04 11:11:15,-0.00019836425792618673
2019-04-04 11:11:16,-9.918212896309336e-05
2019-04-04 11:11:17,-4.959106448154668e-05
2019-04-04 11:11:18,-2.479553224077334e-05
2019-04-04 11:11:19,-1.239776612038667e-05
2019-04-04 11:11:20,-6.198883060193335e-06
2019-04-04 11:11:21,-3.0994415300966676e-06
2019-04-04 11:11:22,-1.5497207650483338e-06
2019-04-04 11:11:23,-7.748603825241669e-07
2019-04-04 11:11:24,-3.8743019126208346e-07
2019-04-04 11:11:25,-3.5000001937150955
2019-04-04 11:11:26,-1.7500000968575478
2019-04-04 11:11:27,0.12499995157122612
2019-04-04 11:11:28,0.06249997578561306
2019-04-04 11:11:29,0.03124998789280653
2019-04-04 11:11:30,0.015624993946403265
2019-04-04 11:11:31,0.0078124969732016325
2019-04-04 11:11:32,0.0039062484866008162
2019-04-04 11:11:33,0.0019531242433004081
2019-04-04 11:11:34,0.0009765621216502041
2019-04-04 11:11:35,-0.4995117189391749
2019-04-04 11:11:36,-0.24975585946958745
2019-04-04 11:11:37,-0.12487792973479372
2019-04-04 11:11:38,-0.06243896486739686
2019-04-04 11:11:39,-1.0312194824336984
2019-04-04 11:11:40,-2.515609741216849
2019-04-04 11:11:41,-1.2578048706084246
2019-04-04 11:11:42,-1.1289024353042123
2019-04-04 11:11:43,-0.5644512176521062
2019-04-04 11:11:44,-0.2822256088260531
2019-04-04 11:11:45,-0.14111280441302654
2019-04-04 11:11:46,-0.07055640220651327
2019-04-04 11:11:47,-0.035278201103256634
2019-04-04 11:11:48,-0.017639100551628317
2019-04-04 11:11:49,-0.008819550275814159
2019-04-04 11:11:50,-0.004409775137907079
2019-04-04 11:11:51,-0.0022048875689535397
2019-04-04 11:11:52,-0.0011024437844767698
2019-04-04 11:11:53,-0.0005512218922383849
2019-04-04 11:11:54,-2.0002756109461193
2019-04-04 11:11:55,-3.0001378054730594
2019-04-04 11:11:56,-1.5000689027365297
2019-04-04 11:11:57,-0.7500344513682649
2019-04-04 11:11:58,-0.3750172256841324
2019-04-04 11:11:59,-0.1875086128420662
2019-04-04 11:12:00,-0.0937543064210331
2019-04-04 11:12:01,-0.04687715321051655
2019-04-04 11:12:02,-0.023438576605258277
2019-04-04 11:12:03,-0.011719288302629138
2019-04-04 11:12:04,0.49414035584868543
2019-04-04 11:12:05,0.24707017792434272
2019-04-04 11:12:06,0.12353508896217136
2019-04-04 11:12:07,0.06176754448108568
2019-04-04 11:12:08,0.03088377224054284
2019-04-04 11:12:09,0.01544188612027142
2019-04-04 11:12:10,0.00772094306013571
2019-04-04 11:12:11,0.003860471530067855
2019-04-04 11:12:12,0.5019302357650339
2019-04-04 11:12:13,0.25096511788251696
2019-04-04 11:12:14,0.12548255894125848
2019-04-04 11:12:15,0.06274127947062924
2019-04-04 11:12:16,0.03137063973531462
2019-04-04 11:12:17,0.01568531986765731
2019-04-04 11:12:18,0.007842659933828655
2019-04-04 11:12:19,-0.4960786700330857
2019-04-04 11:12:20,-0.24803933501654285
2019-04-04 11:12:21,-0.12401966750827143
2019-04-04 11:12:22,-0.06200983375413571
2019-04-04 11:12:23,-0.031004916877067856
2019-04-04 11:12:24,-0.015502458438533928
2019-04-04 11:12:25,-0.007751229219266964
2019-04-04 11:12:26,-0.003875614609633482
2019-04-04 11:12:27,0.49806219269518326
2019-04-04 11:12:28,0.24903109634759163
2019-04-04 11:12:29,2.624515548173796
2019-04-04 11:12:30,1.312257774086898
2019-04-04 11:12:31,0.656128887043449
2019-04-04 11:12:32,0.3280644435217245
2019-04-04 11:12:33,0.16403222176086224
2019-04-04 11:12:34,0.08201611088043112
2019-04-04 11:12:35,0.04100805544021556
2019-04-04 11:12:36,0.02050402772010778
2019-04-04 11:12:37,0.5102520138600539
2019-04-04 11:12:38,0.25512600693002696
2019-04-04 11:12:39,-1.3724369965349865
2019-04-04 11:12:40,-0.6862184982674933
2019-04-04 11:12:41,-0.34310924913374663
2019-04-04 11:12:42,-0.17155462456687331
2019-04-04 11:12:43,-0.08577731228343666
2019-04-04 11:12:44,-0.04288865614171833
2019-04-04 11:12:45,-0.021444328070859164
2019-04-04 11:12:46,-0.010722164035429582
2019-04-04 11:12:47,-0.005361082017714791
2019-04-04 11:12:48,-0.0026805410088573955
2019-04-04 11:12:49,-0.0013402705044286978
2019-04-04 11:12:50,-0.0006701352522143489
2019-04-04 11:12:51,-0.00033506762610717444
2019-04-04 11:12:52,-0.00016753381305358722
2019-04-04 11:12:53,-8.376690652679361e-05
2019-04-04 11:12:54,-4.1883453263396805e-05
2019-04-04 11:12:55,-2.0941726631698403e-05
2019-04-04 11:12:56,-1.0470863315849201e-05
2019-04-04 11:12:57,-5.235431657924601e-06
2019-04-04 11:12:58,-2.6177158289623003e-06
2019-04-04 11:12:59,-1.3088579144811502e-06
2019-04-04 11:13:00,-6.544289572405751e-07
2019-04-04 11:13:01,-3.2721447862028754e-07
2019-04-04 11:13:02,-1.6360723931014377e-07
2019-04-04 11:13:03,-8.180361965507189e-08
2019-04-04 11:13:04,-4.090180982753594e-08
2019-04-04 11:13:05,-2.045090491376797e-08
2019-04-04 11:13:06,-2.0000000102254525
2019-04-04 11:13:07,-1.0000000051127262
2019-04-04 11:13:08,2.999999997443637
2019-04-04 11:13:09,1.4999999987218184
2019-04-04 11:13:10,4.249999999360909
2019-04-04 11:13:11,2.6249999996804547
2019-04-04 11:13:12,1.3124999998402274
2019-04-04 11:13:13,0.6562499999201137
2019-04-04 11:13:14,3.328124999960057
2019-04-04 11:13:15,1.6640624999800284
2019-04-04 11:13:16,0.8320312499900142
2019-04-04 11:13:17,0.4160156249950071
2019-04-04 11:13:18,0.7080078124975036
2019-04-04 11:13:19,0.3540039062487518
2019-04-04 11:13:20,0.1770019531243759
2019-04-04 11:13:21,0.08850097656218794
2019-04-04 11:13:22,1.544250488281094
2019-04-04 11:13:23,1.2721252441405468
2019-04-04 11:13:24,0.6360626220702734
2019-04-04 11:13:25,0.3180313110351367
2019-04-04 11:13:26,0.15901565551756836
2019-04-04 11:13:27,0.07950782775878418
2019-04-04 11:13:28,0.03975391387939209
2019-04-04 11:13:29,0.019876956939696044
2019-04-04 11:13:30,0.009938478469848022
2019-04-04 11:13:31,0.004969239234924011
2019-04-04 11:13:32,0.0024846196174620055
2019-04-04 11:13:33,0.0012423098087310028
2019-04-04 11:13:34,0.0006211549043655014
2019-04-04 11:13:35,0.0003105774521827507
2019-04-04 11:13:36,0.00015528872609137535
2019-04-04 11:13:37,7.764436304568767e-05
2019-04-04 11:13:38,3.882218152284384e-05
2019-04-04 11:13:39,1.941109076142192e-05
2019-04-04 11:13:40,9.70554538071096e-06
2019-04-04 11:13:41,4.85277269035548e-06
2019-04-04 11:13:42,2.42638634517774e-06
2019-04-04 11:13:43,1.21319317258887e-06
2019-04-04 11:13:44,3.0000006065965863
2019-04-04 11:13:45,1.5000003032982931
2019-04-04 11:13:46,0.7500001516491466
2019-04-04 11:13:47,0.3750000758245733
2019-04-04 11:13:48,0.18750003791228664
2019-04-04 11:13:49,0.09375001895614332
2019-04-04 11:13:50,0.04687500947807166
2019-04-04 11:13:51,0.02343750473903583
2019-04-04 11:13:52,0.011718752369517915
2019-04-04 11:13:53,0.005859376184758958
2019-04-04 11:13:54,0.002929688092379479
2019-04-04 11:13:55,0.0014648440461897394
2019-04-04 11:13:56,0.0007324220230948697
2019-04-04 11:13:57,1.5003662110115474
2019-04-04 11:13:58,0.7501831055057737
2019-04-04 11:13:59,0.37509155275288686
2019-04-04 11:14:00,0.18754577637644343
2019-04-04 11:14:01,0.09377288818822171
2019-04-04 11:14:02,0.04688644409411086
2019-04-04 11:14:03,0.02344322204705543
2019-04-04 11:14:04,0.011721611023527714
2019-04-04 11:14:05,0.005860805511763857
2019-04-04 11:14:06,0.0029304027558819286
2019-04-04 11:14:07,0.0014652013779409643
2019-04-04 11:14:08,0.0007326006889704821
2019-04-04 11:14:09,0.0003663003444852411
2019-04-04 11:14:10,0.00018315017224262054
2019-04-04 11:14:11,9.157508612131027e-05
2019-04-04 11:14:12,1.5000457875430606
2019-04-04 11:14:13,0.7500228937715303
2019-04-04 11:14:14,0.37501144688576515
2019-04-04 11:14:15,0.18750572344288258
2019-04-04 11:14:16,0.09375286172144129
2019-04-04 11:14:17,0.046876430860720644
2019-04-04 11:14:18,0.023438215430360322
2019-04-04 11:14:19,0.011719107715180161
2019-04-04 11:14:20,0.0058595538575900805
2019-04-04 11:14:21,0.0029297769287950403
2019-04-04 11:14:22,0.0014648884643975201
2019-04-04 11:14:23,0.0007324442321987601
2019-04-04 11:14:24,0.00036622211609938003
2019-04-04 11:14:25,0.00018311105804969002
2019-04-04 11:14:26,9.155552902484501e-05
2019-04-04 11:14:27,0.5000457777645124
2019-04-04 11:14:28,0.2500228888822562
2019-04-04 11:14:29,1.125011444441128
2019-04-04 11:14:30,0.562505722220564
2019-04-04 11:14:31,0.281252861110282
2019-04-04 11:14:32,0.140626430555141
2019-04-04 11:14:33,0.0703132152775705
2019-04-04 11:14:34,0.03515660763878525
2019-04-04 11:14:35,0.017578303819392627
2019-04-04 11:14:36,0.008789151909696313
2019-04-04 11:14:37,0.004394575954848157
2019-04-04 11:14:38,0.0021972879774240783
2019-04-04 11:14:39,0.0010986439887120392
2019-04-04 11:14:40,0.0005493219943560196
2019-04-04 11:14:41,0.0002746609971780098
2019-04-04 11:14:42,0.0001373304985890049
2019-04-04 11:14:43,6.866524929450245e-05
2019-04-04 11:14:44,3.4332624647251224e-05
2019-04-04 11:14:45,1.7166312323625612e-05
2019-04-04 11:14:46,8.583156161812806e-06
2019-04-04 11:14:47,4.291578080906403e-06
2019-04-04 11:14:48,2.1457890404532015e-06
2019-04-04 11:14:49,1.0728945202266007e-06
2019-04-04 11:14:50,5.364472601133004e-07
2019-04-04 11:14:51,2.682236300566502e-07
2019-04-04 11:14:52,1.341118150283251e-07
2019-04-04 11:14:53,6.705590751416255e-08
2019-04-04 11:14:54,4.000000033527954
2019-04-04 11:14:55,2.000000016763977
2019-04-04 11:14:56,1.0000000083819884
2019-04-04 11:14:57,1.5000000041909942
2019-04-04 11:14:58,0.7500000020954971
2019-04-04 11:14:59,0.37500000104774855
2019-04-04 11:15:00,0.6875000005238743
2019-04-04 11:15:01,0.34375000026193714
2019-04-04 11:15:02,0.17187500013096857
2019-04-04 11:15:03,2.0859375000654845
2019-04-04 11:15:04,4.542968750032742
2019-04-04 11:15:05,2.771484375016371
2019-04-04 11:15:06,1.3857421875081855
2019-04-04 11:15:07,0.6928710937540927
2019-04-04 11:15:08,0.34643554687704636
2019-04-04 11:15:09,0.17321777343852318
2019-04-04 11:15:10,0.08660888671926159
2019-04-04 11:15:11,0.043304443359630795
2019-04-04 11:15:12,0.021652221679815398
2019-04-04 11:15:13,0.010826110839907699
2019-04-04 11:15:14,0.005413055419953849
2019-04-04 11:15:15,0.0027065277099769247
2019-04-04 11:15:16,0.0013532638549884624
2019-04-04 11:15:17,0.0006766319274942312
2019-04-04 11:15:18,0.0003383159637471156
2019-04-04 11:15:19,0.0001691579818735578
2019-04-04 11:15:20,8.45789909367789e-05
2019-04-04 11:15:21,4.228949546838945e-05
2019-04-04 11:15:22,2.1144747734194724e-05
2019-04-04 11:15:23,1.0572373867097362e-05
2019-04-04 11:15:24,5.286186933548681e-06
2019-04-04 11:15:25,2.6430934667743405e-06
2019-04-04 11:15:26,1.3215467333871703e-06
2019-04-04 11:15:27,6.607733666935851e-07
2019-04-04 11:15:28,3.3038668334679257e-07
2019-04-04 11:15:29,1.6519334167339628e-07
2019-04-04 11:15:30,8.259667083669814e-08
2019-04-04 11:15:31,4.129833541834907e-08
2019-04-04 11:15:32,2.0649167709174535e-08
2019-04-04 11:15:33,1.0324583854587268e-08
2019-04-04 11:15:34,5.162291927293634e-09
2019-04-04 11:15:35,2.581145963646817e-09
2019-04-04 11:15:36,1.2905729818234085e-09
2019-04-04 11:15:37,6.452864909117042e-10
2019-04-04 11:15:38,3.226432454558521e-10
2019-04-04 11:15:39,1.6132162272792606e-10
2019-04-04 11:15:40,2.000000000080661
2019-04-04 11:15:41,1.0000000000403304
2019-04-04 11:15:42,0.5000000000201652
2019-04-04 11:15:43,0.2500000000100826
2019-04-04 11:15:44,0.1250000000050413
2019-04-04 11:15:45,0.5625000000025207
2019-04-04 11:15:46,0.2812500000012603
2019-04-04 11:15:47,0.14062500000063016
2019-04-04 11:15:48,0.07031250000031508
2019-04-04 11:15:49,0.03515625000015754
2019-04-04 11:15:50,0.01757812500007877
2019-04-04 11:15:51,0.008789062500039385
2019-04-04 11:15:52,0.004394531250019693
2019-04-04 11:15:53,0.0021972656250098463
2019-04-04 11:15:54,0.0010986328125049231
2019-04-04 11:15:55,0.0005493164062524616
2019-04-04 11:15:56,0.0002746582031262308
2019-04-04 11:15:57,0.0001373291015631154
2019-04-04 11:15:58,6.86645507815577e-05
2019-04-04 11:15:59,3.433227539077885e-05
2019-04-04 11:16:00,1.7166137695389424e-05
2019-04-04 11:16:01,1.5000085830688477
2019-04-04 11:16:02,0.7500042915344238
2019-04-04 11:16:03,0.3750021457672119
2019-04-04 11:16:04,0.18750107288360596
2019-04-04 11:16:05,1.593750536441803
2019-04-04 11:16:06,0.7968752682209015
2019-04-04 11:16:07,0.39843763411045074
2019-04-04 11:16:08,0.19921881705522537
2019-04-04 11:16:09,-0.4003905914723873
2019-04-04 11:16:10,-0.20019529573619366
2019-04-04 11:16:11,-0.10009764786809683
2019-04-04 11:16:12,-0.050048823934048414
2019-04-04 11:16:13,-0.025024411967024207
2019-04-04 11:16:14,-0.012512205983512104
2019-04-04 11:16:15,-0.006256102991756052
2019-04-04 11:16:16,-0.003128051495878026
2019-04-04 11:16:17,-0.001564025747939013
2019-04-04 11:16:18,-0.0007820128739695065
2019-04-04 11:16:19,0.49960899356301525
2019-04-04 11:16:20,0.24980449678150762
2019-04-04 11:16:21,0.12490224839075381
2019-04-04 11:16:22,0.062451124195376906
2019-04-04 11:16:23,0.031225562097688453
2019-04-04 11:16:24,0.015612781048844226
2019-04-04 11:16:25,0.007806390524422113
2019-04-04 11:16:26,0.0039031952622110566
2019-04-04 11:16:27,0.0019515976311055283
2019-04-04 11:16:28,0.0009757988155527642
2019-04-04 11:16:29,0.0004878994077763821
2019-04-04 11:16:30,0.00024394970388819104
2019-04-04 11:16:31,0.00012197485194409552
2019-04-04 11:16:32,6.098742597204776e-05
2019-04-04 11:16:33,3.049371298602388e-05
2019-04-04 11:16:34,1.524685649301194e-05
2019-04-04 11:16:35,7.62342824650597e-06
2019-04-04 11:16:36,3.811714123252985e-06
2019-04-04 11:16:37,1.9058570616264925e-06
2019-04-04 11:16:38,9.529285308132462e-07
2019-04-04 11:16:39,4.764642654066231e-07
2019-04-04 11:16:40,2.3823213270331156e-07
2019-04-04 11:16:41,1.1911606635165578e-07
2019-04-04 11:16:42,5.955803317582789e-08
2019-04-04 11:16:43,2.9779016587913945e-08
2019-04-04 11:16:44,1.4889508293956973e-08
2019-04-04 11:16:45,7.444754146978486e-09
2019-04-04 11:16:46,3.722377073489243e-09
2019-04-04 11:16:47,1.8611885367446216e-09
2019-04-04 11:16:48,9.305942683723108e-10
2019-04-04 11:16:49,4.652971341861554e-10
2019-04-04 11:16:50,2.326485670930777e-10
2019-04-04 11:16:51,1.1632428354653885e-10
2019-04-04 11:16:52,5.8162141773269424e-11
2019-04-04 11:16:53,2.9081070886634712e-11
2019-04-04 11:16:54,1.4540535443317356e-11
2019-04-04 11:16:55,7.270267721658678e-12
2019-04-04 11:16:56,3.635133860829339e-12
2019-04-04 11:16:57,1.8175669304146695e-12
2019-04-04 11:16:58,9.087834652073348e-13
2019-04-04 11:16:59,4.543917326036674e-13
2019-04-04 11:17:00,2.271958663018337e-13
2019-04-04 11:17:01,1.1359793315091684e-13
2019-04-04 11:17:02,5.679896657545842e-14
2019-04-04 11:17:03,2.839948328772921e-14
2019-04-04 11:17:04,1.4199741643864605e-14
2019-04-04 11:17:05,0.5000000000000071
2019-04-04 11:17:06,0.25000000000000355
2019-04-04 11:17:07,0.12500000000000178
2019-04-04 11:17:08,0.06250000000000089
2019-04-04 11:17:09,0.031250000000000444
2019-04-04 11:17:10,4.515625
2019-04-04 11:17:11,2.2578125
2019-04-04 11:17:12,3.12890625
2019-04-04 11:17:13,1.564453125
2019-04-04 11:17:14,0.7822265625
2019-04-04 11:17:15,0.39111328125
2019-04-04 11:17:16,0.195556640625
2019-04-04 11:17:17,0.5977783203125
2019-04-04 11:17:18,0.29888916015625
2019-04-04 11:17:19,0.149444580078125
2019-04-04 11:17:20,0.0747222900390625
2019-04-04 11:17:21,0.03736114501953125
2019-04-04 11:17:22,0.018680572509765625
2019-04-04 11:17:23,0.009340286254882812
2019-04-04 11:17:24,0.004670143127441406
2019-04-04 11:17:25,0.002335071563720703
2019-04-04 11:17:26,0.0011675357818603516
2019-04-04 11:17:27,0.0005837678909301758
2019-04-04 11:17:28,0.0002918839454650879
2019-04-04 11:17:29,0.00014594197273254395
2019-04-04 11:17:30,7.297098636627197e-05
2019-04-04 11:17:31,3.6485493183135986e-05
2019-04-04 11:17:32,1.8242746591567993e-05
2019-04-04 11:17:33,9.121373295783997e-06
2019-04-04 11:17:34,4.560686647891998e-06
2019-04-04 11:17:35,2.280343323945999e-06
2019-04-04 11:17:36,1.500001140171662
2019-04-04 11:17:37,0.750000570085831
2019-04-04 11:17:38,0.3750002850429155
2019-04-04 11:17:39,0.18750014252145775
2019-04-04 11:17:40,0.09375007126072887
2019-04-04 11:17:41,0.04687503563036444
2019-04-04 11:17:42,0.02343751781518222
2019-04-04 11:17:43,0.01171875890759111
2019-04-04 11:17:44,0.005859379453795555
2019-04-04 11:17:45,0.0029296897268977773
2019-04-04 11:17:46,0.0014648448634488886
2019-04-04 11:17:47,0.0007324224317244443
2019-04-04 11:17:48,0.00036621121586222216
2019-04-04 11:17:49,0.00018310560793111108
2019-04-04 11:17:50,9.155280396555554e-05
2019-04-04 11:17:51,4.577640198277777e-05
2019-04-04 11:17:52,2.2888200991388885e-05
2019-04-04 11:17:53,1.1444100495694443e-05
2019-04-04 11:17:54,5.722050247847221e-06
2019-04-04 11:17:55,2.8610251239236106e-06
2019-04-04 11:17:56,0.500001430512562
2019-04-04 11:17:57,0.250000715256281
2019-04-04 11:17:58,0.1250003576281405
2019-04-04 11:17:59,0.5625001788140702
2019-04-04 11:18:00,0.2812500894070351
2019-04-04 11:18:01,1.6406250447035176
2019-04-04 11:18:02,0.8203125223517588
2019-04-04 11:18:03,0.4101562611758794
2019-04-04 11:18:04,0.2050781305879397
2019-04-04 11:18:05,0.10253906529396985
2019-04-04 11:18:06,0.051269532646984924
2019-04-04 11:18:07,0.025634766323492462
2019-04-04 11:18:08,0.012817383161746231
2019-04-04 11:18:09,0.5064086915808731
2019-04-04 11:18:10,0.25320434579043655
2019-04-04 11:18:11,0.12660217289521827
2019-04-04 11:18:12,0.06330108644760914
2019-04-04 11:18:13,0.03165054322380457
2019-04-04 11:18:14,0.015825271611902284
2019-04-04 11:18:15,0.007912635805951142
2019-04-04 11:18:16,0.003956317902975571
2019-04-04 11:18:17,0.5019781589514878
2019-04-04 11:18:18,0.2509890794757439
2019-04-04 11:18:19,0.12549453973787195
2019-04-04 11:18:20,0.06274726986893597
2019-04-04 11:18:21,0.03137363493446799
2019-04-04 11:18:22,0.015686817467233993
2019-04-04 11:18:23,0.007843408733616997
2019-04-04 11:18:24,0.003921704366808498
2019-04-04 11:18:25,0.001960852183404249
2019-04-04 11:18:26,0.0009804260917021246
2019-04-04 11:18:27,0.5004902130458511
2019-04-04 11:18:28,0.25024510652292553
2019-04-04 11:18:29,0.12512255326146277
2019-04-04 11:18:30,0.06256127663073138
2019-04-04 11:18:31,-1.9687193616846344
2019-04-04 11:18:32,-0.9843596808423172
2019-04-04 11:18:33,-0.4921798404211586
2019-04-04 11:18:34,-0.2460899202105793
2019-04-04 11:18:35,-0.12304496010528965
2019-04-04 11:18:36,-0.06152248005264482
2019-04-04 11:18:37,-0.03076124002632241
2019-04-04 11:18:38,-5.015380620013161
2019-04-04 11:18:39,-2.5076903100065806
2019-04-04 11:18:40,-1.2538451550032903
2019-04-04 11:18:41,-0.6269225775016452
2019-04-04 11:18:42,-0.3134612887508226
2019-04-04 11:18:43,-0.1567306443754113
2019-04-04 11:18:44,-0.07836532218770564
2019-04-04 11:18:45,-0.03918266109385282
2019-04-04 11:18:46,-0.01959133054692641
2019-04-04 11:18:47,0.9902043347265368
2019-04-04 11:18:48,0.4951021673632684
2019-04-04 11:18:49,0.2475510836816342
2019-04-04 11:18:50,0.1237755418408171
2019-04-04 11:18:51,0.06188777092040855
2019-04-04 11:18:52,0.030943885460204275
2019-04-04 11:18:53,0.015471942730102137
2019-04-04 11:18:54,0.007735971365051069
2019-04-04 11:18:55,0.0038679856825255344
2019-04-04 11:18:56,0.0019339928412627672
2019-04-04 11:18:57,0.0009669964206313836
2019-04-04 11:18:58,0.5004834982103157
2019-04-04 11:18:59,0.25024174910515784
2019-04-04 11:19:00,0.12512087455257892
2019-04-04 11:19:01,0.06256043727628946
2019-04-04 11:19:02,0.03128021863814473
2019-04-04 11:19:03,-0.48435989068092766
2019-04-04 11:19:04,-0.24217994534046383
2019-04-04 11:19:05,-0.6210899726702319
2019-04-04 11:19:06,-0.31054498633511596
2019-04-04 11:19:07,-0.15527249316755798
2019-04-04 11:19:08,-0.07763624658377899
2019-04-04 11:19:09,-0.038818123291889495
2019-04-04 11:19:10,-0.019409061645944747
2019-04-04 11:19:11,-0.009704530822972374
2019-04-04 11:19:12,-0.004852265411486187
2019-04-04 11:19:13,-0.0024261327057430934
2019-04-04 11:19:14,-0.0012130663528715467
2019-04-04 11:19:15,-0.0006065331764357734
2019-04-04 11:19:16,-0.0003032665882178867
2019-04-04 11:19:17,-0.00015163329410894334
2019-04-04 11:19:18,-7.581664705447167e-05
2019-04-04 11:19:19,0.49996209167647276
2019-04-04 11:19:20,0.24998104583823638
2019-04-04 11:19:21,0.12499052291911819
2019-04-04 11:19:22,0.062495261459559096
2019-04-04 11:19:23,0.031247630729779548
2019-04-04 11:19:24,0.015623815364889774
2019-04-04 11:19:25,0.007811907682444887
2019-04-04 11:19:26,0.0039059538412224435
2019-04-04 11:19:27,0.0019529769206112217
2019-04-04 11:19:28,0.0009764884603056109
2019-04-04 11:19:29,0.00048824423015280543
2019-04-04 11:19:30,0.00024412211507640272
2019-04-04 11:19:31,0.00012206105753820136
2019-04-04 11:19:32,6.103052876910068e-05
2019-04-04 11:19:33,3.051526438455034e-05
2019-04-04 11:19:34,1.525763219227517e-05
2019-04-04 11:19:35,7.628816096137585e-06
2019-04-04 11:19:36,3.8144080480687925e-06
2019-04-04 11:19:37,1.9072040240343962e-06
2019-04-04 11:19:38,9.536020120171981e-07
2019-04-04 11:19:39,4.7680100600859906e-07
2019-04-04 11:19:40,2.3840050300429953e-07
2019-04-04 11:19:41,1.0000001192002514
2019-04-04 11:19:42,0.5000000596001257
2019-04-04 11:19:43,0.25000002980006286
2019-04-04 11:19:44,0.12500001490003143
2019-04-04 11:19:45,0.06250000745001572
2019-04-04 11:19:46,0.03125000372500786
2019-04-04 11:19:47,0.5156250018625039
2019-04-04 11:19:48,0.757812500931252
2019-04-04 11:19:49,0.378906250465626
2019-04-04 11:19:50,0.189453125232813
2019-04-04 11:19:51,0.0947265626164065
2019-04-04 11:19:52,0.04736328130820325
2019-04-04 11:19:53,0.023681640654101624
2019-04-04 11:19:54,0.011840820327050812
2019-04-04 11:19:55,0.005920410163525406
2019-04-04 11:19:56,0.002960205081762703
2019-04-04 11:19:57,0.0014801025408813515
2019-04-04 11:19:58,0.0007400512704406757
2019-04-04 11:19:59,0.0003700256352203379
2019-04-04 11:20:00,0.00018501281761016894
2019-04-04 11:20:01,9.250640880508447e-05
2019-04-04 11:20:02,4.6253204402542234e-05
2019-04-04 11:20:03,1.5000231266022013
2019-04-04 11:20:04,0.25001156330110064
2019-04-04 11:20:05,0.12500578165055032
2019-04-04 11:20:06,0.5625028908252752
2019-04-04 11:20:07,0.2812514454126376
2019-04-04 11:20:08,1.6406257227063188
2019-04-04 11:20:09,1.3203128613531594
2019-04-04 11:20:10,1.6601564306765797
2019-04-04 11:20:11,0.8300782153382898
2019-04-04 11:20:12,1.9150391076691449
2019-04-04 11:20:13,0.9575195538345724
2019-04-04 11:20:14,0.4787597769172862
2019-04-04 11:20:15,0.2393798884586431
2019-04-04 11:20:16,0.11968994422932155
2019-04-04 11:20:17,0.5598449721146608
2019-04-04 11:20:18,0.2799224860573304
2019-04-04 11:20:19,0.1399612430286652
2019-04-04 11:20:20,0.0699806215143326
2019-04-04 11:20:21,0.0349903107571663
2019-04-04 11:20:22,0.01749515537858315
2019-04-04 11:20:23,0.008747577689291575
2019-04-04 11:20:24,0.004373788844645787
2019-04-04 11:20:25,0.0021868944223228937
2019-04-04 11:20:26,0.0010934472111614468
2019-04-04 11:20:27,0.0005467236055807234
2019-04-04 11:20:28,0.0002733618027903617
2019-04-04 11:20:29,2.000136680901395
2019-04-04 11:20:30,1.0000683404506976
2019-04-04 11:20:31,0.5000341702253488
2019-04-04 11:20:32,0.2500170851126744
2019-04-04 11:20:33,1.1250085425563372
2019-04-04 11:20:34,0.5625042712781686
2019-04-04 11:20:35,0.2812521356390843
2019-04-04 11:20:36,0.14062606781954215
2019-04-04 11:20:37,0.07031303390977107
2019-04-04 11:20:38,0.03515651695488554
2019-04-04 11:20:39,0.01757825847744277
2019-04-04 11:20:40,0.008789129238721384
2019-04-04 11:20:41,0.004394564619360692
2019-04-04 11:20:42,-0.49780271769031964
2019-04-04 11:20:43,-0.24890135884515982
2019-04-04 11:20:44,-0.12445067942257991
2019-04-04 11:20:45,-0.062225339711289955
2019-04-04 11:20:46,-0.031112669855644978
2019-04-04 11:20:47,-0.015556334927822489
2019-04-04 11:20:48,-0.007778167463911244
2019-04-04 11:20:49,-0.003889083731955622
2019-04-04 11:20:50,-0.001944541865977811
2019-04-04 11:20:51,-0.0009722709329889055
2019-04-04 11:20:52,-0.0004861354664944528
2019-04-04 11:20:53,-0.0002430677332472264
2019-04-04 11:20:54,-0.0001215338666236132
2019-04-04 11:20:55,-6.07669333118066e-05
2019-04-04 11:20:56,-0.5000303834666558
2019-04-04 11:20:57,-0.750015191733328
2019-04-04 11:20:58,-0.375007595866664
2019-04-04 11:20:59,-0.187503797933332
2019-04-04 11:21:00,0.906248101033334
2019-04-04 11:21:01,0.453124050516667
2019-04-04 11:21:02,0.2265620252583335
2019-04-04 11:21:03,1.1132810126291668
2019-04-04 11:21:04,0.5566405063145834
2019-04-04 11:21:05,0.2783202531572917
2019-04-04 11:21:06,0.13916012657864585
2019-04-04 11:21:07,-0.9304199367106771
2019-04-04 11:21:08,1.0347900316446614
2019-04-04 11:21:09,0.5173950158223307
2019-04-04 11:21:10,0.25869750791116536
2019-04-04 11:21:11,0.12934875395558268
2019-04-04 11:21:12,0.06467437697779134
2019-04-04 11:21:13,0.03233718848889567
2019-04-04 11:21:14,0.016168594244447835
2019-04-04 11:21:15,0.008084297122223917
2019-04-04 11:21:16,-0.49595785143888804
2019-04-04 11:21:17,-0.24797892571944402
2019-04-04 11:21:18,-0.12398946285972201
2019-04-04 11:21:19,0.438005268570139
2019-04-04 11:21:20,0.2190026342850695
2019-04-04 11:21:21,0.10950131714253475
2019-04-04 11:21:22,0.054750658571267374
2019-04-04 11:21:23,0.5273753292856337
2019-04-04 11:21:24,0.26368766464281684
2019-04-04 11:21:25,0.6318438323214084
2019-04-04 11:21:26,0.3159219161607042
2019-04-04 11:21:27,0.1579609580803521
2019-04-04 11:21:28,0.07898047904017605
2019-04-04 11:21:29,0.039490239520088025
2019-04-04 11:21:30,0.019745119760044012
2019-04-04 11:21:31,0.009872559880022006
2019-04-04 11:21:32,0.004936279940011003
2019-04-04 11:21:33,0.0024681399700055015
2019-04-04 11:21:34,-0.9987659300149972
2019-04-04 11:21:35,0.0006170349925013752
2019-04-04 11:21:36,0.0003085174962506876
2019-04-04 11:21:37,0.0001542587481253438
2019-04-04 11:21:38,7.71293740626719e-05
2019-04-04 11:21:39,3.856468703133595e-05
2019-04-04 11:21:40,1.9282343515667974e-05
2019-04-04 11:21:41,9.641171757833987e-06
2019-04-04 11:21:42,4.8205858789169935e-06
2019-04-04 11:21:43,2.4102929394584967e-06
2019-04-04 11:21:44,1.2051464697292484e-06
2019-04-04 11:21:45,6.025732348646242e-07
2019-04-04 11:21:46,3.012866174323121e-07
2019-04-04 11:21:47,1.5064330871615605e-07
2019-04-04 11:21:48,7.532165435807802e-08
2019-04-04 11:21:49,3.766082717903901e-08
2019-04-04 11:21:50,1.8830413589519506e-08
2019-04-04 11:21:51,9.415206794759753e-09
2019-04-04 11:21:52,4.7076033973798765e-09
2019-04-04 11:21:53,2.3538016986899382e-09
2019-04-04 11:21:54,1.1769008493449691e-09
2019-04-04 11:21:55,5.884504246724846e-10
2019-04-04 11:21:56,2.942252123362423e-10
2019-04-04 11:21:57,1.0000000001471125
2019-04-04 11:21:58,0.5000000000735563
2019-04-04 11:21:59,0.25000000003677814
2019-04-04 11:22:00,0.12500000001838907
2019-04-04 11:22:01,0.06250000000919453
2019-04-04 11:22:02,0.03125000000459727
2019-04-04 11:22:03,0.015625000002298634
2019-04-04 11:22:04,0.007812500001149317
2019-04-04 11:22:05,0.003906250000574658
2019-04-04 11:22:06,0.001953125000287329
2019-04-04 11:22:07,0.0009765625001436646
2019-04-04 11:22:08,0.0004882812500718323
2019-04-04 11:22:09,0.00024414062503591615
2019-04-04 11:22:10,0.500122070312518
2019-04-04 11:22:11,0.250061035156259
2019-04-04 11:22:12,0.1250305175781295
2019-04-04 11:22:13,0.06251525878906475
2019-04-04 11:22:14,0.031257629394532374
2019-04-04 11:22:15,-4.4843711853027335
2019-04-04 11:22:16,-2.2421855926513667
2019-04-04 11:22:17,-1.1210927963256834
2019-04-04 11:22:18,-0.5605463981628417
2019-04-04 11:22:19,-0.28027319908142084
2019-04-04 11:22:20,-0.14013659954071042
2019-04-04 11:22:21,-0.07006829977035521
2019-04-04 11:22:22,-0.035034149885177605
2019-04-04 11:22:23,-0.017517074942588803
2019-04-04 11:22:24,-0.008758537471294401
2019-04-04 11:22:25,-0.004379268735647201
2019-04-04 11:22:26,-0.0021896343678236003
2019-04-04 11:22:27,-0.0010948171839118002
2019-04-04 11:22:28,-0.0005474085919559001
2019-04-04 11:22:29,-0.00027370429597795004
2019-04-04 11:22:30,-0.00013685214798897502
2019-04-04 11:22:31,-6.842607399448751e-05
2019-04-04 11:22:32,-3.4213036997243755e-05
2019-04-04 11:22:33,-1.7106518498621878e-05
2019-04-04 11:22:34,-8.553259249310939e-06
2019-04-04 11:22:35,-4.276629624655469e-06
2019-04-04 11:22:36,0.4999978616851877
2019-04-04 11:22:37,0.24999893084259384
2019-04-04 11:22:38,0.12499946542129692
2019-04-04 11:22:39,0.06249973271064846
2019-04-04 11:22:40,0.03124986635532423
2019-04-04 11:22:41,0.015624933177662115
2019-04-04 11:22:42,0.007812466588831057
2019-04-04 11:22:43,0.0039062332944155287
2019-04-04 11:22:44,0.0019531166472077643
2019-04-04 11:22:45,0.0009765583236038822
2019-04-04 11:22:46,0.0004882791618019411
2019-04-04 11:22:47,0.00024413958090097054
2019-04-04 11:22:48,0.00012206979045048527
2019-04-04 11:22:49,6.1034895225242636e-05
2019-04-04 11:22:50,3.0517447612621318e-05
2019-04-04 11:22:51,-0.4999847412761937
2019-04-04 11:22:52,-0.24999237063809684
2019-04-04 11:22:53,-0.12499618531904842
2019-04-04 11:22:54,-0.06249809265952421
2019-04-04 11:22:55,-0.031249046329762106
2019-04-04 11:22:56,-0.015624523164881053
2019-04-04 11:22:57,-0.007812261582440526
2019-04-04 11:22:58,-0.003906130791220263
2019-04-04 11:22:59,-0.0019530653956101316
2019-04-04 11:23:00,-0.0009765326978050658
2019-04-04 11:23:01,-0.0004882663489025329
2019-04-04 11:23:02,-0.00024413317445126645
2019-04-04 11:23:03,-0.00012206658722563322
2019-04-04 11:23:04,-6.103329361281661e-05
2019-04-04 11:23:05,-3.0516646806408306e-05
2019-04-04 11:23:06,-1.5258323403204153e-05
2019-04-04 11:23:07,-7.6291617016020766e-06
2019-04-04 11:23:08,-3.8145808508010383e-06
2019-04-04 11:23:09,-1.9072904254005191e-06
2019-04-04 11:23:10,-9.536452127002596e-07
2019-04-04 11:23:11,0.49999952317739366
2019-04-04 11:23:12,0.24999976158869683
2019-04-04 11:23:13,0.12499988079434841
2019-04-04 11:23:14,0.06249994039717421
2019-04-04 11:23:15,0.031249970198587104
2019-04-04 11:23:16,-0.48437501490070645
2019-04-04 11:23:17,-0.24218750745035322
2019-04-04 11:23:18,-0.12109375372517661
2019-04-04 11:23:19,-0.060546876862588306
2019-04-04 11:23:20,-0.030273438431294153
2019-04-04 11:23:21,-0.015136719215647076
2019-04-04 11:23:22,-0.007568359607823538
2019-04-04 11:23:23,-0.003784179803911769
2019-04-04 11:23:24,-0.0018920899019558846
2019-04-04 11:23:25,-0.0009460449509779423
2019-04-04 11:23:26,-0.00047302247548897114
2019-04-04 11:23:27,-0.00023651123774448557
2019-04-04 11:23:28,-0.00011825561887224278
2019-04-04 11:23:29,-5.912780943612139e-05
2019-04-04 11:23:30,-2.9563904718060696e-05
2019-04-04 11:23:31,-1.4781952359030348e-05
2019-04-04 11:23:32,-7.390976179515174e-06
2019-04-04 11:23:33,-3.0000036954880898
2019-04-04 11:23:34,-1.5000018477440449
2019-04-04 11:23:35,-0.7500009238720224
2019-04-04 11:23:36,-0.3750004619360112
2019-04-04 11:23:37,-0.1875002309680056
2019-04-04 11:23:38,-0.0937501154840028
2019-04-04 11:23:39,-0.0468750577420014
2019-04-04 11:23:40,-0.0234375288710007
2019-04-04 11:23:41,-0.01171876443550035
2019-04-04 11:23:42,-0.005859382217750175
2019-04-04 11:23:43,-0.0029296911088750877
2019-04-04 11:23:44,-0.0014648455544375438
2019-04-04 11:23:45,-0.0007324227772187719
2019-04-04 11:23:46,-0.00036621138860938596
2019-04-04 11:23:47,-0.00018310569430469298
2019-04-04 11:23:48,-9.155284715234649e-05
2019-04-04 11:23:49,-4.5776423576173245e-05
2019-04-04 11:23:50,-2.2888211788086622e-05
2019-04-04 11:23:51,-1.1444105894043311e-05
2019-04-04 11:23:52,-5.722052947021656e-06
2019-04-04 11:23:53,-2.861026473510828e-06
2019-04-04 11:23:54,-1.430513236755414e-06
2019-04-04 11:23:55,-7.15256618377707e-07
2019-04-04 11:23:56,-3.576283091888535e-07
2019-04-04 11:23:57,-1.7881415459442674e-07
2019-04-04 11:23:58,-8.940707729721337e-08
2019-04-04 11:23:59,-4.4703538648606684e-08
2019-04-04 11:24:00,-2.2351769324303342e-08
2019-04-04 11:24:01,-1.1175884662151671e-08
2019-04-04 11:24:02,-5.5879423310758355e-09
2019-04-04 11:24:03,-2.7939711655379178e-09
2019-04-04 11:24:04,-1.3969855827689589e-09
2019-04-04 11:24:05,-6.984927913844794e-10
2019-04-04 11:24:06,-3.492463956922397e-10
2019-04-04 11:24:07,-1.7462319784611986e-10
2019-04-04 11:24:08,-8.731159892305993e-11
2019-04-04 11:24:09,-4.3655799461529965e-11
2019-04-04 11:24:10,-2.1827899730764983e-11
2019-04-04 11:24:11,-1.0913949865382491e-11
2019-04-04 11:24:12,-5.456974932691246e-12
2019-04-04 11:24:13,-2.728487466345623e-12
2019-04-04 11:24:14,-1.3642437331728114e-12
2019-04-04 11:24:15,-6.821218665864057e-13
2019-04-04 11:24:16,-3.4106093329320285e-13
2019-04-04 11:24:17,-1.7053046664660143e-13
2019-04-04 11:24:18,-8.526523332330071e-14
2019-04-04 11:24:19,-4.2632616661650357e-14
2019-04-04 11:24:20,-2.1316308330825178e-14
2019-04-04 11:24:21,-1.0658154165412589e-14
2019-04-04 11:24:22,-5.3290770827062946e-15
2019-04-04 11:24:23,-2.6645385413531473e-15
2019-04-04 11:24:24,-1.3322692706765736e-15
2019-04-04 11:24:25,-6.661346353382868e-16
2019-04-04 11:24:26,-3.330673176691434e-16
2019-04-04 11:24:27,-1.665336588345717e-16
2019-04-04 11:24:28,-8.326682941728585e-17
2019-04-04 11:24:29,-4.1633414708642926e-17
2019-04-04 11:24:30,-2.0816707354321463e-17
2019-04-04 11:24:31,-1.0408353677160732e-17
2019-04-04 11:24:32,-5.204176838580366e-18
2019-04-04 11:24:33,-2.602088419290183e-18
2019-04-04 11:24:34,-1.3010442096450914e-18
2019-04-04 11:24:35,-6.505221048225457e-19
2019-04-04 11:24:36,-3.2526105241127286e-19
2019-04-04 11:24:37,-1.6263052620563643e-19
2019-04-04 11:24:38,-8.131526310281822e-20
2019-04-04 11:24:39,-4.065763155140911e-20
2019-04-04 11:24:40,-2.0328815775704554e-20
2019-04-04 11:24:41,-1.0164407887852277e-20
2019-04-04 11:24:42,-5.0822039439261385e-21
2019-04-04 11:24:43,-2.5411019719630692e-21
2019-04-04 11:24:44,-1.2705509859815346e-21
2019-04-04 11:24:45,0.5
2019-04-04 11:24:46,0.25
2019-04-04 11:24:47,0.125
2019-04-04 11:24:48,0.0625
2019-04-04 11:24:49,0.03125
2019-04-04 11:24:50,0.015625
2019-04-04 11:24:51,0.0078125
2019-04-04 11:24:52,0.00390625
2019-04-04 11:24:53,0.001953125
2019-04-04 11:24:54,0.0009765625
2019-04-04 11:24:55,-2.99951171875
2019-04-04 11:24:56,-1.499755859375
2019-04-04 11:24:57,-0.7498779296875
2019-04-04 11:24:58,-0.37493896484375
2019-04-04 11:24:59,-0.187469482421875
2019-04-04 11:25:00,-0.0937347412109375
2019-04-04 11:25:01,-0.04686737060546875
2019-04-04 11:25:02,-0.023433685302734375
2019-04-04 11:25:03,-6.011716842651367
2019-04-04 11:25:04,-2.0058584213256836
2019-04-04 11:25:05,-1.0029292106628418
2019-04-04 11:25:06,-0.5014646053314209
2019-04-04 11:25:07,0.7492676973342896
2019-04-04 11:25:08,0.8746338486671448
2019-04-04 11:25:09,0.4373169243335724
2019-04-04 11:25:10,0.2186584621667862
2019-04-04 11:25:11,0.1093292310833931
2019-04-04 11:25:12,0.05466461554169655
2019-04-04 11:25:13,0.027332307770848274
2019-04-04 11:25:14,0.013666153885424137
2019-04-04 11:25:15,0.0068330769427120686
2019-04-04 11:25:16,0.0034165384713560343
2019-04-04 11:25:17,1.001708269235678
2019-04-04 11:25:18,0.500854134617839
2019-04-04 11:25:19,0.2504270673089195
2019-04-04 11:25:20,0.12521353365445975
2019-04-04 11:25:21,-0.4373932331727701
2019-04-04 11:25:22,-0.21869661658638506
2019-04-04 11:25:23,-0.10934830829319253
2019-04-04 11:25:24,-0.054674154146596265
2019-04-04 11:25:25,-0.027337077073298133
2019-04-04 11:25:26,-0.013668538536649066
2019-04-04 11:25:27,-0.006834269268324533
2019-04-04 11:25:28,-0.0034171346341622666
2019-04-04 11:25:29,-0.0017085673170811333
2019-04-04 11:25:30,-0.0008542836585405666
2019-04-04 11:25:31,-0.0004271418292702833
2019-04-04 11:25:32,-0.00021357091463514166
2019-04-04 11:25:33,-0.00010678545731757083
2019-04-04 11:25:34,-5.3392728658785416e-05
2019-04-04 11:25:35,-2.6696364329392708e-05
2019-04-04 11:25:36,-1.3348182164696354e-05
2019-04-04 11:25:37,-6.674091082348177e-06
2019-04-04 11:25:38,-3.3370455411740885e-06
2019-04-04 11:25:39,-1.6685227705870442e-06
2019-04-04 11:25:40,-8.342613852935221e-07
2019-04-04 11:25:41,-4.1713069264676106e-07
2019-04-04 11:25:42,-2.0856534632338053e-07
2019-04-04 11:25:43,-1.0428267316169026e-07
2019-04-04 11:25:44,-5.214133658084513e-08
2019-04-04 11:25:45,-2.6070668290422566e-08
2019-04-04 11:25:46,-1.3035334145211283e-08
2019-04-04 11:25:47,-6.5176670726056415e-09
2019-04-04 11:25:48,-3.2588335363028208e-09
2019-04-04 11:25:49,-1.6294167681514104e-09
2019-04-04 11:25:50,-8.147083840757052e-10
2019-04-04 11:25:51,-3.500000000407354
2019-04-04 11:25:52,-1.750000000203677
2019-04-04 11:25:53,-0.8750000001018385
2019-04-04 11:25:54,-0.43750000005091927
2019-04-04 11:25:55,-0.21875000002545963
2019-04-04 11:25:56,-0.10937500001272982
2019-04-04 11:25:57,-0.05468750000636491
2019-04-04 11:25:58,-0.027343750003182454
2019-04-04 11:25:59,-0.013671875001591227
2019-04-04 11:26:00,-0.006835937500795614
2019-04-04 11:26:01,-0.003417968750397807
2019-04-04 11:26:02,-0.0017089843751989034
2019-04-04 11:26:03,-0.0008544921875994517
2019-04-04 11:26:04,-0.00042724609379972585
2019-04-04 11:26:05,-0.00021362304689986292
2019-04-04 11:26:06,0.49989318847655007
2019-04-04 11:26:07,0.24994659423827503
2019-04-04 11:26:08,0.12497329711913752
2019-04-04 11:26:09,0.5624866485595688
2019-04-04 11:26:10,0.2812433242797844
2019-04-04 11:26:11,0.1406216621398922
2019-04-04 11:26:12,0.0703108310699461
2019-04-04 11:26:13,0.03515541553497305
2019-04-04 11:26:14,0.017577707767486524
2019-04-04 11:26:15,0.008788853883743262
2019-04-04 11:26:16,0.004394426941871631
2019-04-04 11:26:17,0.0021972134709358155
2019-04-04 11:26:18,0.0010986067354679077
2019-04-04 11:26:19,0.0005493033677339539
2019-04-04 11:26:20,0.00027465168386697693
2019-04-04 11:26:21,0.00013732584193348847
2019-04-04 11:26:22,6.866292096674423e-05
2019-04-04 11:26:23,3.4331460483372117e-05
2019-04-04 11:26:24,1.7165730241686058e-05
2019-04-04 11:26:25,8.582865120843029e-06
2019-04-04 11:26:26,-0.4999957085674396
2019-04-04 11:26:27,0.2500021457162802
2019-04-04 11:26:28,0.1250010728581401
2019-04-04 11:26:29,0.06250053642907005
2019-04-04 11:26:30,0.031250268214535026
2019-04-04 11:26:31,0.015625134107267513
2019-04-04 11:26:32,0.007812567053633757
2019-04-04 11:26:33,0.003906283526816878
2019-04-04 11:26:34,0.001953141763408439
2019-04-04 11:26:35,0.0009765708817042196
2019-04-04 11:26:36,0.0004882854408521098
2019-04-04 11:26:37,0.0002441427204260549
2019-04-04 11:26:38,0.00012207136021302745
2019-04-04 11:26:39,6.103568010651372e-05
2019-04-04 11:26:40,3.051784005325686e-05
2019-04-04 11:26:41,1.525892002662843e-05
2019-04-04 11:26:42,7.629460013314215e-06
2019-04-04 11:26:43,3.814730006657108e-06
2019-04-04 11:26:44,-0.9999980926349967
2019-04-04 11:26:45,-0.49999904631749836
2019-04-04 11:26:46,-0.24999952315874918
2019-04-04 11:26:47,-0.12499976157937459
2019-04-04 11:26:48,-0.062499880789687295
2019-04-04 11:26:49,-0.031249940394843648
2019-04-04 11:26:50,0.4843750298025782
2019-04-04 11:26:51,0.2421875149012891
2019-04-04 11:26:52,0.12109375745064455
2019-04-04 11:26:53,0.5605468787253223
2019-04-04 11:26:54,-2.719726560637339
2019-04-04 11:26:55,-1.3598632803186694
2019-04-04 11:26:56,-0.6799316401593347
2019-04-04 11:26:57,0.16003417992033264
2019-04-04 11:26:58,0.08001708996016632
2019-04-04 11:26:59,0.04000854498008316
2019-04-04 11:27:00,0.02000427249004158
2019-04-04 11:27:01,0.5100021362450208
2019-04-04 11:27:02,0.2550010681225104
2019-04-04 11:27:03,0.1275005340612552
2019-04-04 11:27:04,0.0637502670306276
2019-04-04 11:27:05,0.0318751335153138
2019-04-04 11:27:06,0.0159375667576569
2019-04-04 11:27:07,0.00796878337882845
2019-04-04 11:27:08,0.003984391689414225
2019-04-04 11:27:09,0.0019921958447071124
2019-04-04 11:27:10,0.0009960979223535562
2019-04-04 11:27:11,0.0004980489611767781
2019-04-04 11:27:12,0.00024902448058838905
2019-04-04 11:27:13,0.00012451224029419453
2019-04-04 11:27:14,6.225612014709726e-05
2019-04-04 11:27:15,3.112806007354863e-05
2019-04-04 11:27:16,1.5564030036774316e-05
2019-04-04 11:27:17,0.5000077820150184
2019-04-04 11:27:18,0.2500038910075092
2019-04-04 11:27:19,0.1250019455037546
2019-04-04 11:27:20,0.0625009727518773
2019-04-04 11:27:21,0.03125048637593865
2019-04-04 11:27:22,0.015625243187969325
2019-04-04 11:27:23,0.007812621593984662
2019-04-04 11:27:24,0.003906310796992331
2019-04-04 11:27:25,0.0019531553984961656
2019-04-04 11:27:26,0.0009765776992480828
2019-04-04 11:27:27,0.0004882888496240414
2019-04-04 11:27:28,0.0002441444248120207
2019-04-04 11:27:29,0.00012207221240601035
2019-04-04 11:27:30,6.103610620300517e-05
2019-04-04 11:27:31,-0.4999694819468985
2019-04-04 11:27:32,-0.24998474097344925
2019-04-04 11:27:33,-0.12499237048672462
2019-04-04 11:27:34,-0.06249618524336231
2019-04-04 11:27:35,-0.031248092621681156
2019-04-04 11:27:36,-0.5156240463108406
2019-04-04 11:27:37,-0.2578120231554203
2019-04-04 11:27:38,0.37109398842228986
2019-04-04 11:27:39,0.18554699421114493
2019-04-04 11:27:40,0.09277349710557246
2019-04-04 11:27:41,0.04638674855278623
2019-04-04 11:27:42,0.023193374276393116
2019-04-04 11:27:43,0.011596687138196558
2019-04-04 11:27:44,0.005798343569098279
2019-04-04 11:27:45,0.0028991717845491395
2019-04-04 11:27:46,0.5014495858922746
2019-04-04 11:27:47,0.7507247929461374
2019-04-04 11:27:48,0.3753623964730687
2019-04-04 11:27:49,0.18768119823653434
2019-04-04 11:27:50,0.09384059911826717
2019-04-04 11:27:51,0.5469202995591336
2019-04-04 11:27:52,0.2734601497795668
2019-04-04 11:27:53,0.1367300748897834
2019-04-04 11:27:54,0.0683650374448917
2019-04-04 11:27:55,0.03418251872244585
2019-04-04 11:27:56,0.017091259361222924
2019-04-04 11:27:57,0.008545629680611462
2019-04-04 11:27:58,0.004272814840305731
2019-04-04 11:27:59,0.0021364074201528655
2019-04-04 11:28:00,0.0010682037100764328
2019-04-04 11:28:01,0.0005341018550382164
2019-04-04 11:28:02,0.0002670509275191082
2019-04-04 11:28:03,-0.9998664745362404
2019-04-04 11:28:04,-0.4999332372681202
2019-04-04 11:28:05,-0.2499666186340601
2019-04-04 11:28:06,-0.12498330931703006
2019-04-04 11:28:07,-0.06249165465851503
2019-04-04 11:28:08,-1.0312458273292575
2019-04-04 11:28:09,-1.0156229136646289
2019-04-04 11:28:10,-0.5078114568323144
2019-04-04 11:28:11,-0.2539057284161572
2019-04-04 11:28:12,-0.1269528642080786
2019-04-04 11:28:13,-0.0634764321040393
2019-04-04 11:28:14,-0.03173821605201965
2019-04-04 11:28:15,-0.015869108026009826
2019-04-04 11:28:16,-0.007934554013004913
2019-04-04 11:28:17,-0.0039672770065024565
2019-04-04 11:28:18,-0.0019836385032512283
2019-04-04 11:28:19,0.4990081807483744
2019-04-04 11:28:20,0.2495040903741872
2019-04-04 11:28:21,0.1247520451870936
2019-04-04 11:28:22,0.0623760225935468
2019-04-04 11:28:23,0.0311880112967734
2019-04-04 11:28:24,0.0155940056483867
2019-04-04 11:28:25,0.00779700282419335
2019-04-04 11:28:26,0.003898501412096675
2019-04-04 11:28:27,0.0019492507060483374
2019-04-04 11:28:28,0.0009746253530241687
2019-04-04 11:28:29,0.00048731267651208436
2019-04-04 11:28:30,-0.499756343661744
2019-04-04 11:28:31,-0.249878171830872
2019-04-04 11:28:32,-0.124939085915436
2019-04-04 11:28:33,-0.062469542957718
2019-04-04 11:28:34,-0.031234771478859
2019-04-04 11:28:35,-0.0156173857394295
2019-04-04 11:28:36,-0.00780869286971475
2019-04-04 11:28:37,-0.003904346434857375
2019-04-04 11:28:38,-0.0019521732174286874
2019-04-04 11:28:39,-0.0009760866087143437
2019-04-04 11:28:40,-0.00048804330435717186
2019-04-04 11:28:41,-0.00024402165217858593
2019-04-04 11:28:42,-0.00012201082608929297
2019-04-04 11:28:43,-6.100541304464648e-05
2019-04-04 11:28:44,-3.050270652232324e-05
2019-04-04 11:28:45,-1.525135326116162e-05
2019-04-04 11:28:46,-7.62567663058081e-06
2019-04-04 11:28:47,-3.812838315290405e-06
2019-04-04 11:28:48,-1.9064191576452026e-06
2019-04-04 11:28:49,-9.532095788226013e-07
2019-04-04 11:28:50,-4.7660478941130064e-07
2019-04-04 11:28:51,-2.3830239470565032e-07
2019-04-04 11:28:52,-1.1915119735282516e-07
2019-04-04 11:28:53,-5.957559867641258e-08
2019-04-04 11:28:54,-2.978779933820629e-08
2019-04-04 11:28:55,-1.4893899669103145e-08
2019-04-04 11:28:56,-7.4469498345515726e-09
2019-04-04 11:28:57,-3.7234749172757863e-09
2019-04-04 11:28:58,-1.8617374586378931e-09
2019-04-04 11:28:59,-9.308687293189466e-10
2019-04-04 11:29:00,-11.500000000465434
2019-04-04 11:29:01,-5.750000000232717
2019-04-04 11:29:02,-2.8750000001163585
2019-04-04 11:29:03,-1.4375000000581792
2019-04-04 11:29:04,-0.7187500000290896
2019-04-04 11:29:05,0.1406249999854552
2019-04-04 11:29:06,0.0703124999927276
2019-04-04 11:29:07,0.5351562499963638
2019-04-04 11:29:08,0.2675781249981819
2019-04-04 11:29:09,-1.366210937500909
2019-04-04 11:29:10,-0.6831054687504545
2019-04-04 11:29:11,-0.34155273437522726
2019-04-04 11:29:12,-0.17077636718761363
2019-04-04 11:29:13,-0.08538818359380682
2019-04-04 11:29:14,-0.04269409179690341
2019-04-04 11:29:15,-0.021347045898451704
2019-04-04 11:29:16,-0.010673522949225852
2019-04-04 11:29:17,-0.005336761474612926
2019-04-04 11:29:18,-0.002668380737306463
2019-04-04 11:29:19,-0.0013341903686532315
2019-04-04 11:29:20,-0.0006670951843266157
2019-04-04 11:29:21,-0.0003335475921633079
2019-04-04 11:29:22,-0.00016677379608165394
2019-04-04 11:29:23,-8.338689804082697e-05
2019-04-04 11:29:24,-4.1693449020413484e-05
2019-04-04 11:29:25,-2.0846724510206742e-05
2019-04-04 11:29:26,-1.0423362255103371e-05
2019-04-04 11:29:27,-5.2116811275516855e-06
2019-04-04 11:29:28,-2.6058405637758428e-06
2019-04-04 11:29:29,-1.3029202818879214e-06
2019-04-04 11:29:30,-6.514601409439607e-07
2019-04-04 11:29:31,-3.2573007047198035e-07
2019-04-04 11:29:32,-1.6286503523599017e-07
2019-04-04 11:29:33,-1.0000000814325176
2019-04-04 11:29:34,-3.000000040716259
2019-04-04 11:29:35,-1.5000000203581294
2019-04-04 11:29:36,0.2499999898209353
2019-04-04 11:29:37,0.12499999491046765
2019-04-04 11:29:38,0.062499997455233824
2019-04-04 11:29:39,0.031249998727616912
2019-04-04 11:29:40,0.015624999363808456
2019-04-04 11:29:41,1.0078124996819042
2019-04-04 11:29:42,0.5039062498409521
2019-04-04 11:29:43,0.25195312492047606
2019-04-04 11:29:44,0.12597656246023803
2019-04-04 11:29:45,0.06298828123011901
2019-04-04 11:29:46,0.5314941406150595
2019-04-04 11:29:47,0.26574707030752975
2019-04-04 11:29:48,0.13287353515376488
2019-04-04 11:29:49,0.06643676757688244
2019-04-04 11:29:50,0.03321838378844122
2019-04-04 11:29:51,0.01660919189422061
2019-04-04 11:29:52,0.008304595947110305
2019-04-04 11:29:53,1.004152297973555
2019-04-04 11:29:54,0.5020761489867775
2019-04-04 11:29:55,1.2510380744933887
2019-04-04 11:29:56,0.6255190372466943
2019-04-04 11:29:57,0.31275951862334717
2019-04-04 11:29:58,0.15637975931167358
2019-04-04 11:29:59,0.07818987965583679
2019-04-04 11:30:00,1.0390949398279183
2019-04-04 11:30:01,0.5195474699139592
2019-04-04 11:30:02,1.7597737349569795
2019-04-04 11:30:03,0.37988686747848976
2019-04-04 11:30:04,0.18994343373924488
2019-04-04 11:30:05,0.09497171686962244
2019-04-04 11:30:06,0.04748585843481122
2019-04-04 11:30:07,2.0237429292174056
2019-04-04 11:30:08,-2.488128535391297
2019-04-04 11:30:09,-1.7440642676956486
2019-04-04 11:30:10,-0.8720321338478243
2019-04-04 11:30:11,-0.43601606692391215
2019-04-04 11:30:12,-0.7180080334619561
2019-04-04 11:30:13,-0.35900401673097804
2019-04-04 11:30:14,-0.17950200836548902
2019-04-04 11:30:15,-1.0897510041827445
2019-04-04 11:30:16,-0.5448755020913723
2019-04-04 11:30:17,0.22756224895431387
2019-04-04 11:30:18,0.11378112447715694
2019-04-04 11:30:19,0.05689056223857847
2019-04-04 11:30:20,0.028445281119289234
2019-04-04 11:30:21,0.014222640559644617
2019-04-04 11:30:22,-0.9928886797201777
2019-04-04 11:30:23,-0.49644433986008885
2019-04-04 11:30:24,-0.24822216993004442
2019-04-04 11:30:25,-0.12411108496502221
2019-04-04 11:30:26,-0.062055542482511106
2019-04-04 11:30:27,-0.031027771241255553
2019-04-04 11:30:28,-0.015513885620627776
2019-04-04 11:30:29,-0.007756942810313888
2019-04-04 11:30:30,0.49612152859484304
2019-04-04 11:30:31,0.24806076429742152
2019-04-04 11:30:32,0.12403038214871076
2019-04-04 11:30:33,0.06201519107435538
2019-04-04 11:30:34,0.03100759553717769
2019-04-04 11:30:35,0.015503797768588845
2019-04-04 11:30:36,0.0077518988842944225
2019-04-04 11:30:37,0.0038759494421472113
2019-04-04 11:30:38,0.0019379747210736056
2019-04-04 11:30:39,0.0009689873605368028
2019-04-04 11:30:40,0.0004844936802684014
2019-04-04 11:30:41,0.0002422468401342007
2019-04-04 11:30:42,0.00012112342006710035
2019-04-04 11:30:43,6.0561710033550176e-05
2019-04-04 11:30:44,3.0280855016775088e-05
2019-04-04 11:30:45,2.0000151404275086
2019-04-04 11:30:46,2.0000075702137545
2019-04-04 11:30:47,1.0000037851068773
2019-04-04 11:30:48,0.5000018925534386
2019-04-04 11:30:49,0.2500009462767193
2019-04-04 11:30:50,0.12500047313835966
2019-04-04 11:30:51,0.06250023656917983
2019-04-04 11:30:52,0.031250118284589914
2019-04-04 11:30:53,0.015625059142294957
2019-04-04 11:30:54,0.007812529571147479
2019-04-04 11:30:55,0.003906264785573739
2019-04-04 11:30:56,0.0019531323927868697
2019-04-04 11:30:57,0.0009765661963934348
2019-04-04 11:30:58,0.0004882830981967174
2019-04-04 11:30:59,0.0002441415490983587
2019-04-04 11:31:00,0.00012207077454917935
2019-04-04 11:31:01,6.103538727458968e-05
2019-04-04 11:31:02,3.051769363729484e-05
2019-04-04 11:31:03,1.525884681864742e-05
2019-04-04 11:31:04,7.62942340932371e-06
2019-04-04 11:31:05,3.814711704661855e-06
2019-04-04 11:31:06,1.9073558523309274e-06
2019-04-04 11:31:07,9.536779261654637e-07
2019-04-04 11:31:08,4.768389630827318e-07
2019-04-04 11:31:09,2.384194815413659e-07
2019-04-04 11:31:10,1.1920974077068296e-07
2019-04-04 11:31:11,5.960487038534148e-08
2019-04-04 11:31:12,2.980243519267074e-08
2019-04-04 11:31:13,1.490121759633537e-08
2019-04-04 11:31:14,7.450608798167685e-09
2019-04-04 11:31:15,3.7253043990838426e-09
2019-04-04 11:31:16,1.8626521995419213e-09
2019-04-04 11:31:17,9.313260997709606e-10
2019-04-04 11:31:18,4.656630498854803e-10
2019-04-04 11:31:19,2.3283152494274016e-10
2019-04-04 11:31:20,1.1641576247137008e-10
2019-04-04 11:31:21,5.820788123568504e-11
2019-04-04 11:31:22,2.910394061784252e-11
2019-04-04 11:31:23,1.455197030892126e-11
2019-04-04 11:31:24,7.27598515446063e-12
2019-04-04 11:31:25,3.637992577230315e-12
2019-04-04 11:31:26,1.8189962886151575e-12
2019-04-04 11:31:27,9.094981443075788e-13
2019-04-04 11:31:28,4.547490721537894e-13
2019-04-04 11:31:29,2.273745360768947e-13
2019-04-04 11:31:30,1.1368726803844734e-13
2019-04-04 11:31:31,5.684363401922367e-14
2019-04-04 11:31:32,2.8421817009611836e-14
2019-04-04 11:31:33,-1.4999999999999858
2019-04-04 11:31:34,-0.7499999999999929
2019-04-04 11:31:35,-0.37499999999999645
2019-04-04 11:31:36,-0.18749999999999822
2019-04-04 11:31:37,-1.5937499999999991
2019-04-04 11:31:38,-0.7968749999999996
2019-04-04 11:31:39,-0.3984374999999998
2019-04-04 11:31:40,-0.1992187499999999
2019-04-04 11:31:41,1.400390625
2019-04-04 11:31:42,0.7001953125
2019-04-04 11:31:43,0.35009765625
2019-04-04 11:31:44,0.175048828125
2019-04-04 11:31:45,0.0875244140625
2019-04-04 11:31:46,0.04376220703125
2019-04-04 11:31:47,0.021881103515625
2019-04-04 11:31:48,0.0109405517578125
2019-04-04 11:31:49,2.0054702758789062
2019-04-04 11:31:50,1.0027351379394531
2019-04-04 11:31:51,0.5013675689697266
2019-04-04 11:31:52,0.2506837844848633
2019-04-04 11:31:53,0.12534189224243164
2019-04-04 11:31:54,0.06267094612121582
2019-04-04 11:31:55,0.03133547306060791
2019-04-04 11:31:56,0.015667736530303955
2019-04-04 11:31:57,0.007833868265151978
2019-04-04 11:31:58,0.003916934132575989
2019-04-04 11:31:59,0.0019584670662879944
2019-04-04 11:32:00,0.0009792335331439972
2019-04-04 11:32:01,0.0004896167665719986
2019-04-04 11:32:02,0.0002448083832859993
2019-04-04 11:32:03,0.00012240419164299965
2019-04-04 11:32:04,6.120209582149982e-05
2019-04-04 11:32:05,3.060104791074991e-05
2019-04-04 11:32:06,1.5300523955374956e-05
2019-04-04 11:32:07,7.650261977687478e-06
2019-04-04 11:32:08,-1.9999961748690112
2019-04-04 11:32:09,-0.9999980874345056
2019-04-04 11:32:10,-0.4999990437172528
2019-04-04 11:32:11,-0.2499995218586264
2019-04-04 11:32:12,-0.1249997609293132
2019-04-04 11:32:13,-0.0624998804646566
2019-04-04 11:32:14,-0.0312499402323283
2019-04-04 11:32:15,-0.01562497011616415
2019-04-04 11:32:16,-0.007812485058082075
2019-04-04 11:32:17,-0.0039062425290410374
2019-04-04 11:32:18,0.4980468787354795
2019-04-04 11:32:19,0.24902343936773974
2019-04-04 11:32:20,0.12451171968386987
2019-04-04 11:32:21,0.062255859841934935
2019-04-04 11:32:22,0.031127929920967468
2019-04-04 11:32:23,0.015563964960483734
2019-04-04 11:32:24,0.007781982480241867
2019-04-04 11:32:25,0.0038909912401209334
2019-04-04 11:32:26,0.0019454956200604667
2019-04-04 11:32:27,0.0009727478100302334
2019-04-04 11:32:28,0.0004863739050151167
2019-04-04 11:32:29,0.00024318695250755834
2019-04-04 11:32:30,1.0001215934762537
2019-04-04 11:32:31,0.5000607967381269
2019-04-04 11:32:32,0.25003039836906343
2019-04-04 11:32:33,0.12501519918453172
2019-04-04 11:32:34,0.06250759959226586
2019-04-04 11:32:35,0.03125379979613293
2019-04-04 11:32:36,0.015626899898066465
2019-04-04 11:32:37,0.007813449949033232
2019-04-04 11:32:38,0.003906724974516616
2019-04-04 11:32:39,0.001953362487258308
2019-04-04 11:32:40,0.000976681243629154
2019-04-04 11:32:41,0.000488340621814577
2019-04-04 11:32:42,0.0002441703109072885
2019-04-04 11:32:43,0.00012208515545364425
2019-04-04 11:32:44,6.104257772682213e-05
2019-04-04 11:32:45,3.0521288863411064e-05
2019-04-04 11:32:46,1.5260644431705532e-05
2019-04-04 11:32:47,7.630322215852766e-06
2019-04-04 11:32:48,3.815161107926383e-06
2019-04-04 11:32:49,1.9075805539631915e-06
2019-04-04 11:32:50,9.537902769815957e-07
2019-04-04 11:32:51,4.768951384907979e-07
2019-04-04 11:32:52,2.3844756924539893e-07
2019-04-04 11:32:53,1.1922378462269947e-07
2019-04-04 11:32:54,1.5000000596118923
2019-04-04 11:32:55,0.7500000298059462
2019-04-04 11:32:56,0.3750000149029731
2019-04-04 11:32:57,0.18750000745148654
2019-04-04 11:32:58,0.09375000372574327
2019-04-04 11:32:59,-0.45312499813712837
2019-04-04 11:33:00,-0.22656249906856418
2019-04-04 11:33:01,-0.11328124953428209
2019-04-04 11:33:02,-0.056640624767141046
2019-04-04 11:33:03,-0.028320312383570523
2019-04-04 11:33:04,-0.014160156191785261
2019-04-04 11:33:05,-0.007080078095892631
2019-04-04 11:33:06,-0.0035400390479463154
2019-04-04 11:33:07,-0.0017700195239731577
2019-04-04 11:33:08,-0.0008850097619865788
2019-04-04 11:33:09,-0.0004425048809932894
2019-04-04 11:33:10,-0.0002212524404966447
2019-04-04 11:33:11,-0.00011062622024832235
2019-04-04 11:33:12,-5.531311012416118e-05
2019-04-04 11:33:13,-2.765655506208059e-05
2019-04-04 11:33:14,-1.3828277531040294e-05
2019-04-04 11:33:15,-6.914138765520147e-06
2019-04-04 11:33:16,-3.4570693827600736e-06
2019-04-04 11:33:17,0.4999982714653086
2019-04-04 11:33:18,0.2499991357326543
2019-04-04 11:33:19,0.12499956786632715
2019-04-04 11:33:20,0.06249978393316358
2019-04-04 11:33:21,0.03124989196658179
2019-04-04 11:33:22,-2.4843750540167093
2019-04-04 11:33:23,-1.2421875270083547
2019-04-04 11:33:24,-0.6210937635041773
2019-04-04 11:33:25,-0.31054688175208867
2019-04-04 11:33:26,-1.6552734408760443
2019-04-04 11:33:27,-0.8276367204380222
2019-04-04 11:33:28,-0.4138183602190111
2019-04-04 11:33:29,-0.20690918010950554
2019-04-04 11:33:30,-0.10345459005475277
2019-04-04 11:33:31,-0.051727295027376385
2019-04-04 11:33:32,-0.025863647513688193
2019-04-04 11:33:33,-0.012931823756844096
2019-04-04 11:33:34,-0.006465911878422048
2019-04-04 11:33:35,-0.003232955939211024
2019-04-04 11:33:36,-0.001616477969605512
2019-04-04 11:33:37,-0.000808238984802756
2019-04-04 11:33:38,-0.000404119492401378
2019-04-04 11:33:39,-0.000202059746200689
2019-04-04 11:33:40,-0.0001010298731003445
2019-04-04 11:33:41,-5.051493655017225e-05
2019-04-04 11:33:42,-2.5257468275086126e-05
2019-04-04 11:33:43,-1.2628734137543063e-05
2019-04-04 11:33:44,-6.314367068771531e-06
2019-04-04 11:33:45,-3.1571835343857657e-06
2019-04-04 11:33:46,-1.5785917671928829e-06
2019-04-04 11:33:47,-7.892958835964414e-07
2019-04-04 11:33:48,-3.946479417982207e-07
2019-04-04 11:33:49,-1.9732397089911036e-07
2019-04-04 11:33:50,-9.866198544955518e-08
2019-04-04 11:33:51,-4.933099272477759e-08
2019-04-04 11:33:52,0.49999997533450363
2019-04-04 11:33:53,0.24999998766725182
2019-04-04 11:33:54,0.12499999383362591
2019-04-04 11:33:55,0.062499996916812954
2019-04-04 11:33:56,0.031249998458406477
2019-04-04 11:33:57,0.015624999229203239
2019-04-04 11:33:58,0.007812499614601619
2019-04-04 11:33:59,0.0039062498073008096
2019-04-04 11:34:00,0.0019531249036504048
2019-04-04 11:34:01,0.0009765624518252024
2019-04-04 11:34:02,0.0004882812259126012
2019-04-04 11:34:03,0.0002441406129563006
2019-04-04 11:34:04,0.0001220703064781503
2019-04-04 11:34:05,6.103515323907515e-05
2019-04-04 11:34:06,3.0517576619537575e-05
2019-04-04 11:34:07,1.5258788309768788e-05
2019-04-04 11:34:08,1.0000076293941549
2019-04-04 11:34:09,0.5000038146970774
2019-04-04 11:34:10,0.2500019073485387
2019-04-04 11:34:11,0.12500095367426936
2019-04-04 11:34:12,0.06250047683713468
2019-04-04 11:34:13,0.03125023841856734
2019-04-04 11:34:14,0.01562511920928367
2019-04-04 11:34:15,0.007812559604641835
2019-04-04 11:34:16,0.0039062798023209175
2019-04-04 11:34:17,0.0019531399011604588
2019-04-04 11:34:18,0.0009765699505802294
2019-04-04 11:34:19,0.0004882849752901147
2019-04-04 11:34:20,0.00024414248764505734
2019-04-04 11:34:21,0.00012207124382252867
2019-04-04 11:34:22,6.103562191126434e-05
2019-04-04 11:34:23,3.051781095563217e-05
2019-04-04 11:34:24,1.5258905477816084e-05
2019-04-04 11:34:25,7.629452738908042e-06
2019-04-04 11:34:26,3.814726369454021e-06
2019-04-04 11:34:27,1.9073631847270105e-06
2019-04-04 11:34:28,9.536815923635053e-07
2019-04-04 11:34:29,4.768407961817526e-07
2019-04-04 11:34:30,2.384203980908763e-07
2019-04-04 11:34:31,1.1921019904543816e-07
2019-04-04 11:34:32,5.960509952271908e-08
2019-04-04 11:34:33,2.980254976135954e-08
2019-04-04 11:34:34,1.490127488067977e-08
2019-04-04 11:34:35,7.450637440339885e-09
2019-04-04 11:34:36,3.725318720169942e-09
2019-04-04 11:34:37,1.862659360084971e-09
2019-04-04 11:34:38,9.313296800424856e-10
2019-04-04 11:34:39,4.656648400212428e-10
2019-04-04 11:34:40,2.328324200106214e-10
2019-04-04 11:34:41,1.164162100053107e-10
2019-04-04 11:34:42,5.820810500265535e-11
2019-04-04 11:34:43,2.9104052501327675e-11
2019-04-04 11:34:44,0.500000000014552
2019-04-04 11:34:45,0.250000000007276
2019-04-04 11:34:46,0.125000000003638
2019-04-04 11:34:47,0.062500000001819
2019-04-04 11:34:48,0.0312500000009095
2019-04-04 11:34:49,0.01562500000045475
2019-04-04 11:34:50,0.007812500000227375
2019-04-04 11:34:51,0.003906250000113688
2019-04-04 11:34:52,0.001953125000056844
2019-04-04 11:34:53,0.000976562500028422
2019-04-04 11:34:54,0.000488281250014211
2019-04-04 11:34:55,0.0002441406250071055
2019-04-04 11:34:56,0.00012207031250355274
2019-04-04 11:34:57,6.103515625177637e-05
2019-04-04 11:34:58,3.0517578125888185e-05
2019-04-04 11:34:59,1.5258789062944093e-05
2019-04-04 11:35:00,7.629394531472046e-06
2019-04-04 11:35:01,0.5000038146972657
2019-04-04 11:35:02,0.25000190734863287
2019-04-04 11:35:03,0.12500095367431643
2019-04-04 11:35:04,0.06250047683715822
2019-04-04 11:35:05,0.03125023841857911
2019-04-04 11:35:06,0.015625119209289554
2019-04-04 11:35:07,0.007812559604644777
2019-04-04 11:35:08,0.0039062798023223886
2019-04-04 11:35:09,0.0019531399011611943
2019-04-04 11:35:10,0.0009765699505805971
2019-04-04 11:35:11,0.0004882849752902986
2019-04-04 11:35:12,0.0002441424876451493
2019-04-04 11:35:13,0.00012207124382257464
2019-04-04 11:35:14,6.103562191128732e-05
2019-04-04 11:35:15,3.051781095564366e-05
2019-04-04 11:35:16,1.525890547782183e-05
2019-04-04 11:35:17,0.5000076294527389
2019-04-04 11:35:18,0.25000381472636946
2019-04-04 11:35:19,0.12500190736318473
2019-04-04 11:35:20,0.06250095368159236
2019-04-04 11:35:21,0.03125047684079618
2019-04-04 11:35:22,-5.484374761579602
2019-04-04 11:35:23,-2.742187380789801
2019-04-04 11:35:24,-1.3710936903949005
2019-04-04 11:35:25,-0.6855468451974502
2019-04-04 11:35:26,-0.3427734225987251
2019-04-04 11:35:27,-0.17138671129936256
2019-04-04 11:35:28,-0.08569335564968128
2019-04-04 11:35:29,-1.0428466778248406
2019-04-04 11:35:30,-0.5214233389124203
2019-04-04 11:35:31,-0.26071166945621016
2019-04-04 11:35:32,-0.13035583472810508
2019-04-04 11:35:33,-0.06517791736405254
2019-04-04 11:35:34,-0.03258895868202627
2019-04-04 11:35:35,-0.016294479341013135
2019-04-04 11:35:36,-0.008147239670506567
2019-04-04 11:35:37,-0.004073619835253284
2019-04-04 11:35:38,-0.002036809917626642
2019-04-04 11:35:39,-0.001018404958813321
2019-04-04 11:35:40,-0.0005092024794066605
2019-04-04 11:35:41,-0.00025460123970333023
2019-04-04 11:35:42,-0.00012730061985166512
2019-04-04 11:35:43,-6.365030992583256e-05
2019-04-04 11:35:44,-3.182515496291628e-05
2019-04-04 11:35:45,-1.591257748145814e-05
2019-04-04 11:35:46,-7.95628874072907e-06
2019-04-04 11:35:47,-3.978144370364535e-06
2019-04-04 11:35:48,-1.9890721851822675e-06
2019-04-04 11:35:49,-9.945360925911337e-07
2019-04-04 11:35:50,-4.972680462955669e-07
2019-04-04 11:35:51,-2.4863402314778343e-07
2019-04-04 11:35:52,-1.2431701157389172e-07
2019-04-04 11:35:53,-6.215850578694586e-08
2019-04-04 11:35:54,-0.5000000310792528
2019-04-04 11:35:55,-0.2500000155396264
2019-04-04 11:35:56,-0.1250000077698132
2019-04-04 11:35:57,-0.0625000038849066
2019-04-04 11:35:58,-0.0312500019424533
2019-04-04 11:35:59,-0.01562500097122665
2019-04-04 11:36:00,-0.007812500485613326
2019-04-04 11:36:01,-0.003906250242806663
2019-04-04 11:36:02,-0.0019531251214033314
2019-04-04 11:36:03,-0.0009765625607016657
2019-04-04 11:36:04,-0.0004882812803508328
2019-04-04 11:36:05,-0.0002441406401754164
2019-04-04 11:36:06,-0.0001220703200877082
2019-04-04 11:36:07,-6.10351600438541e-05
2019-04-04 11:36:08,-3.051758002192705e-05
2019-04-04 11:36:09,-1.5258790010963527e-05
2019-04-04 11:36:10,-7.629395005481763e-06
2019-04-04 11:36:11,-3.814697502740882e-06
2019-04-04 11:36:12,-1.907348751370441e-06
2019-04-04 11:36:13,-1.0000009536743757
2019-04-04 11:36:14,-2.000000476837188
2019-04-04 11:36:15,-1.000000238418594
2019-04-04 11:36:16,-0.500000119209297
2019-04-04 11:36:17,-0.2500000596046485
2019-04-04 11:36:18,-0.12500002980232425
2019-04-04 11:36:19,-0.06250001490116212
2019-04-04 11:36:20,-0.03125000745058106
2019-04-04 11:36:21,-0.01562500372529053
2019-04-04 11:36:22,-0.007812501862645265
2019-04-04 11:36:23,-0.003906250931322633
2019-04-04 11:36:24,-0.0019531254656613164
2019-04-04 11:36:25,-0.0009765627328306582
2019-04-04 11:36:26,-0.0004882813664153291
2019-04-04 11:36:27,-0.00024414068320766455
2019-04-04 11:36:28,-0.00012207034160383227
2019-04-04 11:36:29,-1.000061035170802
2019-04-04 11:36:30,-0.500030517585401
2019-04-04 11:36:31,-0.2500152587927005
2019-04-04 11:36:32,-0.12500762939635024
2019-04-04 11:36:33,-0.06250381469817512
2019-04-04 11:36:34,-0.03125190734908756
2019-04-04 11:36:35,-1.0156259536745438
2019-04-04 11:36:36,-0.5078129768372719
2019-04-04 11:36:37,0.24609351158136406
2019-04-04 11:36:38,0.12304675579068203
2019-04-04 11:36:39,0.061523377895341014
2019-04-04 11:36:40,0.030761688947670507
2019-04-04 11:36:41,0.015380844473835253
2019-04-04 11:36:42,0.007690422236917627
2019-04-04 11:36:43,0.0038452111184588134
2019-04-04 11:36:44,0.0019226055592294067
2019-04-04 11:36:45,0.0009613027796147033
2019-04-04 11:36:46,0.00048065138980735167
2019-04-04 11:36:47,0.00024032569490367583
2019-04-04 11:36:48,0.00012016284745183792
2019-04-04 11:36:49,6.008142372591896e-05
2019-04-04 11:36:50,3.004071186295948e-05
2019-04-04 11:36:51,1.502035593147974e-05
2019-04-04 11:36:52,7.51017796573987e-06
2019-04-04 11:36:53,-0.9999962449110171
2019-04-04 11:36:54,-0.49999812245550856
2019-04-04 11:36:55,-0.24999906122775428
2019-04-04 11:36:56,-2.124999530613877
2019-04-04 11:36:57,-0.06249976530693857
2019-04-04 11:36:58,1.9687501173465307
2019-04-04 11:36:59,0.9843750586732654
2019-04-04 11:37:00,0.4921875293366327
2019-04-04 11:37:01,0.24609376466831634
2019-04-04 11:37:02,0.12304688233415817
2019-04-04 11:37:03,0.061523441167079085
2019-04-04 11:37:04,5.0307617205835395
2019-04-04 11:37:05,2.5153808602917698
2019-04-04 11:37:06,1.2576904301458849
2019-04-04 11:37:07,0.6288452150729424
2019-04-04 11:37:08,-0.18557739246352878
2019-04-04 11:37:09,-0.09278869623176439
2019-04-04 11:37:10,-0.046394348115882195
2019-04-04 11:37:11,-0.023197174057941097
2019-04-04 11:37:12,-0.011598587028970549
2019-04-04 11:37:13,-0.005799293514485274
2019-04-04 11:37:14,-0.002899646757242637
2019-04-04 11:37:15,-0.0014498233786213186
2019-04-04 11:37:16,-0.0007249116893106593
2019-04-04 11:37:17,-0.00036245584465532965
2019-04-04 11:37:18,-0.00018122792232766482
2019-04-04 11:37:19,-9.061396116383241e-05
2019-04-04 11:37:20,-4.5306980581916206e-05
2019-04-04 11:37:21,-2.2653490290958103e-05
2019-04-04 11:37:22,-1.1326745145479051e-05
2019-04-04 11:37:23,-5.663372572739526e-06
2019-04-04 11:37:24,-0.5000028316862863
2019-04-04 11:37:25,-0.25000141584314317
2019-04-04 11:37:26,-0.12500070792157159
2019-04-04 11:37:27,-0.06250035396078579
2019-04-04 11:37:28,-0.031250176980392896
2019-04-04 11:37:29,-0.015625088490196448
2019-04-04 11:37:30,-0.007812544245098224
2019-04-04 11:37:31,-0.003906272122549112
2019-04-04 11:37:32,-0.001953136061274556
2019-04-04 11:37:33,-0.000976568030637278
2019-04-04 11:37:34,-0.000488284015318639
2019-04-04 11:37:35,-0.0002441420076593195
2019-04-04 11:37:36,-0.00012207100382965975
2019-04-04 11:37:37,-6.103550191482988e-05
2019-04-04 11:37:38,-3.051775095741494e-05
2019-04-04 11:37:39,-1.525887547870747e-05
2019-04-04 11:37:40,-7.629437739353734e-06
2019-04-04 11:37:41,-3.814718869676867e-06
2019-04-04 11:37:42,-1.9073594348384336e-06
2019-04-04 11:37:43,-9.536797174192168e-07
2019-04-04 11:37:44,-4.768398587096084e-07
2019-04-04 11:37:45,-2.384199293548042e-07
2019-04-04 11:37:46,-1.192099646774021e-07
2019-04-04 11:37:47,-5.960498233870105e-08
2019-04-04 11:37:48,-2.9802491169350525e-08
2019-04-04 11:37:49,-1.4901245584675263e-08
2019-04-04 11:37:50,-7.450622792337631e-09
2019-04-04 11:37:51,-2.5000000037253116
2019-04-04 11:37:52,-1.2500000018626558
2019-04-04 11:37:53,-0.6250000009313279
2019-04-04 11:37:54,-0.31250000046566395
2019-04-04 11:37:55,-0.15625000023283198
2019-04-04 11:37:56,-0.07812500011641599
2019-04-04 11:37:57,-0.039062500058207994
2019-04-04 11:37:58,-0.019531250029103997
2019-04-04 11:37:59,-0.009765625014551998
2019-04-04 11:38:00,-0.504882812507276
2019-04-04 11:38:01,-0.752441406253638
2019-04-04 11:38:02,-0.376220703126819
2019-04-04 11:38:03,-0.1881103515634095
2019-04-04 11:38:04,-0.5940551757817047
2019-04-04 11:38:05,-0.2970275878908524
2019-04-04 11:38:06,-0.1485137939454262
2019-04-04 11:38:07,-0.0742568969727131
2019-04-04 11:38:08,-0.03712844848635655
2019-04-04 11:38:09,-0.018564224243178273
2019-04-04 11:38:10,-0.009282112121589137
2019-04-04 11:38:11,-0.004641056060794568
2019-04-04 11:38:12,-0.002320528030397284
2019-04-04 11:38:13,-0.001160264015198642
2019-04-04 11:38:14,-0.000580132007599321
2019-04-04 11:38:15,-0.0002900660037996605
2019-04-04 11:38:16,-0.00014503300189983026
2019-04-04 11:38:17,-7.251650094991513e-05
2019-04-04 11:38:18,-3.6258250474957565e-05
2019-04-04 11:38:19,-1.8129125237478783e-05
2019-04-04 11:38:20,-9.064562618739391e-06
2019-04-04 11:38:21,-4.532281309369696e-06
2019-04-04 11:38:22,-2.266140654684848e-06
2019-04-04 11:38:23,-1.133070327342424e-06
2019-04-04 11:38:24,-5.66535163671212e-07
2019-04-04 11:38:25,1.4999997167324182
2019-04-04 11:38:26,0.7499998583662091
2019-04-04 11:38:27,0.37499992918310454
2019-04-04 11:38:28,0.18749996459155227
2019-04-04 11:38:29,0.09374998229577614
2019-04-04 11:38:30,0.04687499114788807
2019-04-04 11:38:31,0.023437495573944034
2019-04-04 11:38:32,0.011718747786972017
2019-04-04 11:38:33,0.0058593738934860085
2019-04-04 11:38:34,0.0029296869467430042
2019-04-04 11:38:35,0.0014648434733715021
2019-04-04 11:38:36,0.0007324217366857511
2019-04-04 11:38:37,0.00036621086834287553
2019-04-04 11:38:38,0.00018310543417143776
2019-04-04 11:38:39,9.155271708571888e-05
2019-04-04 11:38:40,4.577635854285944e-05
2019-04-04 11:38:41,0.5000228881792714
2019-04-04 11:38:42,0.2500114440896357
2019-04-04 11:38:43,0.12500572204481786
2019-04-04 11:38:44,0.06250286102240893
2019-04-04 11:38:45,0.031251430511204464
2019-04-04 11:38:46,0.015625715255602232
2019-04-04 11:38:47,-3.992187142372199
2019-04-04 11:38:48,-1.9960935711860994
2019-04-04 11:38:49,-0.9980467855930497
2019-04-04 11:38:50,-0.49902339279652486
2019-04-04 11:38:51,-0.24951169639826243
2019-04-04 11:38:52,-0.6247558481991312
2019-04-04 11:38:53,-0.3123779240995656
2019-04-04 11:38:54,-0.1561889620497828
2019-04-04 11:38:55,-0.0780944810248914
2019-04-04 11:38:56,-0.0390472405124457
2019-04-04 11:38:57,-0.01952362025622285
2019-04-04 11:38:58,0.9902381898718886
2019-04-04 11:38:59,0.4951190949359443
2019-04-04 11:39:00,0.24755954746797215
2019-04-04 11:39:01,0.12377977373398608
2019-04-04 11:39:02,0.06188988686699304
2019-04-04 11:39:03,0.03094494343349652
2019-04-04 11:39:04,0.01547247171674826
2019-04-04 11:39:05,0.00773623585837413
2019-04-04 11:39:06,0.003868117929187065
2019-04-04 11:39:07,0.0019340589645935324
2019-04-04 11:39:08,-0.9990329705177032
2019-04-04 11:39:09,-0.4995164852588516
2019-04-04 11:39:10,-2.249758242629426
2019-04-04 11:39:11,-1.624879121314713
2019-04-04 11:39:12,-0.8124395606573565
2019-04-04 11:39:13,-0.4062197803286782
2019-04-04 11:39:14,-0.2031098901643391
2019-04-04 11:39:15,-0.10155494508216956
2019-04-04 11:39:16,-0.05077747254108478
2019-04-04 11:39:17,-0.02538873627054239
2019-04-04 11:39:18,-0.012694368135271195
2019-04-04 11:39:19,-0.006347184067635597
2019-04-04 11:39:20,-0.0031735920338177986
2019-04-04 11:39:21,-0.0015867960169088993
2019-04-04 11:39:22,-0.0007933980084544497
2019-04-04 11:39:23,-0.00039669900422722483
2019-04-04 11:39:24,-0.00019834950211361242
2019-04-04 11:39:25,-9.917475105680621e-05
2019-04-04 11:39:26,-4.9587375528403104e-05
2019-04-04 11:39:27,-2.4793687764201552e-05
2019-04-04 11:39:28,-1.2396843882100776e-05
2019-04-04 11:39:29,-6.198421941050388e-06
2019-04-04 11:39:30,-6.0000030992109705
2019-04-04 11:39:31,-3.0000015496054853
2019-04-04 11:39:32,-1.5000007748027426
2019-04-04 11:39:33,-0.7500003874013713
2019-04-04 11:39:34,-0.37500019370068566
2019-04-04 11:39:35,-0.18750009685034283
2019-04-04 11:39:36,-0.09375004842517141
2019-04-04 11:39:37,0.4531249757874143
2019-04-04 11:39:38,0.22656248789370714
2019-04-04 11:39:39,0.11328124394685357
2019-04-04 11:39:40,0.056640621973426786
2019-04-04 11:39:41,0.028320310986713393
2019-04-04 11:39:42,0.014160155493356696
2019-04-04 11:39:43,0.007080077746678348
2019-04-04 11:39:44,0.003540038873339174
2019-04-04 11:39:45,0.001770019436669587
2019-04-04 11:39:46,-7.499114990281665
2019-04-04 11:39:47,-1.2495574951408326
2019-04-04 11:39:48,-0.6247787475704163
2019-04-04 11:39:49,-0.31238937378520815
2019-04-04 11:39:50,-0.15619468689260407
2019-04-04 11:39:51,-0.07809734344630204
2019-04-04 11:39:52,-0.03904867172315102
2019-04-04 11:39:53,-0.01952433586157551
2019-04-04 11:39:54,-0.009762167930787755
2019-04-04 11:39:55,-0.004881083965393877
2019-04-04 11:39:56,-0.0024405419826969386
2019-04-04 11:39:57,-0.0012202709913484693
2019-04-04 11:39:58,-0.0006101354956742347
2019-04-04 11:39:59,-0.00030506774783711733
2019-04-04 11:40:00,-5.000152533873918
2019-04-04 11:40:01,-2.500076266936959
2019-04-04 11:40:02,-1.2500381334684796
2019-04-04 11:40:03,-0.6250190667342398
2019-04-04 11:40:04,-0.3125095333671199
2019-04-04 11:40:05,-0.65625476668356
2019-04-04 11:40:06,-0.32812738334178
2019-04-04 11:40:07,-0.16406369167089
2019-04-04 11:40:08,-0.082031845835445
2019-04-04 11:40:09,-0.0410159229177225
2019-04-04 11:40:10,-0.02050796145886125
2019-04-04 11:40:11,-0.010253980729430625
2019-04-04 11:40:12,-0.005126990364715312
2019-04-04 11:40:13,-0.002563495182357656
2019-04-04 11:40:14,-0.001281747591178828
2019-04-04 11:40:15,-0.000640873795589414
2019-04-04 11:40:16,-0.000320436897794707
2019-04-04 11:40:17,-0.0001602184488973535
2019-04-04 11:40:18,-8.010922444867675e-05
2019-04-04 11:40:19,-4.005461222433838e-05
2019-04-04 11:40:20,-2.002730611216919e-05
2019-04-04 11:40:21,-1.0013653056084594e-05
2019-04-04 11:40:22,-5.006826528042297e-06
2019-04-04 11:40:23,-0.500002503413264
2019-04-04 11:40:24,-0.250001251706632
2019-04-04 11:40:25,-0.125000625853316
2019-04-04 11:40:26,-0.562500312926658
2019-04-04 11:40:27,-0.281250156463329
2019-04-04 11:40:28,-0.1406250782316645
2019-04-04 11:40:29,-1.0703125391158324
2019-04-04 11:40:30,-0.5351562695579162
2019-04-04 11:40:31,-0.2675781347789581
2019-04-04 11:40:32,-0.13378906738947904
2019-04-04 11:40:33,-0.06689453369473952
2019-04-04 11:40:34,-0.03344726684736976
2019-04-04 11:40:35,-0.01672363342368488
2019-04-04 11:40:36,-0.00836181671184244
2019-04-04 11:40:37,-0.00418090835592122
2019-04-04 11:40:38,-0.00209045417796061
2019-04-04 11:40:39,-0.001045227088980305
2019-04-04 11:40:40,-0.0005226135444901525
2019-04-04 11:40:41,0.49973869322775494
2019-04-04 11:40:42,0.24986934661387747
2019-04-04 11:40:43,0.12493467330693873
2019-04-04 11:40:44,0.06246733665346937
2019-04-04 11:40:45,0.031233668326734684
2019-04-04 11:40:46,0.015616834163367342
2019-04-04 11:40:47,0.007808417081683671
2019-04-04 11:40:48,0.0039042085408418355
2019-04-04 11:40:49,0.0019521042704209177
2019-04-04 11:40:50,0.0009760521352104589
2019-04-04 11:40:51,0.00048802606760522943
2019-04-04 11:40:52,0.00024401303380261472
2019-04-04 11:40:53,0.00012200651690130736
2019-04-04 11:40:54,6.100325845065368e-05
2019-04-04 11:40:55,3.050162922532684e-05
2019-04-04 11:40:56,1.525081461266342e-05
2019-04-04 11:40:57,7.62540730633171e-06
2019-04-04 11:40:58,3.812703653165855e-06
2019-04-04 11:40:59,1.9063518265829275e-06
2019-04-04 11:41:00,-0.9999990468240867
2019-04-04 11:41:01,-0.49999952341204335
2019-04-04 11:41:02,-0.24999976170602167
2019-04-04 11:41:03,-0.12499988085301084
2019-04-04 11:41:04,-1.0624999404265054
2019-04-04 11:41:05,-0.5312499702132527
2019-04-04 11:41:06,-0.26562498510662635
2019-04-04 11:41:07,-0.13281249255331318
2019-04-04 11:41:08,-0.06640624627665659
2019-04-04 11:41:09,-0.033203123138328294
2019-04-04 11:41:10,4.483398438430836
2019-04-04 11:41:11,2.241699219215418
2019-04-04 11:41:12,1.120849609607709
2019-04-04 11:41:13,0.5604248048038545
2019-04-04 11:41:14,0.28021240240192724
2019-04-04 11:41:15,0.14010620120096362
2019-04-04 11:41:16,0.07005310060048181
2019-04-04 11:41:17,-5.964973449699759
2019-04-04 11:41:18,-2.9824867248498794
2019-04-04 11:41:19,-1.4912433624249397
2019-04-04 11:41:20,-0.7456216812124699
2019-04-04 11:41:21,-0.37281084060623493
2019-04-04 11:41:22,-0.18640542030311746
2019-04-04 11:41:23,-0.09320271015155873
2019-04-04 11:41:24,-0.046601355075779366
2019-04-04 11:41:25,-0.023300677537889683
2019-04-04 11:41:26,-0.011650338768944841
2019-04-04 11:41:27,-0.005825169384472421
2019-04-04 11:41:28,-0.0029125846922362104
2019-04-04 11:41:29,-0.0014562923461181052
2019-04-04 11:41:30,-0.0007281461730590526
2019-04-04 11:41:31,-0.0003640730865295263
2019-04-04 11:41:32,-0.00018203654326476315
2019-04-04 11:41:33,-9.101827163238157e-05
2019-04-04 11:41:34,-4.550913581619079e-05
2019-04-04 11:41:35,-2.2754567908095394e-05
2019-04-04 11:41:36,-1.1377283954047697e-05
2019-04-04 11:41:37,-5.688641977023848e-06
2019-04-04 11:41:38,-2.844320988511924e-06
2019-04-04 11:41:39,-1.422160494255962e-06
2019-04-04 11:41:40,-7.11080247127981e-07
2019-04-04 11:41:41,0.9999996444598764
2019-04-04 11:41:42,0.4999998222299382
2019-04-04 11:41:43,0.2499999111149691
2019-04-04 11:41:44,0.12499995555748455
2019-04-04 11:41:45,0.06249997777874228
2019-04-04 11:41:46,0.03124998888937114
2019-04-04 11:41:47,0.01562499444468557
2019-04-04 11:41:48,0.007812497222342785
2019-04-04 11:41:49,0.0039062486111713923
2019-04-04 11:41:50,0.0019531243055856962
2019-04-04 11:41:51,0.0009765621527928481
2019-04-04 11:41:52,0.00048828107639642404
2019-04-04 11:41:53,0.00024414053819821202
2019-04-04 11:41:54,-0.9998779297309008
2019-04-04 11:41:55,-0.4999389648654504
2019-04-04 11:41:56,-1.7499694824327252
2019-04-04 11:41:57,-0.8749847412163626
2019-04-04 11:41:58,-0.4374923706081813
2019-04-04 11:41:59,-0.21874618530409065
2019-04-04 11:42:00,-3.1093730926520453
2019-04-04 11:42:01,-1.0546865463260227
2019-04-04 11:42:02,-0.5273432731630113
2019-04-04 11:42:03,-0.26367163658150566
2019-04-04 11:42:04,-0.13183581829075283
2019-04-04 11:42:05,-0.06591790914537642
2019-04-04 11:42:06,-0.03295895457268821
2019-04-04 11:42:07,-0.016479477286344104
2019-04-04 11:42:08,-0.008239738643172052
2019-04-04 11:42:09,-3.004119869321586
2019-04-04 11:42:10,-1.502059934660793
2019-04-04 11:42:11,-0.7510299673303965
2019-04-04 11:42:12,-0.37551498366519825
2019-04-04 11:42:13,-0.18775749183259913
2019-04-04 11:42:14,-0.09387874591629956
2019-04-04 11:42:15,-1.0469393729581498
2019-04-04 11:42:16,-0.5234696864790749
2019-04-04 11:42:17,-0.26173484323953744
2019-04-04 11:42:18,-0.13086742161976872
2019-04-04 11:42:19,-0.06543371080988436
2019-04-04 11:42:20,-0.03271685540494218
2019-04-04 11:42:21,-0.01635842770247109
2019-04-04 11:42:22,-1.0081792138512355
2019-04-04 11:42:23,-0.5040896069256178
2019-04-04 11:42:24,-0.2520448034628089
2019-04-04 11:42:25,-0.12602240173140444
2019-04-04 11:42:26,-0.06301120086570222
2019-04-04 11:42:27,-0.03150560043285111
2019-04-04 11:42:28,-0.015752800216425555
2019-04-04 11:42:29,-0.007876400108212778
2019-04-04 11:42:30,-0.003938200054106389
2019-04-04 11:42:31,-0.0019691000270531944
2019-04-04 11:42:32,-0.0009845500135265972
2019-04-04 11:42:33,-0.0004922750067632986
2019-04-04 11:42:34,-0.0002461375033816493
2019-04-04 11:42:35,-0.00012306875169082465
2019-04-04 11:42:36,-6.153437584541233e-05
2019-04-04 11:42:37,-3.076718792270616e-05
2019-04-04 11:42:38,-1.538359396135308e-05
2019-04-04 11:42:39,-7.69179698067654e-06
2019-04-04 11:42:40,-3.84589849033827e-06
2019-04-04 11:42:41,-1.922949245169135e-06
2019-04-04 11:42:42,-9.614746225845676e-07
2019-04-04 11:42:43,-4.807373112922838e-07
2019-04-04 11:42:44,-2.403686556461419e-07
2019-04-04 11:42:45,-1.2018432782307095e-07
2019-04-04 11:42:46,-6.009216391153547e-08
2019-04-04 11:42:47,-3.004608195576774e-08
2019-04-04 11:42:48,-1.502304097788387e-08
2019-04-04 11:42:49,-7.511520488941934e-09
2019-04-04 11:42:50,-3.755760244470967e-09
2019-04-04 11:42:51,-1.8778801222354836e-09
2019-04-04 11:42:52,-9.389400611177418e-10
2019-04-04 11:42:53,-4.694700305588709e-10
2019-04-04 11:42:54,-2.3473501527943545e-10
2019-04-04 11:42:55,-1.1736750763971772e-10
2019-04-04 11:42:56,-5.868375381985886e-11
2019-04-04 11:42:57,-2.934187690992943e-11
2019-04-04 11:42:58,0.9999999999853291
2019-04-04 11:42:59,0.49999999999266453
2019-04-04 11:43:00,0.24999999999633227
2019-04-04 11:43:01,0.12499999999816613
2019-04-04 11:43:02,0.06249999999908307
2019-04-04 11:43:03,0.031249999999541533
2019-04-04 11:43:04,0.015624999999770767
2019-04-04 11:43:05,-1.4921875000001146
2019-04-04 11:43:06,-0.7460937500000573
2019-04-04 11:43:07,-0.37304687500002864
2019-04-04 11:43:08,-1.6865234375000142
2019-04-04 11:43:09,-0.8432617187500071
2019-04-04 11:43:10,-0.42163085937500355
2019-04-04 11:43:11,-0.21081542968750178
2019-04-04 11:43:12,-0.10540771484375089
2019-04-04 11:43:13,-3.5527038574218754
2019-04-04 11:43:14,-2.2763519287109375
2019-04-04 11:43:15,-1.1381759643554688
2019-04-04 11:43:16,-2.0690879821777344
2019-04-04 11:43:17,-1.0345439910888672
2019-04-04 11:43:18,-1.0172719955444336
2019-04-04 11:43:19,-0.5086359977722168
2019-04-04 11:43:20,-0.2543179988861084
2019-04-04 11:43:21,-0.6271589994430542
2019-04-04 11:43:22,-0.3135794997215271
2019-04-04 11:43:23,-0.6567897498607635
2019-04-04 11:43:24,-0.3283948749303818
2019-04-04 11:43:25,-0.1641974374651909
2019-04-04 11:43:26,-0.08209871873259544
2019-04-04 11:43:27,-0.04104935936629772
2019-04-04 11:43:28,1.4794753203168511
2019-04-04 11:43:29,0.7397376601584256
2019-04-04 11:43:30,0.3698688300792128
2019-04-04 11:43:31,0.1849344150396064
2019-04-04 11:43:32,0.0924672075198032
2019-04-04 11:43:33,-0.4537663962400984
2019-04-04 11:43:34,-0.2268831981200492
2019-04-04 11:43:35,-0.1134415990600246
2019-04-04 11:43:36,-0.0567207995300123
2019-04-04 11:43:37,-0.02836039976500615
2019-04-04 11:43:38,-0.014180199882503075
2019-04-04 11:43:39,-0.0070900999412515375
2019-04-04 11:43:40,-0.0035450499706257688
2019-04-04 11:43:41,-0.0017725249853128844
2019-04-04 11:43:42,0.49911373750734356
2019-04-04 11:43:43,0.24955686875367178
2019-04-04 11:43:44,0.12477843437683589
2019-04-04 11:43:45,0.062389217188417945
2019-04-04 11:43:46,0.031194608594208972
2019-04-04 11:43:47,0.015597304297104486
2019-04-04 11:43:48,0.007798652148552243
2019-04-04 11:43:49,0.0038993260742761215
2019-04-04 11:43:50,0.0019496630371380608
2019-04-04 11:43:51,0.0009748315185690304
2019-04-04 11:43:52,0.0004874157592845152
2019-04-04 11:43:53,0.0002437078796422576
2019-04-04 11:43:54,0.0001218539398211288
2019-04-04 11:43:55,6.09269699105644e-05
2019-04-04 11:43:56,3.04634849552822e-05
2019-04-04 11:43:57,1.52317424776411e-05
2019-04-04 11:43:58,7.61587123882055e-06
2019-04-04 11:43:59,3.807935619410275e-06
2019-04-04 11:44:00,1.9039678097051375e-06
2019-04-04 11:44:01,9.519839048525687e-07
2019-04-04 11:44:02,4.7599195242628437e-07
2019-04-04 11:44:03,2.3799597621314218e-07
2019-04-04 11:44:04,1.1899798810657109e-07
2019-04-04 11:44:05,5.9498994053285546e-08
2019-04-04 11:44:06,2.9749497026642773e-08
2019-04-04 11:44:07,1.4874748513321387e-08
2019-04-04 11:44:08,7.437374256660693e-09
2019-04-04 11:44:09,1.0000000037186871
2019-04-04 11:44:10,0.5000000018593436
2019-04-04 11:44:11,0.2500000009296718
2019-04-04 11:44:12,0.1250000004648359
2019-04-04 11:44:13,0.06250000023241795
2019-04-04 11:44:14,0.03125000011620897
2019-04-04 11:44:15,0.015625000058104487
2019-04-04 11:44:16,0.007812500029052243
2019-04-04 11:44:17,0.003906250014526122
2019-04-04 11:44:18,0.001953125007263061
2019-04-04 11:44:19,0.0009765625036315304
2019-04-04 11:44:20,0.0004882812518157652
2019-04-04 11:44:21,0.0002441406259078826
2019-04-04 11:44:22,0.0001220703129539413
2019-04-04 11:44:23,6.103515647697065e-05
2019-04-04 11:44:24,3.0517578238485325e-05
2019-04-04 11:44:25,1.5258789119242663e-05
2019-04-04 11:44:26,7.629394559621331e-06
2019-04-04 11:44:27,3.814697279810666e-06
2019-04-04 11:44:28,1.907348639905333e-06
2019-04-04 11:44:29,1.50000095367432
2019-04-04 11:44:30,0.75000047683716
2019-04-04 11:44:31,0.37500023841858
2019-04-04 11:44:32,0.18750011920929
2019-04-04 11:44:33,0.093750059604645
2019-04-04 11:44:34,0.0468750298023225
2019-04-04 11:44:35,0.02343751490116125
2019-04-04 11:44:36,0.011718757450580625
2019-04-04 11:44:37,0.005859378725290312
2019-04-04 11:44:38,0.002929689362645156
2019-04-04 11:44:39,0.001464844681322578
2019-04-04 11:44:40,0.000732422340661289
2019-04-04 11:44:41,0.0003662111703306445
2019-04-04 11:44:42,0.00018310558516532226
2019-04-04 11:44:43,9.155279258266113e-05
2019-04-04 11:44:44,4.5776396291330565e-05
2019-04-04 11:44:45,2.2888198145665283e-05
2019-04-04 11:44:46,1.1444099072832641e-05
2019-04-04 11:44:47,5.722049536416321e-06
2019-04-04 11:44:48,2.8610247682081603e-06
2019-04-04 11:44:49,1.4305123841040802e-06
2019-04-04 11:44:50,7.152561920520401e-07
2019-04-04 11:44:51,3.5762809602602004e-07
2019-04-04 11:44:52,1.7881404801301002e-07
2019-04-04 11:44:53,8.940702400650501e-08
2019-04-04 11:44:54,4.4703512003252505e-08
2019-04-04 11:44:55,2.2351756001626253e-08
2019-04-04 11:44:56,1.1175878000813126e-08
2019-04-04 11:44:57,5.587939000406563e-09
2019-04-04 11:44:58,2.7939695002032816e-09
2019-04-04 11:44:59,1.3969847501016408e-09
2019-04-04 11:45:00,6.984923750508204e-10
2019-04-04 11:45:01,0.5000000003492462
2019-04-04 11:45:02,0.2500000001746231
2019-04-04 11:45:03,0.12500000008731155
2019-04-04 11:45:04,0.06250000004365577
2019-04-04 11:45:05,0.03125000002182789
2019-04-04 11:45:06,-0.9843749999890861
2019-04-04 11:45:07,-0.49218749999454303
2019-04-04 11:45:08,-0.24609374999727152
2019-04-04 11:45:09,-0.12304687499863576
2019-04-04 11:45:10,1.4384765625006821
2019-04-04 11:45:11,0.7192382812503411
2019-04-04 11:45:12,0.35961914062517053
2019-04-04 11:45:13,0.17980957031258527
2019-04-04 11:45:14,0.08990478515629263
2019-04-04 11:45:15,0.044952392578146316
2019-04-04 11:45:16,0.022476196289073158
2019-04-04 11:45:17,0.011238098144536579
2019-04-04 11:45:18,0.0056190490722682895
2019-04-04 11:45:19,0.0028095245361341448
2019-04-04 11:45:20,0.0014047622680670724
2019-04-04 11:45:21,0.0007023811340335362
2019-04-04 11:45:22,0.0003511905670167681
2019-04-04 11:45:23,0.00017559528350838405
2019-04-04 11:45:24,8.779764175419202e-05
2019-04-04 11:45:25,4.389882087709601e-05
2019-04-04 11:45:26,-2.4999780505895615
2019-04-04 11:45:27,-1.2499890252947807
2019-04-04 11:45:28,-0.6249945126473904
2019-04-04 11:45:29,-0.3124972563236952
2019-04-04 11:45:30,-0.1562486281618476
2019-04-04 11:45:31,-0.0781243140809238
2019-04-04 11:45:32,-0.0390621570404619
2019-04-04 11:45:33,-0.01953107852023095
2019-04-04 11:45:34,-0.009765539260115474
2019-04-04 11:45:35,-0.004882769630057737
2019-04-04 11:45:36,-0.0024413848150288686
2019-04-04 11:45:37,-0.0012206924075144343
2019-04-04 11:45:38,-0.0006103462037572172
2019-04-04 11:45:39,-0.0003051731018786086
2019-04-04 11:45:40,3.4998474134490607
2019-04-04 11:45:41,1.7499237067245303
2019-04-04 11:45:42,1.3749618533622652
2019-04-04 11:45:43,1.6874809266811326
2019-04-04 11:45:44,0.8437404633405663
2019-04-04 11:45:45,0.42187023167028315
2019-04-04 11:45:46,0.21093511583514157
2019-04-04 11:45:47,0.10546755791757079
2019-04-04 11:45:48,0.05273377895878539
2019-04-04 11:45:49,0.026366889479392697
2019-04-04 11:45:50,0.013183444739696348
2019-04-04 11:45:51,1.0065917223698482
2019-04-04 11:45:52,0.5032958611849241
2019-04-04 11:45:53,-0.748352069407538
2019-04-04 11:45:54,-0.374176034703769
2019-04-04 11:45:55,-0.1870880173518845
2019-04-04 11:45:56,-0.09354400867594224
2019-04-04 11:45:57,-0.04677200433797112
2019-04-04 11:45:58,-0.02338600216898556
2019-04-04 11:45:59,-0.01169300108449278
2019-04-04 11:46:00,-0.00584650054224639
2019-04-04 11:46:01,-0.002923250271123195
2019-04-04 11:46:02,-0.0014616251355615976
2019-04-04 11:46:03,0.4992691874322192
2019-04-04 11:46:04,0.2496345937161096
2019-04-04 11:46:05,0.1248172968580548
2019-04-04 11:46:06,0.0624086484290274
2019-04-04 11:46:07,0.0312043242145137
2019-04-04 11:46:08,0.01560216210725685
2019-04-04 11:46:09,0.007801081053628425
2019-04-04 11:46:10,0.0039005405268142126
2019-04-04 11:46:11,0.0019502702634071063
2019-04-04 11:46:12,0.0009751351317035531
2019-04-04 11:46:13,0.00048756756585177657
2019-04-04 11:46:14,0.00024378378292588829
2019-04-04 11:46:15,0.00012189189146294414
2019-04-04 11:46:16,6.094594573147207e-05
2019-04-04 11:46:17,3.0472972865736036e-05
2019-04-04 11:46:18,1.5236486432868018e-05
2019-04-04 11:46:19,7.618243216434009e-06
2019-04-04 11:46:20,3.8091216082170045e-06
2019-04-04 11:46:21,1.9045608041085022e-06
2019-04-04 11:46:22,9.522804020542511e-07
2019-04-04 11:46:23,4.7614020102712556e-07
2019-04-04 11:46:24,2.3807010051356278e-07
2019-04-04 11:46:25,9.00000011903505
2019-04-04 11:46:26,4.500000059517525
2019-04-04 11:46:27,2.2500000297587626
2019-04-04 11:46:28,1.1250000148793813
2019-04-04 11:46:29,0.5625000074396906
2019-04-04 11:46:30,0.2812500037198453
2019-04-04 11:46:31,0.14062500185992266
2019-04-04 11:46:32,0.07031250092996133
2019-04-04 11:46:33,0.035156250464980665
2019-04-04 11:46:34,0.017578125232490333
2019-04-04 11:46:35,1.5087890626162452
2019-04-04 11:46:36,0.7543945313081226
2019-04-04 11:46:37,0.3771972656540613
2019-04-04 11:46:38,-0.31140136717296935
2019-04-04 11:46:39,-0.15570068358648467
2019-04-04 11:46:40,-0.07785034179324234
2019-04-04 11:46:41,-0.03892517089662117
2019-04-04 11:46:42,-0.019462585448310584
2019-04-04 11:46:43,-0.009731292724155292
2019-04-04 11:46:44,-0.004865646362077646
2019-04-04 11:46:45,-0.002432823181038823
2019-04-04 11:46:46,-0.0012164115905194115
2019-04-04 11:46:47,-0.0006082057952597058
2019-04-04 11:46:48,-0.0003041028976298529
2019-04-04 11:46:49,-0.00015205144881492644
2019-04-04 11:46:50,-7.602572440746322e-05
2019-04-04 11:46:51,-3.801286220373161e-05
2019-04-04 11:46:52,-1.9006431101865805e-05
2019-04-04 11:46:53,-9.503215550932902e-06
2019-04-04 11:46:54,-4.751607775466451e-06
2019-04-04 11:46:55,-0.5000023758038877
2019-04-04 11:46:56,-0.25000118790194387
2019-04-04 11:46:57,-0.12500059395097193
2019-04-04 11:46:58,-0.06250029697548597
2019-04-04 11:46:59,-0.03125014848774298
2019-04-04 11:47:00,-0.01562507424387149
2019-04-04 11:47:01,-0.007812537121935746
2019-04-04 11:47:02,-0.003906268560967873
2019-04-04 11:47:03,-0.0019531342804839365
2019-04-04 11:47:04,-0.0009765671402419682
2019-04-04 11:47:05,-0.0004882835701209841
2019-04-04 11:47:06,-0.00024414178506049206
2019-04-04 11:47:07,-0.00012207089253024603
2019-04-04 11:47:08,-6.103544626512301e-05
2019-04-04 11:47:09,-3.051772313256151e-05
2019-04-04 11:47:10,-1.5258861566280754e-05
2019-04-04 11:47:11,-7.629430783140377e-06
2019-04-04 11:47:12,1.9999961852846084
2019-04-04 11:47:13,0.9999980926423042
2019-04-04 11:47:14,0.4999990463211521
2019-04-04 11:47:15,0.24999952316057605
2019-04-04 11:47:16,0.12499976158028803
2019-04-04 11:47:17,0.06249988079014401
2019-04-04 11:47:18,0.031249940395072007
2019-04-04 11:47:19,0.015624970197536003
2019-04-04 11:47:20,0.007812485098768002
2019-04-04 11:47:21,0.003906242549384001
2019-04-04 11:47:22,0.0019531212746920004
2019-04-04 11:47:23,0.0009765606373460002
2019-04-04 11:47:24,0.0004882803186730001
2019-04-04 11:47:25,0.00024414015933650005
2019-04-04 11:47:26,-3.4998779299203315
2019-04-04 11:47:27,-1.7499389649601658
2019-04-04 11:47:28,-0.8749694824800829
2019-04-04 11:47:29,-0.43748474124004144
2019-04-04 11:47:30,-0.21874237062002072
2019-04-04 11:47:31,-0.10937118531001036
2019-04-04 11:47:32,-0.05468559265500518
2019-04-04 11:47:33,-0.02734279632750259
2019-04-04 11:47:34,-0.013671398163751295
2019-04-04 11:47:35,-0.0068356990818756475
2019-04-04 11:47:36,-0.0034178495409378238
2019-04-04 11:47:37,0.4982910752295311
2019-04-04 11:47:38,0.24914553761476554
2019-04-04 11:47:39,0.12457276880738277
2019-04-04 11:47:40,0.062286384403691386
2019-04-04 11:47:41,0.031143192201845693
2019-04-04 11:47:42,0.015571596100922847
2019-04-04 11:47:43,0.007785798050461423
2019-04-04 11:47:44,1.0038928990252307
2019-04-04 11:47:45,0.5019464495126154
2019-04-04 11:47:46,0.2509732247563077
2019-04-04 11:47:47,0.12548661237815384
2019-04-04 11:47:48,0.06274330618907692
2019-04-04 11:47:49,0.03137165309453846
2019-04-04 11:47:50,0.01568582654726923
2019-04-04 11:47:51,0.007842913273634615
2019-04-04 11:47:52,0.0039214566368173075
2019-04-04 11:47:53,0.0019607283184086537
2019-04-04 11:47:54,0.0009803641592043269
2019-04-04 11:47:55,0.0004901820796021634
2019-04-04 11:47:56,0.0002450910398010817
2019-04-04 11:47:57,0.00012254551990054086
2019-04-04 11:47:58,0.5000612727599503
2019-04-04 11:47:59,0.25003063637997514
2019-04-04 11:48:00,0.12501531818998757
2019-04-04 11:48:01,0.06250765909499378
2019-04-04 11:48:02,0.03125382954749689
2019-04-04 11:48:03,0.015626914773748446
2019-04-04 11:48:04,0.007813457386874223
2019-04-04 11:48:05,0.0039067286934371115
2019-04-04 11:48:06,0.0019533643467185557
2019-04-04 11:48:07,0.0009766821733592779
2019-04-04 11:48:08,0.0004883410866796389
2019-04-04 11:48:09,0.00024417054333981947
2019-04-04 11:48:10,0.00012208527166990973
2019-04-04 11:48:11,6.104263583495487e-05
2019-04-04 11:48:12,3.0521317917477434e-05
2019-04-04 11:48:13,1.5260658958738717e-05
2019-04-04 11:48:14,7.630329479369358e-06
2019-04-04 11:48:15,-0.4999961848352603
2019-04-04 11:48:16,-0.24999809241763016
2019-04-04 11:48:17,-0.6249990462088151
2019-04-04 11:48:18,-0.31249952310440754
2019-04-04 11:48:19,-0.15624976155220377
2019-04-04 11:48:20,-0.07812488077610188
2019-04-04 11:48:21,-0.539062440388051
2019-04-04 11:48:22,-0.2695312201940255
2019-04-04 11:48:23,-0.13476561009701274
2019-04-04 11:48:24,-0.06738280504850637
2019-04-04 11:48:25,-0.033691402524253185
2019-04-04 11:48:26,-0.016845701262126592
2019-04-04 11:48:27,-0.008422850631063296
2019-04-04 11:48:28,-0.004211425315531648
2019-04-04 11:48:29,-0.002105712657765824
2019-04-04 11:48:30,-0.001052856328882912
2019-04-04 11:48:31,-0.000526428164441456
2019-04-04 11:48:32,-0.000263214082220728
2019-04-04 11:48:33,-0.000131607041110364
2019-04-04 11:48:34,-6.5803520555182e-05
2019-04-04 11:48:35,-3.2901760277591e-05
2019-04-04 11:48:36,-1.64508801387955e-05
2019-04-04 11:48:37,-8.22544006939775e-06
2019-04-04 11:48:38,-4.112720034698875e-06
2019-04-04 11:48:39,-2.0563600173494375e-06
2019-04-04 11:48:40,-1.0281800086747188e-06
2019-04-04 11:48:41,-5.140900043373594e-07
2019-04-04 11:48:42,-2.570450021686797e-07
2019-04-04 11:48:43,-1.2852250108433985e-07
2019-04-04 11:48:44,-6.426125054216992e-08
2019-04-04 11:48:45,-3.213062527108496e-08
2019-04-04 11:48:46,-1.606531263554248e-08
2019-04-04 11:48:47,-8.03265631777124e-09
2019-04-04 11:48:48,-4.01632815888562e-09
2019-04-04 11:48:49,-2.00816407944281e-09
2019-04-04 11:48:50,-1.004082039721405e-09
2019-04-04 11:48:51,-5.020410198607025e-10
2019-04-04 11:48:52,-2.5102050993035126e-10
2019-04-04 11:48:53,-1.2551025496517563e-10
2019-04-04 11:48:54,-6.275512748258782e-11
2019-04-04 11:48:55,-3.137756374129391e-11
2019-04-04 11:48:56,-1.5688781870646954e-11
2019-04-04 11:48:57,-7.844390935323477e-12
2019-04-04 11:48:58,-3.9221954676617385e-12
2019-04-04 11:48:59,-1.9610977338308692e-12
2019-04-04 11:49:00,-9.805488669154346e-13
2019-04-04 11:49:01,-4.902744334577173e-13
2019-04-04 11:49:02,-2.4513721672885866e-13
2019-04-04 11:49:03,-1.2256860836442933e-13
2019-04-04 11:49:04,-6.128430418221466e-14
2019-04-04 11:49:05,-3.064215209110733e-14
2019-04-04 11:49:06,-1.5321076045553666e-14
2019-04-04 11:49:07,-3.5000000000000075
2019-04-04 11:49:08,-1.7500000000000038
2019-04-04 11:49:09,-0.8750000000000019
2019-04-04 11:49:10,-0.43750000000000094
2019-04-04 11:49:11,-0.21875000000000047
2019-04-04 11:49:12,-0.10937500000000024
2019-04-04 11:49:13,2.9453125
2019-04-04 11:49:14,1.47265625
2019-04-04 11:49:15,0.736328125
2019-04-04 11:49:16,0.3681640625
2019-04-04 11:49:17,-2.31591796875
2019-04-04 11:49:18,-1.157958984375
2019-04-04 11:49:19,-1.5789794921875
2019-04-04 11:49:20,-0.28948974609375
2019-04-04 11:49:21,-0.144744873046875
2019-04-04 11:49:22,-0.0723724365234375
2019-04-04 11:49:23,-0.03618621826171875
2019-04-04 11:49:24,-13.01809310913086
2019-04-04 11:49:25,-6.50904655456543
2019-04-04 11:49:26,-19.254523277282715
2019-04-04 11:49:27,-9.627261638641357
2019-04-04 11:49:28,-4.813630819320679
2019-04-04 11:49:29,-2.4068154096603394
2019-04-04 11:49:30,-1.2034077048301697
2019-04-04 11:49:31,-0.6017038524150848
2019-04-04 11:49:32,-2.8008519262075424
2019-04-04 11:49:33,-1.4004259631037712
2019-04-04 11:49:34,-0.7002129815518856
2019-04-04 11:49:35,-1.8501064907759428
2019-04-04 11:49:36,-0.9250532453879714
2019-04-04 11:49:37,-0.4625266226939857
2019-04-04 11:49:38,-0.23126331134699285
2019-04-04 11:49:39,-0.11563165567349643
2019-04-04 11:49:40,-0.05781582783674821
2019-04-04 11:49:41,2.471092086081626
2019-04-04 11:49:42,1.235546043040813
2019-04-04 11:49:43,0.11777302152040647
2019-04-04 11:49:44,0.05888651076020324
2019-04-04 11:49:45,1.5294432553801016
2019-04-04 11:49:46,0.7647216276900508
2019-04-04 11:49:47,0.3823608138450254
2019-04-04 11:49:48,0.1911804069225127
2019-04-04 11:49:49,0.09559020346125635
2019-04-04 11:49:50,0.047795101730628176
2019-04-04 11:49:51,0.023897550865314088
2019-04-04 11:49:52,0.011948775432657044
2019-04-04 11:49:53,0.005974387716328522
2019-04-04 11:49:54,0.002987193858164261
2019-04-04 11:49:55,1.0014935969290821
2019-04-04 11:49:56,0.5007467984645411
2019-04-04 11:49:57,0.25037339923227053
2019-04-04 11:49:58,0.12518669961613527
2019-04-04 11:49:59,0.06259334980806763
2019-04-04 11:50:00,0.03129667490403382
2019-04-04 11:50:01,0.01564833745201691
2019-04-04 11:50:02,0.007824168726008454
2019-04-04 11:50:03,0.003912084363004227
2019-04-04 11:50:04,0.0019560421815021135
2019-04-04 11:50:05,0.0009780210907510568
2019-04-04 11:50:06,0.0004890105453755284
2019-04-04 11:50:07,0.0002445052726877642
2019-04-04 11:50:08,0.0001222526363438821
2019-04-04 11:50:09,6.112631817194105e-05
2019-04-04 11:50:10,3.0563159085970524e-05
2019-04-04 11:50:11,1.5281579542985262e-05
2019-04-04 11:50:12,7.640789771492631e-06
2019-04-04 11:50:13,3.8203948857463155e-06
2019-04-04 11:50:14,1.9101974428731578e-06
2019-04-04 11:50:15,9.550987214365789e-07
2019-04-04 11:50:16,-2.9999995224506395
2019-04-04 11:50:17,-0.49999976122531975
2019-04-04 11:50:18,-0.24999988061265987
2019-04-04 11:50:19,-0.12499994030632994
2019-04-04 11:50:20,1.437500029846835
2019-04-04 11:50:21,0.7187500149234175
2019-04-04 11:50:22,0.35937500746170875
2019-04-04 11:50:23,0.17968750373085438
2019-04-04 11:50:24,0.08984375186542719
2019-04-04 11:50:25,0.044921875932713594
2019-04-04 11:50:26,0.022460937966356797
2019-04-04 11:50:27,0.011230468983178398
2019-04-04 11:50:28,0.005615234491589199
2019-04-04 11:50:29,0.0028076172457945996
2019-04-04 11:50:30,0.0014038086228972998
2019-04-04 11:50:31,0.0007019043114486499
2019-04-04 11:50:32,0.00035095215572432495
2019-04-04 11:50:33,0.00017547607786216248
2019-04-04 11:50:34,8.773803893108124e-05
2019-04-04 11:50:35,4.386901946554062e-05
2019-04-04 11:50:36,2.193450973277031e-05
2019-04-04 11:50:37,1.0967254866385155e-05
2019-04-04 11:50:38,5.483627433192577e-06
2019-04-04 11:50:39,2.7418137165962887e-06
2019-04-04 11:50:40,-2.4999986290931417
2019-04-04 11:50:41,-1.2499993145465709
2019-04-04 11:50:42,-0.6249996572732854
2019-04-04 11:50:43,-0.3124998286366427
2019-04-04 11:50:44,-0.15624991431832136
2019-04-04 11:50:45,-0.07812495715916068
2019-04-04 11:50:46,-0.03906247857958034
2019-04-04 11:50:47,-0.01953123928979017
2019-04-04 11:50:48,-0.009765619644895085
2019-04-04 11:50:49,-0.0048828098224475425
2019-04-04 11:50:50,-0.0024414049112237712
2019-04-04 11:50:51,-0.0012207024556118856
2019-04-04 11:50:52,-0.500610351227806
2019-04-04 11:50:53,-0.250305175613903
2019-04-04 11:50:54,0.3748474121930485
2019-04-04 11:50:55,0.18742370609652426
2019-04-04 11:50:56,0.09371185304826213
2019-04-04 11:50:57,0.046855926524131064
2019-04-04 11:50:58,0.023427963262065532
2019-04-04 11:50:59,0.011713981631032766
2019-04-04 11:51:00,0.005856990815516383
2019-04-04 11:51:01,0.0029284954077581915
2019-04-04 11:51:02,0.0014642477038790958
2019-04-04 11:51:03,0.0007321238519395479
2019-04-04 11:51:04,0.00036606192596977394
2019-04-04 11:51:05,0.00018303096298488697
2019-04-04 11:51:06,9.151548149244348e-05
2019-04-04 11:51:07,4.575774074622174e-05
2019-04-04 11:51:08,2.287887037311087e-05
2019-04-04 11:51:09,1.1439435186555436e-05
2019-04-04 11:51:10,5.719717593277718e-06
2019-04-04 11:51:11,2.859858796638859e-06
2019-04-04 11:51:12,1.4299293983194294e-06
2019-04-04 11:51:13,7.149646991597147e-07
2019-04-04 11:51:14,3.5748234957985736e-07
2019-04-04 11:51:15,1.7874117478992868e-07
2019-04-04 11:51:16,8.937058739496434e-08
2019-04-04 11:51:17,0.5000000446852937
2019-04-04 11:51:18,0.25000002234264684
2019-04-04 11:51:19,0.12500001117132342
2019-04-04 11:51:20,0.06250000558566171
2019-04-04 11:51:21,0.031250002792830855
2019-04-04 11:51:22,0.015625001396415428
2019-04-04 11:51:23,0.007812500698207714
2019-04-04 11:51:24,0.003906250349103857
2019-04-04 11:51:25,0.0019531251745519285
2019-04-04 11:51:26,0.0009765625872759642
2019-04-04 11:51:27,0.0004882812936379821
2019-04-04 11:51:28,0.00024414064681899106
2019-04-04 11:51:29,-0.4998779296765905
2019-04-04 11:51:30,-0.24993896483829525
2019-04-04 11:51:31,-0.12496948241914763
2019-04-04 11:51:32,-0.06248474120957381
2019-04-04 11:51:33,-0.031242370604786907
2019-04-04 11:51:34,-0.015621185302393453
2019-04-04 11:51:35,-0.007810592651196727
2019-04-04 11:51:36,-0.0039052963255983633
2019-04-04 11:51:37,-0.0019526481627991817
2019-04-04 11:51:38,-0.0009763240813995908
2019-04-04 11:51:39,-0.0004881620406997954
2019-04-04 11:51:40,-0.0002440810203498977
2019-04-04 11:51:41,-0.00012204051017494885
2019-04-04 11:51:42,-6.102025508747443e-05
2019-04-04 11:51:43,-3.0510127543737213e-05
2019-04-04 11:51:44,-1.5255063771868607e-05
2019-04-04 11:51:45,-7.627531885934303e-06
2019-04-04 11:51:46,-3.8137659429671517e-06
2019-04-04 11:51:47,-1.9068829714835758e-06
2019-04-04 11:51:48,-9.534414857417879e-07
2019-04-04 11:51:49,-4.7672074287089396e-07
2019-04-04 11:51:50,-2.3836037143544698e-07
2019-04-04 11:51:51,-1.1918018571772349e-07
2019-04-04 11:51:52,-5.9590092858861745e-08
2019-04-04 11:51:53,-2.9795046429430872e-08
2019-04-04 11:51:54,-1.4897523214715436e-08
2019-04-04 11:51:55,0.4999999925512384
2019-04-04 11:51:56,0.2499999962756192
2019-04-04 11:51:57,0.1249999981378096
2019-04-04 11:51:58,0.0624999990689048
2019-04-04 11:51:59,0.0312499995344524
2019-04-04 11:52:00,0.0156249997672262
2019-04-04 11:52:01,0.0078124998836131
2019-04-04 11:52:02,0.00390624994180655
2019-04-04 11:52:03,0.001953124970903275
2019-04-04 11:52:04,0.0009765624854516375
2019-04-04 11:52:05,0.00048828124272581874
2019-04-04 11:52:06,0.00024414062136290937
2019-04-04 11:52:07,0.00012207031068145469
2019-04-04 11:52:08,6.103515534072734e-05
2019-04-04 11:52:09,3.051757767036367e-05
2019-04-04 11:52:10,1.5258788835181836e-05
2019-04-04 11:52:11,-0.9999923706055824
2019-04-04 11:52:12,3.000003814697209
2019-04-04 11:52:13,1.5000019073486044
2019-04-04 11:52:14,0.7500009536743022
2019-04-04 11:52:15,0.3750004768371511
2019-04-04 11:52:16,-0.31249976158142445
2019-04-04 11:52:17,-0.15624988079071223
2019-04-04 11:52:18,-0.07812494039535611
2019-04-04 11:52:19,-0.039062470197678056
2019-04-04 11:52:20,-0.019531235098839028
2019-04-04 11:52:21,3.9902343824505806
2019-04-04 11:52:22,1.9951171912252903
2019-04-04 11:52:23,0.9975585956126451
2019-04-04 11:52:24,0.4987792978063226
2019-04-04 11:52:25,0.2493896489031613
2019-04-04 11:52:26,0.12469482445158064
2019-04-04 11:52:27,-3.4376525877742097
2019-04-04 11:52:28,-1.7188262938871048
2019-04-04 11:52:29,-0.8594131469435524
2019-04-04 11:52:30,-0.4297065734717762
2019-04-04 11:52:31,0.2851467132641119
2019-04-04 11:52:32,0.14257335663205595
2019-04-04 11:52:33,0.07128667831602797
2019-04-04 11:52:34,-1.964356660841986
2019-04-04 11:52:35,-0.982178330420993
2019-04-04 11:52:36,-0.4910891652104965
2019-04-04 11:52:37,-0.24554458260524825
2019-04-04 11:52:38,-0.12277229130262413
2019-04-04 11:52:39,-0.06138614565131206
2019-04-04 11:52:40,-0.03069307282565603
2019-04-04 11:52:41,-0.015346536412828016
2019-04-04 11:52:42,-0.007673268206414008
2019-04-04 11:52:43,-0.003836634103207004
2019-04-04 11:52:44,2.4980816829483965
2019-04-04 11:52:45,1.2490408414741982
2019-04-04 11:52:46,0.6245204207370991
2019-04-04 11:52:47,1.3122602103685495
2019-04-04 11:52:48,0.6561301051842747
2019-04-04 11:52:49,0.32806505259213736
2019-04-04 11:52:50,0.16403252629606868
2019-04-04 11:52:51,0.08201626314803434
2019-04-04 11:52:52,0.04100813157401717
2019-04-04 11:52:53,0.020504065787008585
2019-04-04 11:52:54,0.010252032893504293
2019-04-04 11:52:55,0.005126016446752146
2019-04-04 11:52:56,0.002563008223376073
2019-04-04 11:52:57,0.0012815041116880366
2019-04-04 11:52:58,0.0006407520558440183
2019-04-04 11:52:59,0.00032037602792200914
2019-04-04 11:53:00,0.00016018801396100457
2019-04-04 11:53:01,8.009400698050229e-05
2019-04-04 11:53:02,4.004700349025114e-05
2019-04-04 11:53:03,2.002350174512557e-05
2019-04-04 11:53:04,0.5000100117508726
2019-04-04 11:53:05,0.2500050058754363
2019-04-04 11:53:06,0.12500250293771814
2019-04-04 11:53:07,0.06250125146885907
2019-04-04 11:53:08,0.031250625734429535
2019-04-04 11:53:09,0.015625312867214768
2019-04-04 11:53:10,0.007812656433607384
2019-04-04 11:53:11,0.003906328216803692
2019-04-04 11:53:12,3.001953164108402
2019-04-04 11:53:13,1.500976582054201
2019-04-04 11:53:14,0.7504882910271005
2019-04-04 11:53:15,0.37524414551355023
2019-04-04 11:53:16,-0.3123779272432249
2019-04-04 11:53:17,-0.15618896362161244
2019-04-04 11:53:18,-0.07809448181080622
2019-04-04 11:53:19,-0.03904724090540311
2019-04-04 11:53:20,-0.019523620452701555
2019-04-04 11:53:21,-0.009761810226350778
2019-04-04 11:53:22,-0.004880905113175389
2019-04-04 11:53:23,-0.0024404525565876944
2019-04-04 11:53:24,-0.0012202262782938472
2019-04-04 11:53:25,-0.0006101131391469236
2019-04-04 11:53:26,-0.0003050565695734618
2019-04-04 11:53:27,-0.0001525282847867309
2019-04-04 11:53:28,-7.626414239336545e-05
2019-04-04 11:53:29,-3.8132071196682725e-05
2019-04-04 11:53:30,1.9999809339644017
2019-04-04 11:53:31,0.9999904669822008
2019-04-04 11:53:32,0.4999952334911004
2019-04-04 11:53:33,0.2499976167455502
2019-04-04 11:53:34,0.1249988083727751
2019-04-04 11:53:35,0.06249940418638755
2019-04-04 11:53:36,-0.9687502979068062
2019-04-04 11:53:37,-0.4843751489534031
2019-04-04 11:53:38,-0.24218757447670156
2019-04-04 11:53:39,-0.12109378723835078
2019-04-04 11:53:40,-0.06054689361917539
2019-04-04 11:53:41,-0.030273446809587694
2019-04-04 11:53:42,-0.015136723404793847
2019-04-04 11:53:43,-0.007568361702396924
2019-04-04 11:53:44,-0.003784180851198462
2019-04-04 11:53:45,-1.0018920904255992
2019-04-04 11:53:46,-0.5009460452127996
2019-04-04 11:53:47,-0.2504730226063998
2019-04-04 11:53:48,-0.1252365113031999
2019-04-04 11:53:49,-0.06261825565159995
2019-04-04 11:53:50,-0.031309127825799976
2019-04-04 11:53:51,-0.5156545639129
2019-04-04 11:53:52,-0.25782728195645
2019-04-04 11:53:53,-0.128913640978225
2019-04-04 11:53:54,-0.0644568204891125
2019-04-04 11:53:55,-0.03222841024455625
2019-04-04 11:53:56,-0.016114205122278125
2019-04-04 11:53:57,-0.008057102561139062
2019-04-04 11:53:58,-0.004028551280569531
2019-04-04 11:53:59,-0.0020142756402847656
2019-04-04 11:54:00,-0.0010071378201423828
2019-04-04 11:54:01,-0.0005035689100711914
2019-04-04 11:54:02,-0.0002517844550355957
2019-04-04 11:54:03,-0.00012589222751779785
2019-04-04 11:54:04,-6.294611375889892e-05
2019-04-04 11:54:05,-3.147305687944946e-05
2019-04-04 11:54:06,-1.573652843972473e-05
2019-04-04 11:54:07,-7.868264219862366e-06
2019-04-04 11:54:08,-3.934132109931183e-06
2019-04-04 11:54:09,-1.9670660549655914e-06
2019-04-04 11:54:10,-9.835330274827957e-07
2019-04-04 11:54:11,-4.917665137413978e-07
2019-04-04 11:54:12,-2.458832568706989e-07
2019-04-04 11:54:13,-1.2294162843534946e-07
2019-04-04 11:54:14,-6.147081421767473e-08
2019-04-04 11:54:15,-3.0735407108837365e-08
2019-04-04 11:54:16,-1.5367703554418683e-08
2019-04-04 11:54:17,-7.683851777209341e-09
2019-04-04 11:54:18,-3.841925888604671e-09
2019-04-04 11:54:19,-1.9209629443023353e-09
2019-04-04 11:54:20,-9.604814721511677e-10
2019-04-04 11:54:21,-4.802407360755838e-10
2019-04-04 11:54:22,-2.401203680377919e-10
2019-04-04 11:54:23,-1.2006018401889596e-10
2019-04-04 11:54:24,-6.003009200944798e-11
2019-04-04 11:54:25,-3.001504600472399e-11
2019-04-04 11:54:26,-1.5007523002361995e-11
2019-04-04 11:54:27,-7.503761501180997e-12
2019-04-04 11:54:28,-3.751880750590499e-12
2019-04-04 11:54:29,-1.8759403752952494e-12
2019-04-04 11:54:30,-9.379701876476247e-13
2019-04-04 11:54:31,-4.689850938238123e-13
2019-04-04 11:54:32,-2.3449254691190617e-13
2019-04-04 11:54:33,-1.1724627345595308e-13
2019-04-04 11:54:34,-5.862313672797654e-14
2019-04-04 11:54:35,-2.931156836398827e-14
2019-04-04 11:54:36,-1.4655784181994136e-14
2019-04-04 11:54:37,-7.327892090997068e-15
2019-04-04 11:54:38,-3.663946045498534e-15
2019-04-04 11:54:39,-1.0000000000000018
2019-04-04 11:54:40,-0.5000000000000009
2019-04-04 11:54:41,-0.25000000000000044
2019-04-04 11:54:42,-0.12500000000000022
2019-04-04 11:54:43,-0.06250000000000011
2019-04-04 11:54:44,-0.031250000000000056
2019-04-04 11:54:45,-0.015625000000000028
2019-04-04 11:54:46,-0.007812500000000014
2019-04-04 11:54:47,-0.003906250000000007
2019-04-04 11:54:48,-0.0019531250000000035
2019-04-04 11:54:49,-0.0009765625000000017
2019-04-04 11:54:50,-0.0004882812500000009
2019-04-04 11:54:51,-0.00024414062500000043
2019-04-04 11:54:52,-0.00012207031250000022
2019-04-04 11:54:53,-6.103515625000011e-05
2019-04-04 11:54:54,-3.0517578125000054e-05
2019-04-04 11:54:55,-1.5258789062500027e-05
2019-04-04 11:54:56,-7.629394531250014e-06
2019-04-04 11:54:57,-3.814697265625007e-06
2019-04-04 11:54:58,-1.9073486328125034e-06
2019-04-04 11:54:59,-9.536743164062517e-07
2019-04-04 11:55:00,-4.768371582031258e-07
2019-04-04 11:55:01,2.499999761581421
2019-04-04 11:55:02,3.2499998807907104
2019-04-04 11:55:03,1.6249999403953552
2019-04-04 11:55:04,0.8124999701976776
2019-04-04 11:55:05,0.4062499850988388
2019-04-04 11:55:06,0.2031249925494194
2019-04-04 11:55:07,0.1015624962747097
2019-04-04 11:55:08,0.05078124813735485
2019-04-04 11:55:09,0.025390624068677425
2019-04-04 11:55:10,0.012695312034338713
2019-04-04 11:55:11,0.006347656017169356
2019-04-04 11:55:12,0.003173828008584678
2019-04-04 11:55:13,0.001586914004292339
2019-04-04 11:55:14,0.0007934570021461695
2019-04-04 11:55:15,0.00039672850107308477
2019-04-04 11:55:16,0.00019836425053654239
2019-04-04 11:55:17,0.5000991821252683
2019-04-04 11:55:18,0.25004959106263414
2019-04-04 11:55:19,0.12502479553131707
2019-04-04 11:55:20,0.06251239776565853
2019-04-04 11:55:21,0.03125619888282927
2019-04-04 11:55:22,0.015628099441414633
2019-04-04 11:55:23,0.007814049720707317
2019-04-04 11:55:24,0.003907024860353658
2019-04-04 11:55:25,0.001953512430176829
2019-04-04 11:55:26,0.0009767562150884146
2019-04-04 11:55:27,0.0004883781075442073
2019-04-04 11:55:28,0.00024418905377210365
2019-04-04 11:55:29,0.00012209452688605182
2019-04-04 11:55:30,6.104726344302591e-05
2019-04-04 11:55:31,3.0523631721512956e-05
2019-04-04 11:55:32,1.5261815860756478e-05
2019-04-04 11:55:33,7.630907930378239e-06
2019-04-04 11:55:34,3.8154539651891195e-06
2019-04-04 11:55:35,1.9077269825945598e-06
2019-04-04 11:55:36,9.538634912972799e-07
2019-04-04 11:55:37,4.769317456486399e-07
2019-04-04 11:55:38,2.3846587282431997e-07
2019-04-04 11:55:39,1.1923293641215998e-07
2019-04-04 11:55:40,5.961646820607999e-08
2019-04-04 11:55:41,2.9808234103039996e-08
2019-04-04 11:55:42,1.4904117051519998e-08
2019-04-04 11:55:43,7.452058525759999e-09
2019-04-04 11:55:44,3.7260292628799995e-09
2019-04-04 11:55:45,1.8630146314399998e-09
2019-04-04 11:55:46,9.315073157199999e-10
2019-04-04 11:55:47,4.657536578599999e-10
2019-04-04 11:55:48,2.3287682892999997e-10
2019-04-04 11:55:49,1.1643841446499998e-10
2019-04-04 11:55:50,5.821920723249999e-11
2019-04-04 11:55:51,2.9109603616249996e-11
2019-04-04 11:55:52,1.4554801808124998e-11
2019-04-04 11:55:53,7.277400904062499e-12
2019-04-04 11:55:54,3.6387004520312495e-12
2019-04-04 11:55:55,-0.4999999999981807
2019-04-04 11:55:56,-1.2499999999990903
2019-04-04 11:55:57,-0.6249999999995451
2019-04-04 11:55:58,-2.8124999999997726
2019-04-04 11:55:59,-0.9062499999998863
2019-04-04 11:56:00,-0.45312499999994316
2019-04-04 11:56:01,-0.22656249999997158
2019-04-04 11:56:02,-0.11328124999998579
2019-04-04 11:56:03,-0.056640624999992895
2019-04-04 11:56:04,-0.028320312499996447
2019-04-04 11:56:05,-0.014160156249998224
2019-04-04 11:56:06,-1.5070800781249991
2019-04-04 11:56:07,-1.2535400390624996
2019-04-04 11:56:08,-0.6267700195312498
2019-04-04 11:56:09,-0.3133850097656249
2019-04-04 11:56:10,-0.15669250488281244
2019-04-04 11:56:11,-0.07834625244140622
2019-04-04 11:56:12,-0.03917312622070311
2019-04-04 11:56:13,-0.019586563110351556
2019-04-04 11:56:14,-0.009793281555175778
2019-04-04 11:56:15,-0.004896640777587889
2019-04-04 11:56:16,-2.002448320388794
2019-04-04 11:56:17,-1.001224160194397
2019-04-04 11:56:18,1.4993879199028015
2019-04-04 11:56:19,0.7496939599514008
2019-04-04 11:56:20,0.3748469799757004
2019-04-04 11:56:21,0.1874234899878502
2019-04-04 11:56:22,0.0937117449939251
2019-04-04 11:56:23,0.04685587249696255
2019-04-04 11:56:24,-0.9765720637515187
2019-04-04 11:56:25,-0.48828603187575936
2019-04-04 11:56:26,-0.24414301593787968
2019-04-04 11:56:27,0.37792849203106016
2019-04-04 11:56:28,0.18896424601553008
2019-04-04 11:56:29,0.09448212300776504
2019-04-04 11:56:30,0.04724106150388252
2019-04-04 11:56:31,0.02362053075194126
2019-04-04 11:56:32,0.5118102653759706
2019-04-04 11:56:33,0.2559051326879853
2019-04-04 11:56:34,3.1279525663439927
2019-04-04 11:56:35,1.5639762831719963
2019-04-04 11:56:36,2.781988141585998
2019-04-04 11:56:37,1.390994070792999
2019-04-04 11:56:38,0.6954970353964995
2019-04-04 11:56:39,0.34774851769824977
2019-04-04 11:56:40,0.17387425884912489
2019-04-04 11:56:41,0.08693712942456244
2019-04-04 11:56:42,-1.9565314352877188
2019-04-04 11:56:43,-0.9782657176438594
2019-04-04 11:56:44,-0.4891328588219297
2019-04-04 11:56:45,-0.24456642941096485
2019-04-04 11:56:46,-0.12228321470548242
2019-04-04 11:56:47,-0.06114160735274121
2019-04-04 11:56:48,-0.030570803676370606
2019-04-04 11:56:49,-0.015285401838185303
2019-04-04 11:56:50,-0.0076427009190926515
2019-04-04 11:56:51,-0.0038213504595463257
2019-04-04 11:56:52,-0.0019106752297731629
2019-04-04 11:56:53,-0.0009553376148865814
2019-04-04 11:56:54,-0.0004776688074432907
2019-04-04 11:56:55,-0.00023883440372164536
2019-04-04 11:56:56,-0.00011941720186082268
2019-04-04 11:56:57,-5.970860093041134e-05
2019-04-04 11:56:58,-2.985430046520567e-05
2019-04-04 11:56:59,-1.4927150232602835e-05
2019-04-04 11:57:00,-7.4635751163014175e-06
2019-04-04 11:57:01,-3.7317875581507087e-06
2019-04-04 11:57:02,-1.8658937790753544e-06
2019-04-04 11:57:03,-9.329468895376772e-07
2019-04-04 11:57:04,-4.664734447688386e-07
2019-04-04 11:57:05,-2.332367223844193e-07
2019-04-04 11:57:06,-1.1661836119220965e-07
2019-04-04 11:57:07,-5.8309180596104824e-08
2019-04-04 11:57:08,-2.9154590298052412e-08
2019-04-04 11:57:09,-1.4577295149026206e-08
2019-04-04 11:57:10,-7.288647574513103e-09
2019-04-04 11:57:11,-3.6443237872565515e-09
2019-04-04 11:57:12,-1.8221618936282757e-09
2019-04-04 11:57:13,-9.110809468141379e-10
2019-04-04 11:57:14,-4.5554047340706894e-10
2019-04-04 11:57:15,-2.2777023670353447e-10
2019-04-04 11:57:16,-1.1388511835176723e-10
2019-04-04 11:57:17,-5.694255917588362e-11
2019-04-04 11:57:18,-2.847127958794181e-11
2019-04-04 11:57:19,-1.4235639793970904e-11
2019-04-04 11:57:20,-7.117819896985452e-12
2019-04-04 11:57:21,-3.558909948492726e-12
2019-04-04 11:57:22,-1.779454974246363e-12
2019-04-04 11:57:23,-8.897274871231815e-13
2019-04-04 11:57:24,-4.4486374356159076e-13
2019-04-04 11:57:25,-2.2243187178079538e-13
2019-04-04 11:57:26,-1.1121593589039769e-13
2019-04-04 11:57:27,-5.5607967945198845e-14
2019-04-04 11:57:28,-2.7803983972599422e-14
2019-04-04 11:57:29,-1.3901991986299711e-14
2019-04-04 11:57:30,-6.9509959931498556e-15
2019-04-04 11:57:31,-3.4754979965749278e-15
2019-04-04 11:57:32,-1.7377489982874639e-15
2019-04-04 11:57:33,-8.6887449914373195e-16
2019-04-04 11:57:34,0.49999999999999956
2019-04-04 11:57:35,0.24999999999999978
2019-04-04 11:57:36,0.12499999999999989
2019-04-04 11:57:37,0.062499999999999944
2019-04-04 11:57:38,0.031249999999999972
2019-04-04 11:57:39,0.015624999999999986
2019-04-04 11:57:40,0.007812499999999993
2019-04-04 11:57:41,0.0039062499999999965
2019-04-04 11:57:42,-2.998046875
2019-04-04 11:57:43,-1.4990234375
2019-04-04 11:57:44,-0.74951171875
2019-04-04 11:57:45,-0.374755859375
2019-04-04 11:57:46,-0.1873779296875
2019-04-04 11:57:47,-0.09368896484375
2019-04-04 11:57:48,-0.046844482421875
2019-04-04 11:57:49,-0.0234222412109375
2019-04-04 11:57:50,-0.01171112060546875
2019-04-04 11:57:51,-0.005855560302734375
2019-04-04 11:57:52,-0.0029277801513671875
2019-04-04 11:57:53,-0.0014638900756835938
2019-04-04 11:57:54,-0.0007319450378417969
2019-04-04 11:57:55,-0.00036597251892089844
2019-04-04 11:57:56,-0.00018298625946044922
2019-04-04 11:57:57,-9.149312973022461e-05
2019-04-04 11:57:58,-0.5000457465648651
2019-04-04 11:57:59,-0.25002287328243256
2019-04-04 11:58:00,-0.12501143664121628
2019-04-04 11:58:01,-0.06250571832060814
2019-04-04 11:58:02,-0.5312528591603041
2019-04-04 11:58:03,-0.26562642958015203
2019-04-04 11:58:04,-0.13281321479007602
2019-04-04 11:58:05,-0.06640660739503801
2019-04-04 11:58:06,-0.033203303697519004
2019-04-04 11:58:07,-0.016601651848759502
2019-04-04 11:58:08,-0.008300825924379751
2019-04-04 11:58:09,-0.0041504129621898755
2019-04-04 11:58:10,-0.0020752064810949378
2019-04-04 11:58:11,-0.0010376032405474689
2019-04-04 11:58:12,-0.0005188016202737344
2019-04-04 11:58:13,-0.0002594008101368672
2019-04-04 11:58:14,0.49987029959493157
2019-04-04 11:58:15,0.24993514979746578
2019-04-04 11:58:16,0.12496757489873289
2019-04-04 11:58:17,0.062483787449366446
2019-04-04 11:58:18,0.031241893724683223
2019-04-04 11:58:19,0.015620946862341611
2019-04-04 11:58:20,0.5078104734311708
2019-04-04 11:58:21,0.2539052367155854
2019-04-04 11:58:22,0.1269526183577927
2019-04-04 11:58:23,0.06347630917889635
2019-04-04 11:58:24,0.031738154589448175
2019-04-04 11:58:25,0.015869077294724088
2019-04-04 11:58:26,0.007934538647362044
2019-04-04 11:58:27,0.003967269323681022
2019-04-04 11:58:28,0.001983634661840511
2019-04-04 11:58:29,0.0009918173309202555
2019-04-04 11:58:30,0.0004959086654601277
2019-04-04 11:58:31,-0.9997520456672699
2019-04-04 11:58:32,-0.49987602283363497
2019-04-04 11:58:33,-0.24993801141681748
2019-04-04 11:58:34,-0.6249690057084087
2019-04-04 11:58:35,-0.31248450285420437
2019-04-04 11:58:36,-0.15624225142710219
2019-04-04 11:58:37,-0.07812112571355109
2019-04-04 11:58:38,-0.039060562856775546
2019-04-04 11:58:39,-0.019530281428387773
2019-04-04 11:58:40,-0.009765140714193887
2019-04-04 11:58:41,-0.004882570357096943
2019-04-04 11:58:42,-0.0024412851785484717
2019-04-04 11:58:43,-0.0012206425892742358
2019-04-04 11:58:44,-0.0006103212946371179
2019-04-04 11:58:45,-0.00030516064731855896
2019-04-04 11:58:46,-0.00015258032365927948
2019-04-04 11:58:47,-7.629016182963974e-05
2019-04-04 11:58:48,-3.814508091481987e-05
2019-04-04 11:58:49,-1.9072540457409935e-05
2019-04-04 11:58:50,-9.536270228704967e-06
2019-04-04 11:58:51,-4.768135114352484e-06
2019-04-04 11:58:52,-2.384067557176242e-06
2019-04-04 11:58:53,-1.192033778588121e-06
2019-04-04 11:58:54,-5.960168892940605e-07
2019-04-04 11:58:55,-2.9800844464703023e-07
2019-04-04 11:58:56,-1.4900422232351512e-07
2019-04-04 11:58:57,-0.5000000745021111
2019-04-04 11:58:58,-0.2500000372510556
2019-04-04 11:58:59,-0.1250000186255278
2019-04-04 11:59:00,-0.0625000093127639
2019-04-04 11:59:01,-0.03125000465638195
2019-04-04 11:59:02,-0.015625002328190973
2019-04-04 11:59:03,-0.007812501164095487
2019-04-04 11:59:04,-0.003906250582047743
2019-04-04 11:59:05,-0.0019531252910238717
2019-04-04 11:59:06,-0.0009765626455119358
2019-04-04 11:59:07,-0.0004882813227559679
2019-04-04 11:59:08,-0.00024414066137798396
2019-04-04 11:59:09,-0.00012207033068899198
2019-04-04 11:59:10,-6.103516534449599e-05
2019-04-04 11:59:11,-3.0517582672247995e-05
2019-04-04 11:59:12,-1.5258791336123997e-05
2019-04-04 11:59:13,-7.629395668061999e-06
2019-04-04 11:59:14,-3.814697834030999e-06
2019-04-04 11:59:15,-1.9073489170154997e-06
2019-04-04 11:59:16,-9.536744585077498e-07
2019-04-04 11:59:17,-4.768372292538749e-07
2019-04-04 11:59:18,-2.3841861462693746e-07
2019-04-04 11:59:19,-1.1920930731346873e-07
2019-04-04 11:59:20,-5.960465365673436e-08
2019-04-04 11:59:21,-2.980232682836718e-08
2019-04-04 11:59:22,-1.490116341418359e-08
2019-04-04 11:59:23,-7.450581707091796e-09
2019-04-04 11:59:24,-1.0000000037252907
2019-04-04 11:59:25,-0.5000000018626454
2019-04-04 11:59:26,-0.2500000009313227
2019-04-04 11:59:27,-0.12500000046566134
2019-04-04 11:59:28,-0.06250000023283067
2019-04-04 11:59:29,-0.031250000116415336
2019-04-04 11:59:30,-0.015625000058207668
2019-04-04 11:59:31,-0.007812500029103834
2019-04-04 11:59:32,-0.003906250014551917
2019-04-04 11:59:33,-1.001953125007276
2019-04-04 11:59:34,-2.000976562503638
2019-04-04 11:59:35,-1.000488281251819
2019-04-04 11:59:36,-0.5002441406259095
2019-04-04 11:59:37,-0.25012207031295475
2019-04-04 11:59:38,-0.12506103515647737
2019-04-04 11:59:39,-0.06253051757823869
2019-04-04 11:59:40,-0.5312652587891193
2019-04-04 11:59:41,-0.26563262939455967
2019-04-04 11:59:42,-0.13281631469727984
2019-04-04 11:59:43,-0.06640815734863992
2019-04-04 11:59:44,2.46679592132568
2019-04-04 11:59:45,1.23339796066284
2019-04-04 11:59:46,1.11669898033142
2019-04-04 11:59:47,3.05834949016571
2019-04-04 11:59:48,1.529174745082855
2019-04-04 11:59:49,0.7645873725414275
2019-04-04 11:59:50,0.38229368627071375
2019-04-04 11:59:51,0.19114684313535688
2019-04-04 11:59:52,1.0955734215676785
2019-04-04 11:59:53,0.5477867107838392
2019-04-04 11:59:54,0.2738933553919196
2019-04-04 11:59:55,0.1369466776959598
2019-04-04 11:59:56,0.0684733388479799
2019-04-04 11:59:57,0.03423666942398995
2019-04-04 11:59:58,0.517118334711995
2019-04-04 11:59:59,0.2585591673559975
2019-04-04 12:00:00,0.12927958367799874
2019-04-04 12:00:01,0.06463979183899937
2019-04-04 12:00:02,0.032319895919499686
2019-04-04 12:00:03,0.016159947959749843
2019-04-04 12:00:04,-2.491920026020125
2019-04-04 12:00:05,-1.2459600130100625
2019-04-04 12:00:06,-0.6229800065050313
2019-04-04 12:00:07,-0.31149000325251563
2019-04-04 12:00:08,-0.15574500162625782
2019-04-04 12:00:09,-0.07787250081312891
2019-04-04 12:00:10,-0.038936250406564454
2019-04-04 12:00:11,-0.019468125203282227
2019-04-04 12:00:12,-0.009734062601641114
2019-04-04 12:00:13,-0.004867031300820557
2019-04-04 12:00:14,-0.0024335156504102784
2019-04-04 12:00:15,-0.0012167578252051392
2019-04-04 12:00:16,-0.0006083789126025696
2019-04-04 12:00:17,-1.0003041894563012
2019-04-04 12:00:18,-0.5001520947281506
2019-04-04 12:00:19,-0.2500760473640753
2019-04-04 12:00:20,-0.12503802368203765
2019-04-04 12:00:21,-0.06251901184101882
2019-04-04 12:00:22,-0.03125950592050941
2019-04-04 12:00:23,-0.015629752960254706
2019-04-04 12:00:24,-0.007814876480127353
2019-04-04 12:00:25,-0.0039074382400636765
2019-04-04 12:00:26,-0.0019537191200318382
2019-04-04 12:00:27,-0.0009768595600159191
2019-04-04 12:00:28,-0.0004884297800079596
2019-04-04 12:00:29,-0.0002442148900039798
2019-04-04 12:00:30,-0.0001221074450019899
2019-04-04 12:00:31,-6.105372250099494e-05
2019-04-04 12:00:32,-3.052686125049747e-05
2019-04-04 12:00:33,-1.5263430625248736e-05
2019-04-04 12:00:34,-0.5000076317153126
2019-04-04 12:00:35,0.2499961841423437
2019-04-04 12:00:36,0.12499809207117185
2019-04-04 12:00:37,0.062499046035585926
2019-04-04 12:00:38,0.031249523017792963
2019-04-04 12:00:39,0.015624761508896481
2019-04-04 12:00:40,0.007812380754448241
2019-04-04 12:00:41,0.0039061903772241204
2019-04-04 12:00:42,0.0019530951886120602
2019-04-04 12:00:43,0.0009765475943060301
2019-04-04 12:00:44,0.00048827379715301504
2019-04-04 12:00:45,-0.4997558631014235
2019-04-04 12:00:46,-0.24987793155071175
2019-04-04 12:00:47,-0.12493896577535588
2019-04-04 12:00:48,-0.06246948288767794
2019-04-04 12:00:49,-0.03123474144383897
2019-04-04 12:00:50,-0.015617370721919484
2019-04-04 12:00:51,-0.007808685360959742
2019-04-04 12:00:52,-0.003904342680479871
2019-04-04 12:00:53,-0.0019521713402399356
2019-04-04 12:00:54,-0.0009760856701199678
2019-04-04 12:00:55,-0.0004880428350599839
2019-04-04 12:00:56,-0.00024402141752999194
2019-04-04 12:00:57,0.499877989291235
2019-04-04 12:00:58,0.2499389946456175
2019-04-04 12:00:59,0.12496949732280875
2019-04-04 12:01:00,0.062484748661404375
2019-04-04 12:01:01,0.031242374330702188
2019-04-04 12:01:02,0.015621187165351094
2019-04-04 12:01:03,0.007810593582675547
2019-04-04 12:01:04,0.0039052967913377735
2019-04-04 12:01:05,0.0019526483956688867
2019-04-04 12:01:06,0.0009763241978344434
2019-04-04 12:01:07,0.0004881620989172217
2019-04-04 12:01:08,0.00024408104945861084
2019-04-04 12:01:09,0.00012204052472930542
2019-04-04 12:01:10,6.102026236465271e-05
2019-04-04 12:01:11,3.0510131182326355e-05
2019-04-04 12:01:12,1.5255065591163178e-05
2019-04-04 12:01:13,7.627532795581589e-06
2019-04-04 12:01:14,3.8137663977907944e-06
2019-04-04 12:01:15,1.9068831988953972e-06
2019-04-04 12:01:16,9.534415994476986e-07
2019-04-04 12:01:17,4.767207997238493e-07
2019-04-04 12:01:18,2.3836039986192465e-07
2019-04-04 12:01:19,1.1918019993096232e-07
2019-04-04 12:01:20,5.959009996548116e-08
2019-04-04 12:01:21,-0.99999997020495
2019-04-04 12:01:22,-0.499999985102475
2019-04-04 12:01:23,-0.7499999925512375
2019-04-04 12:01:24,-0.37499999627561875
2019-04-04 12:01:25,-0.18749999813780938
2019-04-04 12:01:26,0.4062500009310953
2019-04-04 12:01:27,0.7031250004655476
2019-04-04 12:01:28,0.3515625002327738
2019-04-04 12:01:29,0.1757812501163869
2019-04-04 12:01:30,0.08789062505819345
2019-04-04 12:01:31,0.043945312529096725
2019-04-04 12:01:32,0.021972656264548363
2019-04-04 12:01:33,0.010986328132274181
2019-04-04 12:01:34,0.005493164066137091
2019-04-04 12:01:35,0.0027465820330685453
2019-04-04 12:01:36,0.0013732910165342727
2019-04-04 12:01:37,0.0006866455082671363
2019-04-04 12:01:38,0.00034332275413356816
2019-04-04 12:01:39,0.00017166137706678408
2019-04-04 12:01:40,8.583068853339204e-05
2019-04-04 12:01:41,4.291534426669602e-05
2019-04-04 12:01:42,2.145767213334801e-05
2019-04-04 12:01:43,1.0728836066674005e-05
2019-04-04 12:01:44,5.3644180333370026e-06
2019-04-04 12:01:45,2.6822090166685013e-06
2019-04-04 12:01:46,1.3411045083342506e-06
2019-04-04 12:01:47,6.705522541671253e-07
2019-04-04 12:01:48,0.5000003352761271
2019-04-04 12:01:49,0.25000016763806354
2019-04-04 12:01:50,0.12500008381903177
2019-04-04 12:01:51,0.06250004190951589
2019-04-04 12:01:52,0.03125002095475794
2019-04-04 12:01:53,0.01562501047737897
2019-04-04 12:01:54,0.007812505238689486
2019-04-04 12:01:55,0.003906252619344743
2019-04-04 12:01:56,0.0019531263096723714
2019-04-04 12:01:57,0.0009765631548361857
2019-04-04 12:01:58,0.0004882815774180929
2019-04-04 12:01:59,0.00024414078870904643
2019-04-04 12:02:00,0.00012207039435452321
2019-04-04 12:02:01,6.103519717726161e-05
2019-04-04 12:02:02,3.0517598588630803e-05
2019-04-04 12:02:03,1.5258799294315402e-05
2019-04-04 12:02:04,7.629399647157701e-06
2019-04-04 12:02:05,3.8146998235788504e-06
2019-04-04 12:02:06,1.9073499117894252e-06
2019-04-04 12:02:07,9.536749558947126e-07
2019-04-04 12:02:08,4.768374779473563e-07
2019-04-04 12:02:09,2.3841873897367815e-07
2019-04-04 12:02:10,1.1920936948683908e-07
2019-04-04 12:02:11,5.960468474341954e-08
2019-04-04 12:02:12,2.980234237170977e-08
2019-04-04 12:02:13,1.4901171185854884e-08
2019-04-04 12:02:14,7.450585592927442e-09
2019-04-04 12:02:15,3.725292796463721e-09
2019-04-04 12:02:16,1.8626463982318606e-09
2019-04-04 12:02:17,9.313231991159303e-10
2019-04-04 12:02:18,4.656615995579651e-10
2019-04-04 12:02:19,2.3283079977898257e-10
2019-04-04 12:02:20,1.1641539988949129e-10
2019-04-04 12:02:21,5.820769994474564e-11
2019-04-04 12:02:22,2.910384997237282e-11
2019-04-04 12:02:23,1.455192498618641e-11
2019-04-04 12:02:24,7.275962493093205e-12
2019-04-04 12:02:25,3.637981246546603e-12
2019-04-04 12:02:26,1.8189906232733013e-12
2019-04-04 12:02:27,9.094953116366507e-13
2019-04-04 12:02:28,4.547476558183253e-13
2019-04-04 12:02:29,2.2737382790916267e-13
2019-04-04 12:02:30,1.1368691395458133e-13
2019-04-04 12:02:31,5.684345697729067e-14
2019-04-04 12:02:32,2.8421728488645333e-14
2019-04-04 12:02:33,1.4210864244322667e-14
2019-04-04 12:02:34,7.105432122161333e-15
2019-04-04 12:02:35,3.552716061080667e-15
2019-04-04 12:02:36,1.7763580305403333e-15
2019-04-04 12:02:37,8.881790152701667e-16
2019-04-04 12:02:38,4.440895076350833e-16
2019-04-04 12:02:39,2.2204475381754167e-16
2019-04-04 12:02:40,1.1102237690877083e-16
2019-04-04 12:02:41,4.5
2019-04-04 12:02:42,2.25
2019-04-04 12:02:43,1.125
2019-04-04 12:02:44,0.5625
2019-04-04 12:02:45,0.28125
2019-04-04 12:02:46,0.140625
2019-04-04 12:02:47,0.0703125
2019-04-04 12:02:48,0.03515625
2019-04-04 12:02:49,0.017578125
2019-04-04 12:02:50,0.0087890625
2019-04-04 12:02:51,0.00439453125
2019-04-04 12:02:52,0.002197265625
2019-04-04 12:02:53,0.0010986328125
2019-04-04 12:02:54,0.00054931640625
2019-04-04 12:02:55,-0.499725341796875
2019-04-04 12:02:56,-0.2498626708984375
2019-04-04 12:02:57,-0.12493133544921875
2019-04-04 12:02:58,-0.062465667724609375
2019-04-04 12:02:59,-0.031232833862304688
2019-04-04 12:03:00,-0.015616416931152344
2019-04-04 12:03:01,-0.007808208465576172
2019-04-04 12:03:02,-0.003904104232788086
2019-04-04 12:03:03,-0.001952052116394043
2019-04-04 12:03:04,-0.0009760260581970215
2019-04-04 12:03:05,-0.00048801302909851074
2019-04-04 12:03:06,-0.00024400651454925537
2019-04-04 12:03:07,-0.5001220032572746
2019-04-04 12:03:08,-0.2500610016286373
2019-04-04 12:03:09,-0.12503050081431866
2019-04-04 12:03:10,-0.06251525040715933
2019-04-04 12:03:11,-0.5312576252035797
2019-04-04 12:03:12,-0.26562881260178983
2019-04-04 12:03:13,-3.132814406300895
2019-04-04 12:03:14,-1.5664072031504475
2019-04-04 12:03:15,-0.7832036015752237
2019-04-04 12:03:16,-0.39160180078761186
2019-04-04 12:03:17,-2.695800900393806
2019-04-04 12:03:18,-1.347900450196903
2019-04-04 12:03:19,-0.6739502250984515
2019-04-04 12:03:20,-1.3369751125492257
2019-04-04 12:03:21,-0.6684875562746129
2019-04-04 12:03:22,-0.33424377813730644
2019-04-04 12:03:23,-0.6671218890686532
2019-04-04 12:03:24,-0.3335609445343266
2019-04-04 12:03:25,-0.1667804722671633
2019-04-04 12:03:26,-0.08339023613358165
2019-04-04 12:03:27,-0.041695118066790826
2019-04-04 12:03:28,-0.020847559033395413
2019-04-04 12:03:29,-0.010423779516697707
2019-04-04 12:03:30,-0.005211889758348853
2019-04-04 12:03:31,-0.0026059448791744266
2019-04-04 12:03:32,-0.0013029724395872133
2019-04-04 12:03:33,-0.0006514862197936067
2019-04-04 12:03:34,-0.00032574310989680333
2019-04-04 12:03:35,-0.00016287155494840166
2019-04-04 12:03:36,-8.143577747420083e-05
2019-04-04 12:03:37,-4.0717888737100416e-05
2019-04-04 12:03:38,-2.0358944368550208e-05
2019-04-04 12:03:39,-1.0179472184275104e-05
2019-04-04 12:03:40,-5.089736092137552e-06
2019-04-04 12:03:41,-2.544868046068776e-06
2019-04-04 12:03:42,-1.272434023034388e-06
2019-04-04 12:03:43,-6.36217011517194e-07
2019-04-04 12:03:44,-3.18108505758597e-07
2019-04-04 12:03:45,-1.590542528792985e-07
2019-04-04 12:03:46,-7.952712643964925e-08
2019-04-04 12:03:47,-3.9763563219824625e-08
2019-04-04 12:03:48,-1.9881781609912313e-08
2019-04-04 12:03:49,-9.940890804956156e-09
2019-04-04 12:03:50,-4.970445402478078e-09
2019-04-04 12:03:51,-2.485222701239039e-09
2019-04-04 12:03:52,-1.2426113506195195e-09
2019-04-04 12:03:53,-6.213056753097598e-10
2019-04-04 12:03:54,-3.106528376548799e-10
2019-04-04 12:03:55,0.4999999998446736
2019-04-04 12:03:56,0.2499999999223368
2019-04-04 12:03:57,0.1249999999611684
2019-04-04 12:03:58,0.0624999999805842
2019-04-04 12:03:59,0.0312499999902921
2019-04-04 12:04:00,0.01562499999514605
2019-04-04 12:04:01,0.007812499997573025
2019-04-04 12:04:02,0.0039062499987865124
2019-04-04 12:04:03,0.0019531249993932562
2019-04-04 12:04:04,0.0009765624996966281
2019-04-04 12:04:05,0.00048828124984831404
2019-04-04 12:04:06,0.00024414062492415702
2019-04-04 12:04:07,0.00012207031246207851
2019-04-04 12:04:08,6.1035156231039256e-05
2019-04-04 12:04:09,3.0517578115519628e-05
2019-04-04 12:04:10,1.5258789057759814e-05
2019-04-04 12:04:11,7.629394528879907e-06
2019-04-04 12:04:12,3.8146972644399535e-06
2019-04-04 12:04:13,1.9073486322199767e-06
2019-04-04 12:04:14,9.536743161099884e-07
2019-04-04 12:04:15,4.768371580549942e-07
2019-04-04 12:04:16,2.384185790274971e-07
2019-04-04 12:04:17,1.1920928951374855e-07
2019-04-04 12:04:18,5.960464475687427e-08
2019-04-04 12:04:19,2.9802322378437137e-08
2019-04-04 12:04:20,1.4901161189218568e-08
2019-04-04 12:04:21,7.450580594609284e-09
2019-04-04 12:04:22,3.725290297304642e-09
2019-04-04 12:04:23,0.5000000018626451
2019-04-04 12:04:24,0.2500000009313226
2019-04-04 12:04:25,0.1250000004656613
2019-04-04 12:04:26,0.06250000023283064
2019-04-04 12:04:27,0.5312500001164153
2019-04-04 12:04:28,1.7656250000582077
2019-04-04 12:04:29,0.8828125000291038
2019-04-04 12:04:30,0.4414062500145519
2019-04-04 12:04:31,0.22070312500727596
2019-04-04 12:04:32,0.11035156250363798
2019-04-04 12:04:33,0.05517578125181899
2019-04-04 12:04:34,0.027587890625909495
2019-04-04 12:04:35,0.013793945312954747
2019-04-04 12:04:36,0.006896972656477374
2019-04-04 12:04:37,0.003448486328238687
2019-04-04 12:04:38,0.0017242431641193434
2019-04-04 12:04:39,0.0008621215820596717
2019-04-04 12:04:40,0.00043106079102983585
2019-04-04 12:04:41,0.00021553039551491793
2019-04-04 12:04:42,0.00010776519775745896
2019-04-04 12:04:43,5.388259887872948e-05
2019-04-04 12:04:44,2.694129943936474e-05
2019-04-04 12:04:45,1.347064971968237e-05
2019-04-04 12:04:46,6.735324859841185e-06
2019-04-04 12:04:47,3.3676624299205926e-06
2019-04-04 12:04:48,1.6838312149602963e-06
2019-04-04 12:04:49,8.419156074801482e-07
2019-04-04 12:04:50,4.209578037400741e-07
2019-04-04 12:04:51,2.1047890187003704e-07
2019-04-04 12:04:52,1.0523945093501852e-07
2019-04-04 12:04:53,-0.49999994738027453
2019-04-04 12:04:54,-0.24999997369013727
2019-04-04 12:04:55,-0.12499998684506863
2019-04-04 12:04:56,-0.06249999342253432
2019-04-04 12:04:57,-0.03124999671126716
2019-04-04 12:04:58,-0.01562499835563358
2019-04-04 12:04:59,-0.00781249917781679
2019-04-04 12:05:00,-0.003906249588908395
2019-04-04 12:05:01,-0.0019531247944541974
2019-04-04 12:05:02,-0.0009765623972270987
2019-04-04 12:05:03,-0.00048828119861354935
2019-04-04 12:05:04,-0.00024414059930677467
2019-04-04 12:05:05,-0.00012207029965338734
2019-04-04 12:05:06,-6.103514982669367e-05
2019-04-04 12:05:07,-3.0517574913346834e-05
2019-04-04 12:05:08,-1.5258787456673417e-05
2019-04-04 12:05:09,-2.5000076293937283
2019-04-04 12:05:10,-1.2500038146968642
2019-04-04 12:05:11,-0.6250019073484321
2019-04-04 12:05:12,-0.31250095367421604
2019-04-04 12:05:13,-0.15625047683710802
2019-04-04 12:05:14,-0.07812523841855401
2019-04-04 12:05:15,-0.039062619209277005
2019-04-04 12:05:16,-0.019531309604638503
2019-04-04 12:05:17,-0.009765654802319251
2019-04-04 12:05:18,-0.004882827401159626
2019-04-04 12:05:19,-0.002441413700579813
2019-04-04 12:05:20,-0.0012207068502899064
2019-04-04 12:05:21,-0.0006103534251449532
2019-04-04 12:05:22,-0.0003051767125724766
2019-04-04 12:05:23,-0.0001525883562862383
2019-04-04 12:05:24,-7.629417814311915e-05
2019-04-04 12:05:25,-3.8147089071559575e-05
2019-04-04 12:05:26,1.4999809264554642
2019-04-04 12:05:27,0.7499904632277321
2019-04-04 12:05:28,0.37499523161386605
2019-04-04 12:05:29,0.18749761580693303
2019-04-04 12:05:30,0.09374880790346651
2019-04-04 12:05:31,0.04687440395173326
2019-04-04 12:05:32,0.02343720197586663
2019-04-04 12:05:33,0.011718600987933314
2019-04-04 12:05:34,0.005859300493966657
2019-04-04 12:05:35,0.0029296502469833285
2019-04-04 12:05:36,0.0014648251234916643
2019-04-04 12:05:37,0.0007324125617458321
2019-04-04 12:05:38,0.00036620628087291607
2019-04-04 12:05:39,0.00018310314043645803
2019-04-04 12:05:40,9.155157021822902e-05
2019-04-04 12:05:41,0.5000457757851091
2019-04-04 12:05:42,0.25002288789255456
2019-04-04 12:05:43,0.12501144394627728
2019-04-04 12:05:44,0.5625057219731386
2019-04-04 12:05:45,0.2812528609865693
2019-04-04 12:05:46,0.14062643049328466
2019-04-04 12:05:47,0.07031321524664233
2019-04-04 12:05:48,-0.4648433923766788
2019-04-04 12:05:49,-0.2324216961883394
2019-04-04 12:05:50,-0.1162108480941697
2019-04-04 12:05:51,-0.05810542404708485
2019-04-04 12:05:52,-0.029052712023542426
2019-04-04 12:05:53,-0.014526356011771213
2019-04-04 12:05:54,0.4927368219941144
2019-04-04 12:05:55,0.2463684109970572
2019-04-04 12:05:56,0.1231842054985286
2019-04-04 12:05:57,0.0615921027492643
2019-04-04 12:05:58,0.03079605137463215
2019-04-04 12:05:59,0.015398025687316075
2019-04-04 12:06:00,0.007699012843658037
2019-04-04 12:06:01,0.0038495064218290187
2019-04-04 12:06:02,0.0019247532109145093
2019-04-04 12:06:03,0.0009623766054572547
2019-04-04 12:06:04,0.00048118830272862734
2019-04-04 12:06:05,0.00024059415136431367
2019-04-04 12:06:06,0.00012029707568215683
2019-04-04 12:06:07,0.5000601485378411
2019-04-04 12:06:08,0.25003007426892054
2019-04-04 12:06:09,0.12501503713446027
2019-04-04 12:06:10,0.06250751856723014
2019-04-04 12:06:11,0.03125375928361507
2019-04-04 12:06:12,0.015626879641807534
2019-04-04 12:06:13,0.007813439820903767
2019-04-04 12:06:14,0.0039067199104518835
2019-04-04 12:06:15,0.0019533599552259417
2019-04-04 12:06:16,0.0009766799776129709
2019-04-04 12:06:17,0.0004883399888064854
2019-04-04 12:06:18,0.0002441699944032427
2019-04-04 12:06:19,0.00012208499720162136
2019-04-04 12:06:20,6.104249860081068e-05
2019-04-04 12:06:21,3.052124930040534e-05
2019-04-04 12:06:22,1.526062465020267e-05
2019-04-04 12:06:23,7.630312325101335e-06
2019-04-04 12:06:24,3.8151561625506675e-06
2019-04-04 12:06:25,1.9075780812753337e-06
2019-04-04 12:06:26,9.537890406376669e-07
2019-04-04 12:06:27,4.768945203188334e-07
2019-04-04 12:06:28,1.5000002384472602
2019-04-04 12:06:29,0.7500001192236301
2019-04-04 12:06:30,0.37500005961181504
2019-04-04 12:06:31,0.18750002980590752
2019-04-04 12:06:32,0.09375001490295376
2019-04-04 12:06:33,0.04687500745147688
2019-04-04 12:06:34,0.02343750372573844
2019-04-04 12:06:35,0.01171875186286922
2019-04-04 12:06:36,0.00585937593143461
2019-04-04 12:06:37,0.5029296879657174
2019-04-04 12:06:38,0.2514648439828587
2019-04-04 12:06:39,0.12573242199142934
2019-04-04 12:06:40,0.06286621099571467
2019-04-04 12:06:41,0.031433105497857335
2019-04-04 12:06:42,0.015716552748928667
2019-04-04 12:06:43,0.007858276374464334
2019-04-04 12:06:44,0.003929138187232167
2019-04-04 12:06:45,0.5019645690936161
2019-04-04 12:06:46,0.25098228454680804
2019-04-04 12:06:47,0.12549114227340402
2019-04-04 12:06:48,0.06274557113670201
2019-04-04 12:06:49,0.031372785568351005
2019-04-04 12:06:50,0.015686392784175503
2019-04-04 12:06:51,0.007843196392087751
2019-04-04 12:06:52,0.003921598196043876
2019-04-04 12:06:53,0.001960799098021938
2019-04-04 12:06:54,0.000980399549010969
2019-04-04 12:06:55,0.0004901997745054845
2019-04-04 12:06:56,0.00024509988725274223
2019-04-04 12:06:57,0.00012254994362637111
2019-04-04 12:06:58,6.127497181318556e-05
2019-04-04 12:06:59,3.063748590659278e-05
2019-04-04 12:07:00,1.531874295329639e-05
2019-04-04 12:07:01,7.659371476648195e-06
2019-04-04 12:07:02,3.829685738324097e-06
2019-04-04 12:07:03,1.9148428691620487e-06
2019-04-04 12:07:04,9.574214345810243e-07
2019-04-04 12:07:05,4.787107172905122e-07
2019-04-04 12:07:06,2.393553586452561e-07
2019-04-04 12:07:07,1.1967767932262804e-07
2019-04-04 12:07:08,5.983883966131402e-08
2019-04-04 12:07:09,2.991941983065701e-08
2019-04-04 12:07:10,1.4959709915328505e-08
2019-04-04 12:07:11,7.479854957664253e-09
2019-04-04 12:07:12,3.739927478832126e-09
2019-04-04 12:07:13,1.869963739416063e-09
2019-04-04 12:07:14,9.349818697080316e-10
2019-04-04 12:07:15,4.674909348540158e-10
2019-04-04 12:07:16,2.337454674270079e-10
2019-04-04 12:07:17,1.1687273371350395e-10
2019-04-04 12:07:18,5.843636685675197e-11
2019-04-04 12:07:19,2.921818342837599e-11
2019-04-04 12:07:20,1.4609091714187993e-11
2019-04-04 12:07:21,7.304545857093997e-12
2019-04-04 12:07:22,3.652272928546998e-12
2019-04-04 12:07:23,1.826136464273499e-12
2019-04-04 12:07:24,9.130682321367496e-13
2019-04-04 12:07:25,4.565341160683748e-13
2019-04-04 12:07:26,2.282670580341874e-13
2019-04-04 12:07:27,1.141335290170937e-13
2019-04-04 12:07:28,5.706676450854685e-14
2019-04-04 12:07:29,2.8533382254273425e-14
2019-04-04 12:07:30,1.4266691127136712e-14
2019-04-04 12:07:31,7.133345563568356e-15
2019-04-04 12:07:32,3.566672781784178e-15
2019-04-04 12:07:33,1.783336390892089e-15
2019-04-04 12:07:34,8.916681954460445e-16
2019-04-04 12:07:35,4.458340977230223e-16
2019-04-04 12:07:36,2.2291704886151113e-16
2019-04-04 12:07:37,0.5000000000000001
2019-04-04 12:07:38,0.25000000000000006
2019-04-04 12:07:39,0.12500000000000003
2019-04-04 12:07:40,0.06250000000000001
2019-04-04 12:07:41,0.53125
2019-04-04 12:07:42,0.265625
2019-04-04 12:07:43,0.1328125
2019-04-04 12:07:44,0.06640625
2019-04-04 12:07:45,0.033203125
2019-04-04 12:07:46,0.0166015625
2019-04-04 12:07:47,0.00830078125
2019-04-04 12:07:48,0.004150390625
2019-04-04 12:07:49,0.0020751953125
2019-04-04 12:07:50,0.00103759765625
2019-04-04 12:07:51,0.000518798828125
2019-04-04 12:07:52,0.0002593994140625
2019-04-04 12:07:53,0.00012969970703125
2019-04-04 12:07:54,6.4849853515625e-05
2019-04-04 12:07:55,3.24249267578125e-05
2019-04-04 12:07:56,1.621246337890625e-05
2019-04-04 12:07:57,8.106231689453125e-06
2019-04-04 12:07:58,4.0531158447265625e-06
2019-04-04 12:07:59,2.0265579223632812e-06
2019-04-04 12:08:00,1.0132789611816406e-06
2019-04-04 12:08:01,5.066394805908203e-07
2019-04-04 12:08:02,0.5000002533197403
2019-04-04 12:08:03,0.25000012665987015
2019-04-04 12:08:04,0.12500006332993507
2019-04-04 12:08:05,0.06250003166496754
2019-04-04 12:08:06,0.03125001583248377
2019-04-04 12:08:07,0.015625007916241884
2019-04-04 12:08:08,0.007812503958120942
2019-04-04 12:08:09,0.003906251979060471
2019-04-04 12:08:10,0.0019531259895302355
2019-04-04 12:08:11,0.0009765629947651178
2019-04-04 12:08:12,0.0004882814973825589
2019-04-04 12:08:13,0.00024414074869127944
2019-04-04 12:08:14,0.00012207037434563972
2019-04-04 12:08:15,6.103518717281986e-05
2019-04-04 12:08:16,3.051759358640993e-05
2019-04-04 12:08:17,1.5258796793204965e-05
2019-04-04 12:08:18,7.629398396602483e-06
2019-04-04 12:08:19,3.814699198301241e-06
2019-04-04 12:08:20,1.9073495991506206e-06
2019-04-04 12:08:21,9.536747995753103e-07
2019-04-04 12:08:22,4.768373997876552e-07
2019-04-04 12:08:23,2.384186998938276e-07
2019-04-04 12:08:24,1.00000011920935
2019-04-04 12:08:25,0.500000059604675
2019-04-04 12:08:26,0.2500000298023375
2019-04-04 12:08:27,0.12500001490116874
2019-04-04 12:08:28,0.06250000745058437
2019-04-04 12:08:29,0.031250003725292186
2019-04-04 12:08:30,0.015625001862646093
2019-04-04 12:08:31,0.007812500931323046
2019-04-04 12:08:32,0.003906250465661523
2019-04-04 12:08:33,0.0019531252328307616
2019-04-04 12:08:34,0.0009765626164153808
2019-04-04 12:08:35,0.0004882813082076904
2019-04-04 12:08:36,0.0002441406541038452
2019-04-04 12:08:37,0.0001220703270519226
2019-04-04 12:08:38,6.10351635259613e-05
2019-04-04 12:08:39,3.051758176298065e-05
2019-04-04 12:08:40,1.5258790881490325e-05
2019-04-04 12:08:41,0.5000076293954407
2019-04-04 12:08:42,0.2500038146977204
2019-04-04 12:08:43,0.1250019073488602
2019-04-04 12:08:44,0.0625009536744301
2019-04-04 12:08:45,0.03125047683721505
2019-04-04 12:08:46,0.015625238418607523
2019-04-04 12:08:47,0.007812619209303762
2019-04-04 12:08:48,0.003906309604651881
2019-04-04 12:08:49,0.0019531548023259404
2019-04-04 12:08:50,0.0009765774011629702
2019-04-04 12:08:51,0.0004882887005814851
2019-04-04 12:08:52,0.00024414435029074255
2019-04-04 12:08:53,0.00012207217514537128
2019-04-04 12:08:54,6.103608757268564e-05
2019-04-04 12:08:55,3.051804378634282e-05
2019-04-04 12:08:56,1.525902189317141e-05
2019-04-04 12:08:57,7.629510946585705e-06
2019-04-04 12:08:58,3.814755473292852e-06
2019-04-04 12:08:59,1.907377736646426e-06
2019-04-04 12:09:00,9.53688868323213e-07
2019-04-04 12:09:01,4.768444341616065e-07
2019-04-04 12:09:02,2.3842221708080327e-07
2019-04-04 12:09:03,1.1921110854040164e-07
2019-04-04 12:09:04,-4.999999940394446
2019-04-04 12:09:05,-2.499999970197223
2019-04-04 12:09:06,-1.2499999850986114
2019-04-04 12:09:07,-0.6249999925493057
2019-04-04 12:09:08,-0.31249999627465286
2019-04-04 12:09:09,-0.15624999813732643
2019-04-04 12:09:10,-0.07812499906866321
2019-04-04 12:09:11,-0.03906249953433161
2019-04-04 12:09:12,-0.019531249767165804
2019-04-04 12:09:13,-0.009765624883582902
2019-04-04 12:09:14,-0.004882812441791451
2019-04-04 12:09:15,-0.0024414062208957255
2019-04-04 12:09:16,-0.0012207031104478627
2019-04-04 12:09:17,-0.0006103515552239314
2019-04-04 12:09:18,-0.0003051757776119657
2019-04-04 12:09:19,-0.00015258788880598284
2019-04-04 12:09:20,-7.629394440299142e-05
2019-04-04 12:09:21,-3.814697220149571e-05
2019-04-04 12:09:22,-1.9073486100747855e-05
2019-04-04 12:09:23,-9.536743050373928e-06
2019-04-04 12:09:24,-4.768371525186964e-06
2019-04-04 12:09:25,-2.384185762593482e-06
2019-04-04 12:09:26,-1.192092881296741e-06
2019-04-04 12:09:27,-5.960464406483705e-07
2019-04-04 12:09:28,-2.9802322032418524e-07
2019-04-04 12:09:29,-1.4901161016209262e-07
2019-04-04 12:09:30,-7.450580508104631e-08
2019-04-04 12:09:31,-3.7252902540523155e-08
2019-04-04 12:09:32,-1.8626451270261577e-08
2019-04-04 12:09:33,-9.313225635130789e-09
2019-04-04 12:09:34,-4.656612817565394e-09
2019-04-04 12:09:35,-2.328306408782697e-09
2019-04-04 12:09:36,-1.1641532043913486e-09
2019-04-04 12:09:37,0.4999999994179234
2019-04-04 12:09:38,1.2499999997089617
2019-04-04 12:09:39,0.6249999998544808
2019-04-04 12:09:40,0.3124999999272404
2019-04-04 12:09:41,0.1562499999636202
2019-04-04 12:09:42,0.0781249999818101
2019-04-04 12:09:43,0.03906249999090505
2019-04-04 12:09:44,0.019531249995452526
2019-04-04 12:09:45,0.009765624997726263
2019-04-04 12:09:46,0.004882812498863132
2019-04-04 12:09:47,0.002441406249431566
2019-04-04 12:09:48,0.001220703124715783
2019-04-04 12:09:49,0.0006103515623578915
2019-04-04 12:09:50,-0.49969482421882105
2019-04-04 12:09:51,-0.24984741210941053
2019-04-04 12:09:52,-0.12492370605470526
2019-04-04 12:09:53,-0.06246185302735263
2019-04-04 12:09:54,-0.031230926513676316
2019-04-04 12:09:55,-0.015615463256838158
2019-04-04 12:09:56,-0.007807731628419079
2019-04-04 12:09:57,-0.0039038658142095395
2019-04-04 12:09:58,-0.0019519329071047697
2019-04-04 12:09:59,-0.0009759664535523849
2019-04-04 12:10:00,-0.00048798322677619244
2019-04-04 12:10:01,-0.00024399161338809622
2019-04-04 12:10:02,-0.00012199580669404811
2019-04-04 12:10:03,-6.0997903347024054e-05
2019-04-04 12:10:04,-3.0498951673512027e-05
2019-04-04 12:10:05,-1.5249475836756014e-05
2019-04-04 12:10:06,-7.624737918378007e-06
2019-04-04 12:10:07,-3.8123689591890034e-06
2019-04-04 12:10:08,-1.9061844795945017e-06
2019-04-04 12:10:09,-9.530922397972509e-07
2019-04-04 12:10:10,-4.765461198986254e-07
2019-04-04 12:10:11,-2.382730599493127e-07
2019-04-04 12:10:12,-1.1913652997465636e-07
2019-04-04 12:10:13,-5.956826498732818e-08
2019-04-04 12:10:14,-2.978413249366409e-08
2019-04-04 12:10:15,-1.4892066246832045e-08
2019-04-04 12:10:16,-7.446033123416022e-09
2019-04-04 12:10:17,1.9999999962769834
2019-04-04 12:10:18,0.9999999981384917
2019-04-04 12:10:19,0.49999999906924586
2019-04-04 12:10:20,0.24999999953462293
2019-04-04 12:10:21,0.12499999976731146
2019-04-04 12:10:22,0.06249999988365573
2019-04-04 12:10:23,0.031249999941827866
2019-04-04 12:10:24,0.015624999970913933
2019-04-04 12:10:25,0.0078124999854569666
2019-04-04 12:10:26,0.5039062499927285
2019-04-04 12:10:27,0.25195312499636424
2019-04-04 12:10:28,0.12597656249818212
2019-04-04 12:10:29,0.06298828124909106
2019-04-04 12:10:30,0.03149414062454553
2019-04-04 12:10:31,0.015747070312272765
2019-04-04 12:10:32,0.007873535156136383
2019-04-04 12:10:33,0.003936767578068191
2019-04-04 12:10:34,0.0019683837890340956
2019-04-04 12:10:35,0.0009841918945170478
2019-04-04 12:10:36,0.5004920959472585
2019-04-04 12:10:37,0.7502460479736293
2019-04-04 12:10:38,0.37512302398681463
2019-04-04 12:10:39,0.6875615119934073
2019-04-04 12:10:40,0.34378075599670366
2019-04-04 12:10:41,0.17189037799835183
2019-04-04 12:10:42,0.08594518899917591
2019-04-04 12:10:43,0.04297259449958796
2019-04-04 12:10:44,0.02148629724979398
2019-04-04 12:10:45,0.01074314862489699
2019-04-04 12:10:46,0.005371574312448495
2019-04-04 12:10:47,0.0026857871562242473
2019-04-04 12:10:48,0.0013428935781121237
2019-04-04 12:10:49,0.0006714467890560618
2019-04-04 12:10:50,0.500335723394528
2019-04-04 12:10:51,0.250167861697264
2019-04-04 12:10:52,0.125083930848632
2019-04-04 12:10:53,0.062541965424316
2019-04-04 12:10:54,0.031270982712158
2019-04-04 12:10:55,0.015635491356079
2019-04-04 12:10:56,0.0078177456780395
2019-04-04 12:10:57,0.00390887283901975
2019-04-04 12:10:58,0.001954436419509875
2019-04-04 12:10:59,0.0009772182097549376
2019-04-04 12:11:00,0.0004886091048774688
2019-04-04 12:11:01,0.0002443045524387344
2019-04-04 12:11:02,0.0001221522762193672
2019-04-04 12:11:03,6.10761381096836e-05
2019-04-04 12:11:04,3.05380690548418e-05
2019-04-04 12:11:05,1.52690345274209e-05
2019-04-04 12:11:06,7.63451726371045e-06
2019-04-04 12:11:07,-0.49999618274136814
2019-04-04 12:11:08,-0.24999809137068407
2019-04-04 12:11:09,-0.12499904568534204
2019-04-04 12:11:10,-0.06249952284267102
2019-04-04 12:11:11,-0.03124976142133551
2019-04-04 12:11:12,-0.015624880710667755
2019-04-04 12:11:13,-0.007812440355333877
2019-04-04 12:11:14,-0.0039062201776669386
2019-04-04 12:11:15,-0.0019531100888334693
2019-04-04 12:11:16,-0.0009765550444167347
2019-04-04 12:11:17,-0.00048827752220836733
2019-04-04 12:11:18,-0.00024413876110418366
2019-04-04 12:11:19,-0.00012206938055209183
2019-04-04 12:11:20,-6.1034690276045916e-05
2019-04-04 12:11:21,-3.0517345138022958e-05
2019-04-04 12:11:22,-1.5258672569011479e-05
2019-04-04 12:11:23,-7.6293362845057395e-06
2019-04-04 12:11:24,-3.8146681422528698e-06
2019-04-04 12:11:25,-1.9073340711264349e-06
2019-04-04 12:11:26,-9.536670355632174e-07
2019-04-04 12:11:27,-4.768335177816087e-07
2019-04-04 12:11:28,-2.3841675889080436e-07
2019-04-04 12:11:29,-1.1920837944540218e-07
2019-04-04 12:11:30,-5.960418972270109e-08
2019-04-04 12:11:31,-2.9802094861350545e-08
2019-04-04 12:11:32,-1.4901047430675272e-08
2019-04-04 12:11:33,-7.450523715337636e-09
2019-04-04 12:11:34,-3.725261857668818e-09
2019-04-04 12:11:35,-1.862630928834409e-09
2019-04-04 12:11:36,-9.313154644172045e-10
2019-04-04 12:11:37,-4.6565773220860227e-10
2019-04-04 12:11:38,-2.3282886610430113e-10
2019-04-04 12:11:39,-1.1641443305215057e-10
2019-04-04 12:11:40,-5.820721652607528e-11
2019-04-04 12:11:41,-2.910360826303764e-11
2019-04-04 12:11:42,-1.455180413151882e-11
2019-04-04 12:11:43,-7.27590206575941e-12
2019-04-04 12:11:44,-3.637951032879705e-12
2019-04-04 12:11:45,-1.8189755164398526e-12
2019-04-04 12:11:46,-9.094877582199263e-13
2019-04-04 12:11:47,-4.5474387910996315e-13
2019-04-04 12:11:48,-2.2737193955498157e-13
2019-04-04 12:11:49,-1.1368596977749079e-13
2019-04-04 12:11:50,-5.6842984888745394e-14
2019-04-04 12:11:51,-2.8421492444372697e-14
2019-04-04 12:11:52,-1.4210746222186348e-14
2019-04-04 12:11:53,-7.105373111093174e-15
2019-04-04 12:11:54,-3.552686555546587e-15
2019-04-04 12:11:55,-1.7763432777732936e-15
2019-04-04 12:11:56,-8.881716388866468e-16
2019-04-04 12:11:57,-3.0000000000000004
2019-04-04 12:11:58,-1.5000000000000002
2019-04-04 12:11:59,-0.7500000000000001
2019-04-04 12:12:00,-0.37500000000000006
2019-04-04 12:12:01,-0.18750000000000003
2019-04-04 12:12:02,-0.09375000000000001
2019-04-04 12:12:03,-0.04687500000000001
2019-04-04 12:12:04,-0.023437500000000003
2019-04-04 12:12:05,-0.011718750000000002
2019-04-04 12:12:06,-0.005859375000000001
2019-04-04 12:12:07,-0.0029296875000000004
2019-04-04 12:12:08,-0.0014648437500000002
2019-04-04 12:12:09,9.499267578125
2019-04-04 12:12:10,5.2496337890625
2019-04-04 12:12:11,2.62481689453125
2019-04-04 12:12:12,1.312408447265625
2019-04-04 12:12:13,0.6562042236328125
2019-04-04 12:12:14,0.32810211181640625
2019-04-04 12:12:15,0.16405105590820312
2019-04-04 12:12:16,-1.9179744720458984
2019-04-04 12:12:17,0.04101276397705078
2019-04-04 12:12:18,0.02050638198852539
2019-04-04 12:12:19,0.010253190994262695
2019-04-04 12:12:20,-2.9948734045028687
2019-04-04 12:12:21,-1.4974367022514343
2019-04-04 12:12:22,-0.7487183511257172
2019-04-04 12:12:23,-0.3743591755628586
2019-04-04 12:12:24,-0.1871795877814293
2019-04-04 12:12:25,-0.09358979389071465
2019-04-04 12:12:26,0.4532051030546427
2019-04-04 12:12:27,0.22660255152732134
2019-04-04 12:12:28,0.11330127576366067
2019-04-04 12:12:29,0.056650637881830335
2019-04-04 12:12:30,0.028325318940915167
2019-04-04 12:12:31,0.014162659470457584
2019-04-04 12:12:32,0.007081329735228792
2019-04-04 12:12:33,0.003540664867614396
2019-04-04 12:12:34,0.001770332433807198
2019-04-04 12:12:35,0.000885166216903599
2019-04-04 12:12:36,0.0004425831084517995
2019-04-04 12:12:37,0.00022129155422589974
2019-04-04 12:12:38,0.00011064577711294987
2019-04-04 12:12:39,5.5322888556474936e-05
2019-04-04 12:12:40,2.7661444278237468e-05
2019-04-04 12:12:41,1.3830722139118734e-05
2019-04-04 12:12:42,6.915361069559367e-06
2019-04-04 12:12:43,3.4576805347796835e-06
2019-04-04 12:12:44,1.7288402673898418e-06
2019-04-04 12:12:45,8.644201336949209e-07
2019-04-04 12:12:46,4.3221006684746044e-07
2019-04-04 12:12:47,2.1610503342373022e-07
2019-04-04 12:12:48,1.0805251671186511e-07
2019-04-04 12:12:49,5.4026258355932555e-08
2019-04-04 12:12:50,2.7013129177966277e-08
2019-04-04 12:12:51,1.3506564588983139e-08
2019-04-04 12:12:52,6.753282294491569e-09
2019-04-04 12:12:53,3.3766411472457847e-09
2019-04-04 12:12:54,1.6883205736228923e-09
2019-04-04 12:12:55,8.441602868114462e-10
2019-04-04 12:12:56,4.220801434057231e-10
2019-04-04 12:12:57,2.1104007170286154e-10
2019-04-04 12:12:58,1.0552003585143077e-10
2019-04-04 12:12:59,5.2760017925715386e-11
2019-04-04 12:13:00,2.6380008962857693e-11
2019-04-04 12:13:01,1.3190004481428846e-11
2019-04-04 12:13:02,6.595002240714423e-12
2019-04-04 12:13:03,3.2975011203572116e-12
2019-04-04 12:13:04,1.6487505601786058e-12
2019-04-04 12:13:05,8.243752800893029e-13
2019-04-04 12:13:06,4.1218764004465145e-13
2019-04-04 12:13:07,2.0609382002232573e-13
2019-04-04 12:13:08,1.0304691001116286e-13
2019-04-04 12:13:09,5.152345500558143e-14
2019-04-04 12:13:10,2.5761727502790716e-14
2019-04-04 12:13:11,1.2880863751395358e-14
2019-04-04 12:13:12,6.440431875697679e-15
2019-04-04 12:13:13,3.2202159378488395e-15
2019-04-04 12:13:14,1.6101079689244197e-15
2019-04-04 12:13:15,8.050539844622099e-16
2019-04-04 12:13:16,4.0252699223110493e-16
2019-04-04 12:13:17,2.0126349611555247e-16
2019-04-04 12:13:18,1.0063174805777623e-16
2019-04-04 12:13:19,5.0315874028888116e-17
2019-04-04 12:13:20,2.5157937014444058e-17
2019-04-04 12:13:21,1.2578968507222029e-17
2019-04-04 12:13:22,6.2894842536110146e-18
2019-04-04 12:13:23,3.1447421268055073e-18
2019-04-04 12:13:24,1.5723710634027536e-18
2019-04-04 12:13:25,7.861855317013768e-19
2019-04-04 12:13:26,3.930927658506884e-19
2019-04-04 12:13:27,1.965463829253442e-19
2019-04-04 12:13:28,9.82731914626721e-20
2019-04-04 12:13:29,4.913659573133605e-20
2019-04-04 12:13:30,2.4568297865668026e-20
2019-04-04 12:13:31,1.2284148932834013e-20
2019-04-04 12:13:32,6.1420744664170064e-21
2019-04-04 12:13:33,3.0710372332085032e-21
2019-04-04 12:13:34,1.5355186166042516e-21
2019-04-04 12:13:35,7.677593083021258e-22
2019-04-04 12:13:36,3.838796541510629e-22
2019-04-04 12:13:37,1.9193982707553145e-22
2019-04-04 12:13:38,9.596991353776573e-23
2019-04-04 12:13:39,4.798495676888286e-23
2019-04-04 12:13:40,2.399247838444143e-23
2019-04-04 12:13:41,1.1996239192220716e-23
2019-04-04 12:13:42,5.998119596110358e-24
2019-04-04 12:13:43,2.999059798055179e-24
2019-04-04 12:13:44,1.0
2019-04-04 12:13:45,0.5
2019-04-04 12:13:46,0.25
2019-04-04 12:13:47,-1.375
2019-04-04 12:13:48,-0.6875
2019-04-04 12:13:49,-0.34375
2019-04-04 12:13:50,-0.171875
2019-04-04 12:13:51,-0.0859375
2019-04-04 12:13:52,-0.04296875
2019-04-04 12:13:53,-0.021484375
2019-04-04 12:13:54,-0.0107421875
2019-04-04 12:13:55,-0.00537109375
2019-04-04 12:13:56,-0.002685546875
2019-04-04 12:13:57,-0.0013427734375
2019-04-04 12:13:58,-0.00067138671875
2019-04-04 12:13:59,-0.000335693359375
2019-04-04 12:14:00,-1.0001678466796875
2019-04-04 12:14:01,-0.5000839233398438
2019-04-04 12:14:02,-0.2500419616699219
2019-04-04 12:14:03,-0.12502098083496094
2019-04-04 12:14:04,-0.06251049041748047
2019-04-04 12:14:05,-0.031255245208740234
2019-04-04 12:14:06,-0.015627622604370117
2019-04-04 12:14:07,-2.007813811302185
2019-04-04 12:14:08,-1.0039069056510925
2019-04-04 12:14:09,-0.5019534528255463
2019-04-04 12:14:10,-0.25097672641277313
2019-04-04 12:14:11,-0.12548836320638657
2019-04-04 12:14:12,-0.06274418160319328
2019-04-04 12:14:13,-0.03137209080159664
2019-04-04 12:14:14,-0.01568604540079832
2019-04-04 12:14:15,-0.00784302270039916
2019-04-04 12:14:16,-0.00392151135019958
2019-04-04 12:14:17,-0.00196075567509979
2019-04-04 12:14:18,-0.000980377837549895
2019-04-04 12:14:19,-0.0004901889187749475
2019-04-04 12:14:20,-0.00024509445938747376
2019-04-04 12:14:21,-0.00012254722969373688
2019-04-04 12:14:22,-6.127361484686844e-05
2019-04-04 12:14:23,-3.063680742343422e-05
2019-04-04 12:14:24,-1.531840371171711e-05
2019-04-04 12:14:25,-7.659201855858555e-06
2019-04-04 12:14:26,-3.8296009279292775e-06
2019-04-04 12:14:27,-1.9148004639646388e-06
2019-04-04 12:14:28,-9.574002319823194e-07
2019-04-04 12:14:29,-4.787001159911597e-07
2019-04-04 12:14:30,-2.3935005799557985e-07
2019-04-04 12:14:31,-1.1967502899778992e-07
2019-04-04 12:14:32,-5.983751449889496e-08
2019-04-04 12:14:33,-2.991875724944748e-08
2019-04-04 12:14:34,-1.495937862472374e-08
2019-04-04 12:14:35,-7.47968931236187e-09
2019-04-04 12:14:36,-3.739844656180935e-09
2019-04-04 12:14:37,1.4999999981300776
2019-04-04 12:14:38,0.7499999990650388
2019-04-04 12:14:39,0.3749999995325194
2019-04-04 12:14:40,0.1874999997662597
2019-04-04 12:14:41,0.09374999988312985
2019-04-04 12:14:42,0.046874999941564924
2019-04-04 12:14:43,0.023437499970782462
2019-04-04 12:14:44,0.011718749985391231
2019-04-04 12:14:45,0.0058593749926956155
2019-04-04 12:14:46,0.0029296874963478077
2019-04-04 12:14:47,0.0014648437481739039
2019-04-04 12:14:48,0.0007324218740869519
2019-04-04 12:14:49,0.00036621093704347597
2019-04-04 12:14:50,0.00018310546852173798
2019-04-04 12:14:51,4.50009155273426
2019-04-04 12:14:52,2.25004577636713
2019-04-04 12:14:53,1.125022888183565
2019-04-04 12:14:54,0.5625114440917826
2019-04-04 12:14:55,0.2812557220458913
2019-04-04 12:14:56,0.14062786102294564
2019-04-04 12:14:57,0.07031393051147282
2019-04-04 12:14:58,0.03515696525573641
2019-04-04 12:14:59,0.017578482627868205
2019-04-04 12:15:00,0.008789241313934102
2019-04-04 12:15:01,0.004394620656967051
2019-04-04 12:15:02,-0.9978026896715165
2019-04-04 12:15:03,-0.49890134483575826
2019-04-04 12:15:04,-0.24945067241787913
2019-04-04 12:15:05,-0.12472533620893957
2019-04-04 12:15:06,-0.06236266810446978
2019-04-04 12:15:07,-0.03118133405223489
2019-04-04 12:15:08,-0.015590667026117446
2019-04-04 12:15:09,-0.007795333513058723
2019-04-04 12:15:10,-0.0038976667565293614
2019-04-04 12:15:11,-0.0019488333782646807
2019-04-04 12:15:12,0.9990255833108677
2019-04-04 12:15:13,0.9995127916554338
2019-04-04 12:15:14,0.4997563958277169
2019-04-04 12:15:15,0.24987819791385846
2019-04-04 12:15:16,0.12493909895692923
2019-04-04 12:15:17,0.062469549478464614
2019-04-04 12:15:18,0.031234774739232307
2019-04-04 12:15:19,0.015617387369616154
2019-04-04 12:15:20,0.007808693684808077
2019-04-04 12:15:21,0.0039043468424040384
2019-04-04 12:15:22,0.0019521734212020192
2019-04-04 12:15:23,0.0009760867106010096
2019-04-04 12:15:24,0.0004880433553005048
2019-04-04 12:15:25,0.0002440216776502524
2019-04-04 12:15:26,0.0001220108388251262
2019-04-04 12:15:27,0.5000610054194126
2019-04-04 12:15:28,0.2500305027097063
2019-04-04 12:15:29,0.12501525135485314
2019-04-04 12:15:30,-3.4374923743225736
2019-04-04 12:15:31,-1.7187461871612868
2019-04-04 12:15:32,-0.8593730935806434
2019-04-04 12:15:33,-0.4296865467903217
2019-04-04 12:15:34,-0.7148432733951608
2019-04-04 12:15:35,-0.3574216366975804
2019-04-04 12:15:36,-0.1787108183487902
2019-04-04 12:15:37,-0.0893554091743951
2019-04-04 12:15:38,-0.04467770458719755
2019-04-04 12:15:39,-0.022338852293598777
2019-04-04 12:15:40,-0.011169426146799388
2019-04-04 12:15:41,-0.005584713073399694
2019-04-04 12:15:42,-0.002792356536699847
2019-04-04 12:15:43,-0.0013961782683499235
2019-04-04 12:15:44,-0.0006980891341749618
2019-04-04 12:15:45,-0.0003490445670874809
2019-04-04 12:15:46,-0.00017452228354374044
2019-04-04 12:15:47,-8.726114177187022e-05
2019-04-04 12:15:48,-4.363057088593511e-05
2019-04-04 12:15:49,-2.1815285442967555e-05
2019-04-04 12:15:50,-1.0907642721483778e-05
2019-04-04 12:15:51,-5.453821360741889e-06
2019-04-04 12:15:52,-2.7269106803709444e-06
2019-04-04 12:15:53,-1.3634553401854722e-06
2019-04-04 12:15:54,-6.817276700927361e-07
2019-04-04 12:15:55,-3.4086383504636805e-07
2019-04-04 12:15:56,-1.7043191752318403e-07
2019-04-04 12:15:57,-8.521595876159201e-08
2019-04-04 12:15:58,-4.2607979380796006e-08
2019-04-04 12:15:59,-2.1303989690398003e-08
2019-04-04 12:16:00,-1.0651994845199002e-08
2019-04-04 12:16:01,-5.325997422599501e-09
2019-04-04 12:16:02,-2.6629987112997504e-09
2019-04-04 12:16:03,-1.3314993556498752e-09
2019-04-04 12:16:04,-6.657496778249376e-10
2019-04-04 12:16:05,-3.328748389124688e-10
2019-04-04 12:16:06,-1.664374194562344e-10
2019-04-04 12:16:07,-8.32187097281172e-11
2019-04-04 12:16:08,-4.16093548640586e-11
2019-04-04 12:16:09,-2.08046774320293e-11
2019-04-04 12:16:10,-1.040233871601465e-11
2019-04-04 12:16:11,-5.201169358007325e-12
2019-04-04 12:16:12,-2.6005846790036625e-12
2019-04-04 12:16:13,-1.3002923395018312e-12
2019-04-04 12:16:14,-6.501461697509156e-13
2019-04-04 12:16:15,-3.250730848754578e-13
2019-04-04 12:16:16,-1.625365424377289e-13
2019-04-04 12:16:17,-8.126827121886445e-14
2019-04-04 12:16:18,-4.0634135609432226e-14
2019-04-04 12:16:19,-2.0317067804716113e-14
2019-04-04 12:16:20,-1.0158533902358057e-14
2019-04-04 12:16:21,-5.079266951179028e-15
2019-04-04 12:16:22,-2.539633475589514e-15
2019-04-04 12:16:23,-1.269816737794757e-15
2019-04-04 12:16:24,-6.349083688973785e-16
2019-04-04 12:16:25,-3.1745418444868927e-16
2019-04-04 12:16:26,-1.5872709222434463e-16
2019-04-04 12:16:27,-7.936354611217232e-17
2019-04-04 12:16:28,-3.968177305608616e-17
2019-04-04 12:16:29,-1.984088652804308e-17
2019-04-04 12:16:30,-9.92044326402154e-18
2019-04-04 12:16:31,-4.96022163201077e-18
2019-04-04 12:16:32,0.5
2019-04-04 12:16:33,0.25
2019-04-04 12:16:34,0.125
2019-04-04 12:16:35,0.0625
2019-04-04 12:16:36,0.03125
2019-04-04 12:16:37,0.015625
2019-04-04 12:16:38,0.0078125
2019-04-04 12:16:39,0.00390625
2019-04-04 12:16:40,0.001953125
2019-04-04 12:16:41,0.0009765625
2019-04-04 12:16:42,0.00048828125
2019-04-04 12:16:43,0.000244140625
2019-04-04 12:16:44,0.0001220703125
2019-04-04 12:16:45,6.103515625e-05
2019-04-04 12:16:46,0.500030517578125
2019-04-04 12:16:47,0.2500152587890625
2019-04-04 12:16:48,0.12500762939453125
2019-04-04 12:16:49,0.06250381469726562
2019-04-04 12:16:50,0.03125190734863281
2019-04-04 12:16:51,1.5156259536743164
2019-04-04 12:16:52,0.7578129768371582
2019-04-04 12:16:53,0.3789064884185791
2019-04-04 12:16:54,0.18945324420928955
2019-04-04 12:16:55,0.09472662210464478
2019-04-04 12:16:56,0.04736331105232239
2019-04-04 12:16:57,0.023681655526161194
2019-04-04 12:16:58,0.011840827763080597
2019-04-04 12:16:59,0.0059204138815402985
2019-04-04 12:17:00,0.0029602069407701492
2019-04-04 12:17:01,0.0014801034703850746
2019-04-04 12:17:02,0.0007400517351925373
2019-04-04 12:17:03,0.00037002586759626865
2019-04-04 12:17:04,0.00018501293379813433
2019-04-04 12:17:05,9.250646689906716e-05
2019-04-04 12:17:06,4.625323344953358e-05
2019-04-04 12:17:07,2.312661672476679e-05
2019-04-04 12:17:08,1.1563308362383395e-05
2019-04-04 12:17:09,5.781654181191698e-06
2019-04-04 12:17:10,2.890827090595849e-06
2019-04-04 12:17:11,4.000001445413545
2019-04-04 12:17:12,2.0000007227067726
2019-04-04 12:17:13,3.613533863244811e-07
2019-04-04 12:17:14,1.8067669316224055e-07
2019-04-04 12:17:15,9.033834658112028e-08
2019-04-04 12:17:16,4.516917329056014e-08
2019-04-04 12:17:17,2.258458664528007e-08
2019-04-04 12:17:18,1.1292293322640035e-08
2019-04-04 12:17:19,5.646146661320017e-09
2019-04-04 12:17:20,2.8230733306600087e-09
2019-04-04 12:17:21,1.4115366653300043e-09
2019-04-04 12:17:22,7.057683326650022e-10
2019-04-04 12:17:23,3.528841663325011e-10
2019-04-04 12:17:24,1.7644208316625054e-10
2019-04-04 12:17:25,8.822104158312527e-11
2019-04-04 12:17:26,4.4110520791562635e-11
2019-04-04 12:17:27,2.2055260395781318e-11
2019-04-04 12:17:28,1.1027630197890659e-11
2019-04-04 12:17:29,5.513815098945329e-12
2019-04-04 12:17:30,2.7569075494726647e-12
2019-04-04 12:17:31,1.3784537747363323e-12
2019-04-04 12:17:32,6.892268873681662e-13
2019-04-04 12:17:33,3.446134436840831e-13
2019-04-04 12:17:34,1.7230672184204154e-13
2019-04-04 12:17:35,0.5000000000000862
2019-04-04 12:17:36,0.2500000000000431
2019-04-04 12:17:37,0.12500000000002154
2019-04-04 12:17:38,0.06250000000001077
2019-04-04 12:17:39,1.0312500000000053
2019-04-04 12:17:40,0.5156250000000027
2019-04-04 12:17:41,0.25781250000000133
2019-04-04 12:17:42,0.12890625000000067
2019-04-04 12:17:43,0.06445312500000033
2019-04-04 12:17:44,0.03222656250000017
2019-04-04 12:17:45,0.016113281250000083
2019-04-04 12:17:46,0.008056640625000042
2019-04-04 12:17:47,0.004028320312500021
2019-04-04 12:17:48,0.0020141601562500104
2019-04-04 12:17:49,0.0010070800781250052
2019-04-04 12:17:50,0.0005035400390625026
2019-04-04 12:17:51,0.0002517700195312513
2019-04-04 12:17:52,0.00012588500976562565
2019-04-04 12:17:53,6.294250488281283e-05
2019-04-04 12:17:54,3.147125244140641e-05
2019-04-04 12:17:55,1.5735626220703206e-05
2019-04-04 12:17:56,0.5000078678131104
2019-04-04 12:17:57,0.2500039339065552
2019-04-04 12:17:58,0.1250019669532776
2019-04-04 12:17:59,0.0625009834766388
2019-04-04 12:18:00,0.0312504917383194
2019-04-04 12:18:01,0.0156252458691597
2019-04-04 12:18:02,0.00781262293457985
2019-04-04 12:18:03,0.003906311467289925
2019-04-04 12:18:04,0.0019531557336449623
2019-04-04 12:18:05,0.0009765778668224812
2019-04-04 12:18:06,0.0004882889334112406
2019-04-04 12:18:07,0.0002441444667056203
2019-04-04 12:18:08,0.00012207223335281014
2019-04-04 12:18:09,6.103611667640507e-05
2019-04-04 12:18:10,3.0518058338202536e-05
2019-04-04 12:18:11,1.5259029169101268e-05
2019-04-04 12:18:12,2.5000076295145846
2019-04-04 12:18:13,1.2500038147572923
2019-04-04 12:18:14,0.6250019073786461
2019-04-04 12:18:15,0.31250095368932307
2019-04-04 12:18:16,4.1562504768446615
2019-04-04 12:18:17,2.0781252384223308
2019-04-04 12:18:18,0.5390626192111654
2019-04-04 12:18:19,0.2695313096055827
2019-04-04 12:18:20,0.13476565480279135
2019-04-04 12:18:21,0.06738282740139567
2019-04-04 12:18:22,2.533691413700698
2019-04-04 12:18:23,1.266845706850349
2019-04-04 12:18:24,0.6334228534251745
2019-04-04 12:18:25,0.31671142671258723
2019-04-04 12:18:26,0.15835571335629361
2019-04-04 12:18:27,0.07917785667814681
2019-04-04 12:18:28,0.039588928339073404
2019-04-04 12:18:29,0.019794464169536702
2019-04-04 12:18:30,0.009897232084768351
2019-04-04 12:18:31,0.0049486160423841755
2019-04-04 12:18:32,0.0024743080211920877
2019-04-04 12:18:33,0.0012371540105960439
2019-04-04 12:18:34,0.0006185770052980219
2019-04-04 12:18:35,0.500309288502649
2019-04-04 12:18:36,0.2501546442513245
2019-04-04 12:18:37,0.6250773221256622
2019-04-04 12:18:38,0.3125386610628311
2019-04-04 12:18:39,0.15626933053141556
2019-04-04 12:18:40,0.07813466526570778
2019-04-04 12:18:41,0.03906733263285389
2019-04-04 12:18:42,0.019533666316426945
2019-04-04 12:18:43,0.009766833158213473
2019-04-04 12:18:44,0.004883416579106736
2019-04-04 12:18:45,-0.9975582917104466
2019-04-04 12:18:46,-0.4987791458552233
2019-04-04 12:18:47,-0.24938957292761166
2019-04-04 12:18:48,-0.12469478646380583
2019-04-04 12:18:49,-0.062347393231902914
2019-04-04 12:18:50,-0.031173696615951457
2019-04-04 12:18:51,-0.015586848307975729
2019-04-04 12:18:52,-0.007793424153987864
2019-04-04 12:18:53,-0.003896712076993932
2019-04-04 12:18:54,-0.001948356038496966
2019-04-04 12:18:55,-2.0009741780192485
2019-04-04 12:18:56,-2.5004870890096242
2019-04-04 12:18:57,-1.2502435445048121
2019-04-04 12:18:58,-0.6251217722524061
2019-04-04 12:18:59,-0.31256088612620303
2019-04-04 12:19:00,-0.15628044306310152
2019-04-04 12:19:01,-0.07814022153155076
2019-04-04 12:19:02,-0.03907011076577538
2019-04-04 12:19:03,-0.01953505538288769
2019-04-04 12:19:04,-0.009767527691443845
2019-04-04 12:19:05,-0.004883763845721922
2019-04-04 12:19:06,-0.002441881922860961
2019-04-04 12:19:07,-0.0012209409614304806
2019-04-04 12:19:08,-0.0006104704807152403
2019-04-04 12:19:09,-0.00030523524035762015
2019-04-04 12:19:10,-0.00015261762017881007
2019-04-04 12:19:11,-7.630881008940504e-05
2019-04-04 12:19:12,-3.815440504470252e-05
2019-04-04 12:19:13,-1.907720252235126e-05
2019-04-04 12:19:14,-9.53860126117563e-06
2019-04-04 12:19:15,-4.769300630587815e-06
2019-04-04 12:19:16,-2.3846503152939074e-06
2019-04-04 12:19:17,-1.1923251576469537e-06
2019-04-04 12:19:18,-5.961625788234768e-07
2019-04-04 12:19:19,-2.980812894117384e-07
2019-04-04 12:19:20,-1.490406447058692e-07
2019-04-04 12:19:21,-7.45203223529346e-08
2019-04-04 12:19:22,-3.72601611764673e-08
2019-04-04 12:19:23,-1.863008058823365e-08
2019-04-04 12:19:24,-9.315040294116826e-09
2019-04-04 12:19:25,-4.657520147058413e-09
2019-04-04 12:19:26,-2.3287600735292064e-09
2019-04-04 12:19:27,-1.1643800367646032e-09
2019-04-04 12:19:28,-5.821900183823016e-10
2019-04-04 12:19:29,-2.910950091911508e-10
2019-04-04 12:19:30,-1.455475045955754e-10
2019-04-04 12:19:31,3.999999999927226
2019-04-04 12:19:32,1.999999999963613
2019-04-04 12:19:33,0.9999999999818066
2019-04-04 12:19:34,0.4999999999909033
2019-04-04 12:19:35,0.24999999999545164
2019-04-04 12:19:36,0.12499999999772582
2019-04-04 12:19:37,0.06249999999886291
2019-04-04 12:19:38,0.031249999999431455
2019-04-04 12:19:39,0.015624999999715727
2019-04-04 12:19:40,0.007812499999857864
2019-04-04 12:19:41,0.003906249999928932
2019-04-04 12:19:42,0.001953124999964466
2019-04-04 12:19:43,0.000976562499982233
2019-04-04 12:19:44,0.0004882812499911165
2019-04-04 12:19:45,0.00024414062499555824
2019-04-04 12:19:46,0.00012207031249777912
2019-04-04 12:19:47,6.103515624888956e-05
2019-04-04 12:19:48,3.051757812444478e-05
2019-04-04 12:19:49,1.525878906222239e-05
2019-04-04 12:19:50,7.629394531111195e-06
2019-04-04 12:19:51,3.8146972655555975e-06
2019-04-04 12:19:52,1.9073486327777988e-06
2019-04-04 12:19:53,9.536743163888994e-07
2019-04-04 12:19:54,4.768371581944497e-07
2019-04-04 12:19:55,2.3841857909722484e-07
2019-04-04 12:19:56,1.1920928954861242e-07
2019-04-04 12:19:57,5.960464477430621e-08
2019-04-04 12:19:58,2.9802322387153106e-08
2019-04-04 12:19:59,1.4901161193576553e-08
2019-04-04 12:20:00,7.450580596788276e-09
2019-04-04 12:20:01,3.725290298394138e-09
2019-04-04 12:20:02,1.862645149197069e-09
2019-04-04 12:20:03,9.313225745985345e-10
2019-04-04 12:20:04,4.6566128729926727e-10
2019-04-04 12:20:05,2.3283064364963364e-10
2019-04-04 12:20:06,1.1641532182481682e-10
2019-04-04 12:20:07,0.5000000000582077
2019-04-04 12:20:08,-0.7499999999708962
2019-04-04 12:20:09,-0.3749999999854481
2019-04-04 12:20:10,-0.18749999999272404
2019-04-04 12:20:11,-0.09374999999636202
2019-04-04 12:20:12,-0.04687499999818101
2019-04-04 12:20:13,-0.023437499999090505
2019-04-04 12:20:14,-1.5117187499995453
2019-04-04 12:20:15,0.24414062500022737
2019-04-04 12:20:16,0.12207031250011369
2019-04-04 12:20:17,0.06103515625005684
2019-04-04 12:20:18,0.03051757812502842
2019-04-04 12:20:19,-1.4847412109374858
2019-04-04 12:20:20,-0.7423706054687429
2019-04-04 12:20:21,-0.37118530273437145
2019-04-04 12:20:22,-0.6855926513671857
2019-04-04 12:20:23,-1.3427963256835929
2019-04-04 12:20:24,-0.6713981628417964
2019-04-04 12:20:25,-0.3356990814208982
2019-04-04 12:20:26,-0.1678495407104491
2019-04-04 12:20:27,-0.5839247703552246
2019-04-04 12:20:28,-0.2919623851776123
2019-04-04 12:20:29,-0.14598119258880615
2019-04-04 12:20:30,-0.07299059629440308
2019-04-04 12:20:31,-0.03649529814720154
2019-04-04 12:20:32,-0.01824764907360077
2019-04-04 12:20:33,-0.009123824536800385
2019-04-04 12:20:34,-0.004561912268400192
2019-04-04 12:20:35,-0.002280956134200096
2019-04-04 12:20:36,-0.001140478067100048
2019-04-04 12:20:37,-0.000570239033550024
2019-04-04 12:20:38,-0.000285119516775012
2019-04-04 12:20:39,-0.000142559758387506
2019-04-04 12:20:40,-7.1279879193753e-05
2019-04-04 12:20:41,-0.5000356399395969
2019-04-04 12:20:42,-0.25001781996979844
2019-04-04 12:20:43,-0.12500890998489922
2019-04-04 12:20:44,-0.06250445499244961
2019-04-04 12:20:45,-0.031252227496224805
2019-04-04 12:20:46,-1.0156261137481124
2019-04-04 12:20:47,-0.5078130568740562
2019-04-04 12:20:48,-0.2539065284370281
2019-04-04 12:20:49,-0.12695326421851405
2019-04-04 12:20:50,-0.06347663210925703
2019-04-04 12:20:51,-0.03173831605462851
2019-04-04 12:20:52,-0.015869158027314256
2019-04-04 12:20:53,-0.007934579013657128
2019-04-04 12:20:54,-0.003967289506828564
2019-04-04 12:20:55,0.4980163552465857
2019-04-04 12:20:56,0.24900817762329286
2019-04-04 12:20:57,0.12450408881164643
2019-04-04 12:20:58,0.062252044405823215
2019-04-04 12:20:59,0.031126022202911607
2019-04-04 12:21:00,0.015563011101455804
2019-04-04 12:21:01,0.007781505550727902
2019-04-04 12:21:02,0.003890752775363951
2019-04-04 12:21:03,0.0019453763876819755
2019-04-04 12:21:04,0.0009726881938409877
2019-04-04 12:21:05,0.00048634409692049387
2019-04-04 12:21:06,0.00024317204846024693
2019-04-04 12:21:07,0.00012158602423012347
2019-04-04 12:21:08,6.079301211506173e-05
2019-04-04 12:21:09,3.0396506057530867e-05
2019-04-04 12:21:10,1.5198253028765433e-05
2019-04-04 12:21:11,7.599126514382717e-06
2019-04-04 12:21:12,3.7995632571913583e-06
2019-04-04 12:21:13,1.8997816285956792e-06
2019-04-04 12:21:14,9.498908142978396e-07
2019-04-04 12:21:15,4.749454071489198e-07
2019-04-04 12:21:16,2.374727035744599e-07
2019-04-04 12:21:17,-0.4999998812636482
2019-04-04 12:21:18,-0.2499999406318241
2019-04-04 12:21:19,-0.12499997031591205
2019-04-04 12:21:20,-0.062499985157956024
2019-04-04 12:21:21,-1.031249992578978
2019-04-04 12:21:22,-0.515624996289489
2019-04-04 12:21:23,-0.7578124981447445
2019-04-04 12:21:24,-0.37890624907237225
2019-04-04 12:21:25,-0.18945312453618612
2019-04-04 12:21:26,-0.09472656226809306
2019-04-04 12:21:27,0.45263671886595347
2019-04-04 12:21:28,0.22631835943297673
2019-04-04 12:21:29,0.11315917971648837
2019-04-04 12:21:30,0.056579589858244184
2019-04-04 12:21:31,0.028289794929122092
2019-04-04 12:21:32,0.014144897464561046
2019-04-04 12:21:33,0.007072448732280523
2019-04-04 12:21:34,0.0035362243661402615
2019-04-04 12:21:35,0.0017681121830701307
2019-04-04 12:21:36,0.0008840560915350654
2019-04-04 12:21:37,1.0004420280457675
2019-04-04 12:21:38,0.5002210140228838
2019-04-04 12:21:39,0.2501105070114419
2019-04-04 12:21:40,0.12505525350572094
2019-04-04 12:21:41,0.06252762675286047
2019-04-04 12:21:42,0.031263813376430236
2019-04-04 12:21:43,0.015631906688215118
2019-04-04 12:21:44,0.007815953344107559
2019-04-04 12:21:45,1.0039079766720538
2019-04-04 12:21:46,0.5019539883360269
2019-04-04 12:21:47,0.25097699416801345
2019-04-04 12:21:48,0.12548849708400672
2019-04-04 12:21:49,0.06274424854200336
2019-04-04 12:21:50,0.03137212427100168
2019-04-04 12:21:51,0.01568606213550084
2019-04-04 12:21:52,0.00784303106775042
2019-04-04 12:21:53,0.00392151553387521
2019-04-04 12:21:54,0.001960757766937605
2019-04-04 12:21:55,0.0009803788834688025
2019-04-04 12:21:56,0.0004901894417344013
2019-04-04 12:21:57,0.00024509472086720063
2019-04-04 12:21:58,0.00012254736043360032
2019-04-04 12:21:59,6.127368021680016e-05
2019-04-04 12:22:00,3.063684010840008e-05
2019-04-04 12:22:01,1.531842005420004e-05
2019-04-04 12:22:02,7.65921002710002e-06
2019-04-04 12:22:03,-0.9999961703949864
2019-04-04 12:22:04,-0.4999980851974932
2019-04-04 12:22:05,-0.2499990425987466
2019-04-04 12:22:06,-0.1249995212993733
2019-04-04 12:22:07,-0.06249976064968665
2019-04-04 12:22:08,-0.5312498803248433
2019-04-04 12:22:09,-0.26562494016242166
2019-04-04 12:22:10,-0.13281247008121083
2019-04-04 12:22:11,-0.06640623504060542
2019-04-04 12:22:12,0.9667968824796973
2019-04-04 12:22:13,0.48339844123984865
2019-04-04 12:22:14,0.24169922061992433
2019-04-04 12:22:15,0.12084961030996216
2019-04-04 12:22:16,0.06042480515498108
2019-04-04 12:22:17,0.5302124025774906
2019-04-04 12:22:18,1.2651062012887453
2019-04-04 12:22:19,0.6325531006443726
2019-04-04 12:22:20,0.3162765503221863
2019-04-04 12:22:21,0.15813827516109316
2019-04-04 12:22:22,0.07906913758054658
2019-04-04 12:22:23,0.03953456879027329
2019-04-04 12:22:24,0.019767284395136645
2019-04-04 12:22:25,0.009883642197568323
2019-04-04 12:22:26,0.004941821098784161
2019-04-04 12:22:27,0.5024709105493921
2019-04-04 12:22:28,0.25123545527469604
2019-04-04 12:22:29,0.12561772763734802
2019-04-04 12:22:30,0.06280886381867401
2019-04-04 12:22:31,0.031404431909337005
2019-04-04 12:22:32,0.015702215954668503
2019-04-04 12:22:33,0.007851107977334251
2019-04-04 12:22:34,0.003925553988667126
2019-04-04 12:22:35,0.001962776994333563
2019-04-04 12:22:36,1.0009813884971668
2019-04-04 12:22:37,1.5004906942485834
2019-04-04 12:22:38,0.7502453471242917
2019-04-04 12:22:39,0.8751226735621458
2019-04-04 12:22:40,0.4375613367810729
2019-04-04 12:22:41,0.21878066839053645
2019-04-04 12:22:42,0.10939033419526822
2019-04-04 12:22:43,0.05469516709763411
2019-04-04 12:22:44,0.027347583548817056
2019-04-04 12:22:45,0.013673791774408528
2019-04-04 12:22:46,0.006836895887204264
2019-04-04 12:22:47,0.003418447943602132
2019-04-04 12:22:48,0.001709223971801066
2019-04-04 12:22:49,0.000854611985900533
2019-04-04 12:22:50,0.0004273059929502665
2019-04-04 12:22:51,0.00021365299647513325
2019-04-04 12:22:52,0.00010682649823756662
2019-04-04 12:22:53,5.341324911878331e-05
2019-04-04 12:22:54,2.6706624559391656e-05
2019-04-04 12:22:55,1.3353312279695828e-05
2019-04-04 12:22:56,6.676656139847914e-06
2019-04-04 12:22:57,3.338328069923957e-06
2019-04-04 12:22:58,1.6691640349619785e-06
2019-04-04 12:22:59,8.345820174809893e-07
2019-04-04 12:23:00,4.1729100874049463e-07
2019-04-04 12:23:01,2.0864550437024731e-07
2019-04-04 12:23:02,1.0432275218512366e-07
2019-04-04 12:23:03,5.216137609256183e-08
2019-04-04 12:23:04,2.6080688046280914e-08
2019-04-04 12:23:05,1.3040344023140457e-08
2019-04-04 12:23:06,6.5201720115702286e-09
2019-04-04 12:23:07,3.2600860057851143e-09
2019-04-04 12:23:08,1.6300430028925571e-09
2019-04-04 12:23:09,8.150215014462786e-10
2019-04-04 12:23:10,4.075107507231393e-10
2019-04-04 12:23:11,2.0375537536156964e-10
2019-04-04 12:23:12,1.0187768768078482e-10
2019-04-04 12:23:13,5.093884384039241e-11
2019-04-04 12:23:14,2.5469421920196205e-11
2019-04-04 12:23:15,1.2734710960098103e-11
2019-04-04 12:23:16,6.367355480049051e-12
2019-04-04 12:23:17,3.1836777400245257e-12
2019-04-04 12:23:18,1.5918388700122628e-12
2019-04-04 12:23:19,7.959194350061314e-13
2019-04-04 12:23:20,3.979597175030657e-13
2019-04-04 12:23:21,1.9897985875153285e-13
2019-04-04 12:23:22,-0.9999999999999005
2019-04-04 12:23:23,-0.49999999999995026
2019-04-04 12:23:24,-0.24999999999997513
2019-04-04 12:23:25,-0.12499999999998757
2019-04-04 12:23:26,-0.06249999999999378
2019-04-04 12:23:27,-0.03124999999999689
2019-04-04 12:23:28,-0.015624999999998446
2019-04-04 12:23:29,-0.007812499999999223
2019-04-04 12:23:30,-0.0039062499999996114
2019-04-04 12:23:31,-0.0019531249999998057
2019-04-04 12:23:32,-0.0009765624999999029
2019-04-04 12:23:33,-0.00048828124999995143
2019-04-04 12:23:34,-0.00024414062499997571
2019-04-04 12:23:35,-0.00012207031249998786
2019-04-04 12:23:36,-6.103515624999393e-05
2019-04-04 12:23:37,-3.0517578124996964e-05
2019-04-04 12:23:38,-1.5258789062498482e-05
2019-04-04 12:23:39,-7.629394531249241e-06
2019-04-04 12:23:40,-3.8146972656246205e-06
2019-04-04 12:23:41,-1.9073486328123103e-06
2019-04-04 12:23:42,-9.536743164061551e-07
2019-04-04 12:23:43,-4.7683715820307757e-07
2019-04-04 12:23:44,-2.3841857910153878e-07
2019-04-04 12:23:45,-1.1920928955076939e-07
2019-04-04 12:23:46,-5.9604644775384696e-08
2019-04-04 12:23:47,-2.9802322387692348e-08
2019-04-04 12:23:48,-1.4901161193846174e-08
2019-04-04 12:23:49,-7.450580596923087e-09
2019-04-04 12:23:50,-3.7252902984615435e-09
2019-04-04 12:23:51,-1.8626451492307717e-09
2019-04-04 12:23:52,-9.313225746153859e-10
2019-04-04 12:23:53,-0.5000000004656613
2019-04-04 12:23:54,-0.25000000023283064
2019-04-04 12:23:55,-0.12500000011641532
2019-04-04 12:23:56,-2.0625000000582077
2019-04-04 12:23:57,-0.5312500000291038
2019-04-04 12:23:58,-0.2656250000145519
2019-04-04 12:23:59,-0.13281250000727596
2019-04-04 12:24:00,-0.06640625000363798
2019-04-04 12:24:01,-0.03320312500181899
2019-04-04 12:24:02,-0.016601562500909495
2019-04-04 12:24:03,-0.008300781250454747
2019-04-04 12:24:04,-0.004150390625227374
2019-04-04 12:24:05,-0.002075195312613687
2019-04-04 12:24:06,-0.0010375976563068434
2019-04-04 12:24:07,-0.5005187988281534
2019-04-04 12:24:08,1.2497406005859233
2019-04-04 12:24:09,0.6248703002929616
2019-04-04 12:24:10,0.3124351501464808
2019-04-04 12:24:11,0.1562175750732404
2019-04-04 12:24:12,0.0781087875366202
2019-04-04 12:24:13,0.0390543937683101
2019-04-04 12:24:14,0.01952719688415505
2019-04-04 12:24:15,0.009763598442077526
2019-04-04 12:24:16,0.004881799221038763
2019-04-04 12:24:17,0.0024408996105193814
2019-04-04 12:24:18,0.0012204498052596907
2019-04-04 12:24:19,0.0006102249026298454
2019-04-04 12:24:20,0.0003051124513149227
2019-04-04 12:24:21,0.00015255622565746134
2019-04-04 12:24:22,7.627811282873067e-05
2019-04-04 12:24:23,3.8139056414365335e-05
2019-04-04 12:24:24,1.9069528207182667e-05
2019-04-04 12:24:25,9.534764103591334e-06
2019-04-04 12:24:26,4.767382051795667e-06
2019-04-04 12:24:27,2.3836910258978334e-06
2019-04-04 12:24:28,1.1918455129489167e-06
2019-04-04 12:24:29,5.959227564744584e-07
2019-04-04 12:24:30,2.979613782372292e-07
2019-04-04 12:24:31,1.489806891186146e-07
2019-04-04 12:24:32,7.44903445593073e-08
2019-04-04 12:24:33,3.724517227965365e-08
2019-04-04 12:24:34,1.8622586139826824e-08
2019-04-04 12:24:35,9.311293069913412e-09
2019-04-04 12:24:36,4.655646534956706e-09
2019-04-04 12:24:37,2.327823267478353e-09
2019-04-04 12:24:38,1.1639116337391765e-09
2019-04-04 12:24:39,5.819558168695882e-10
2019-04-04 12:24:40,2.909779084347941e-10
2019-04-04 12:24:41,1.4548895421739706e-10
2019-04-04 12:24:42,7.274447710869853e-11
2019-04-04 12:24:43,3.6372238554349265e-11
2019-04-04 12:24:44,1.8186119277174632e-11
2019-04-04 12:24:45,9.093059638587316e-12
2019-04-04 12:24:46,1.0000000000045466
2019-04-04 12:24:47,0.5000000000022733
2019-04-04 12:24:48,0.25000000000113665
2019-04-04 12:24:49,0.12500000000056832
2019-04-04 12:24:50,0.06250000000028416
2019-04-04 12:24:51,0.5312500000001421
2019-04-04 12:24:52,3.765625000000071
2019-04-04 12:24:53,1.8828125000000355
2019-04-04 12:24:54,0.9414062500000178
2019-04-04 12:24:55,0.4707031250000089
2019-04-04 12:24:56,0.23535156250000444
2019-04-04 12:24:57,0.11767578125000222
2019-04-04 12:24:58,0.05883789062500111
2019-04-04 12:24:59,0.029418945312500555
2019-04-04 12:25:00,0.014709472656250278
2019-04-04 12:25:01,0.007354736328125139
2019-04-04 12:25:02,0.0036773681640625694
2019-04-04 12:25:03,0.0018386840820312847
2019-04-04 12:25:04,-4.999080657958984
2019-04-04 12:25:05,-2.499540328979492
2019-04-04 12:25:06,-2.749770164489746
2019-04-04 12:25:07,-1.374885082244873
2019-04-04 12:25:08,-0.6874425411224365
2019-04-04 12:25:09,-0.34372127056121826
2019-04-04 12:25:10,-0.17186063528060913
2019-04-04 12:25:11,-0.08593031764030457
2019-04-04 12:25:12,-0.5429651588201523
2019-04-04 12:25:13,-0.27148257941007614
2019-04-04 12:25:14,-0.13574128970503807
2019-04-04 12:25:15,-0.06787064485251904
2019-04-04 12:25:16,-0.03393532242625952
2019-04-04 12:25:17,-0.01696766121312976
2019-04-04 12:25:18,-0.00848383060656488
2019-04-04 12:25:19,-0.00424191530328244
2019-04-04 12:25:20,0.4978790423483588
2019-04-04 12:25:21,0.2489395211741794
2019-04-04 12:25:22,0.1244697605870897
2019-04-04 12:25:23,0.06223488029354485
2019-04-04 12:25:24,0.031117440146772424
2019-04-04 12:25:25,0.015558720073386212
2019-04-04 12:25:26,0.007779360036693106
2019-04-04 12:25:27,0.003889680018346553
2019-04-04 12:25:28,0.5019448400091733
2019-04-04 12:25:29,0.25097242000458664
2019-04-04 12:25:30,0.12548621000229332
2019-04-04 12:25:31,0.06274310500114666
2019-04-04 12:25:32,0.03137155250057333
2019-04-04 12:25:33,0.015685776250286665
2019-04-04 12:25:34,0.007842888125143332
2019-04-04 12:25:35,0.003921444062571666
2019-04-04 12:25:36,0.001960722031285833
2019-04-04 12:25:37,0.0009803610156429166
2019-04-04 12:25:38,0.0004901805078214583
2019-04-04 12:25:39,0.00024509025391072914
2019-04-04 12:25:40,0.00012254512695536457
2019-04-04 12:25:41,6.127256347768228e-05
2019-04-04 12:25:42,3.063628173884114e-05
2019-04-04 12:25:43,1.531814086942057e-05
2019-04-04 12:25:44,7.659070434710286e-06
2019-04-04 12:25:45,3.829535217355143e-06
2019-04-04 12:25:46,1.9147676086775714e-06
2019-04-04 12:25:47,9.573838043387857e-07
2019-04-04 12:25:48,4.786919021693928e-07
2019-04-04 12:25:49,2.393459510846964e-07
2019-04-04 12:25:50,1.196729755423482e-07
2019-04-04 12:25:51,5.98364877711741e-08
2019-04-04 12:25:52,-0.4999999700817561
2019-04-04 12:25:53,-0.24999998504087806
2019-04-04 12:25:54,-0.12499999252043903
2019-04-04 12:25:55,-0.062499996260219515
2019-04-04 12:25:56,-0.031249998130109757
2019-04-04 12:25:57,-0.015624999065054879
2019-04-04 12:25:58,-0.007812499532527439
2019-04-04 12:25:59,-0.0039062497662637197
2019-04-04 12:26:00,-0.0019531248831318598
2019-04-04 12:26:01,-0.0009765624415659299
2019-04-04 12:26:02,-0.00048828122078296496
2019-04-04 12:26:03,-0.00024414061039148248
2019-04-04 12:26:04,-0.00012207030519574124
2019-04-04 12:26:05,-6.103515259787062e-05
2019-04-04 12:26:06,-3.051757629893531e-05
2019-04-04 12:26:07,-1.5258788149467655e-05
2019-04-04 12:26:08,-7.6293940747338275e-06
2019-04-04 12:26:09,-3.8146970373669137e-06
2019-04-04 12:26:10,-1.9073485186834569e-06
2019-04-04 12:26:11,-9.536742593417284e-07
2019-04-04 12:26:12,-4.768371296708642e-07
2019-04-04 12:26:13,-2.384185648354321e-07
2019-04-04 12:26:14,-1.1920928241771605e-07
2019-04-04 12:26:15,-5.960464120885803e-08
2019-04-04 12:26:16,0.4999999701976794
2019-04-04 12:26:17,0.2499999850988397
2019-04-04 12:26:18,0.12499999254941985
2019-04-04 12:26:19,0.062499996274709924
2019-04-04 12:26:20,0.031249998137354962
2019-04-04 12:26:21,0.5156249990686774
2019-04-04 12:26:22,0.2578124995343387
2019-04-04 12:26:23,0.12890624976716936
2019-04-04 12:26:24,0.06445312488358468
2019-04-04 12:26:25,0.03222656244179234
2019-04-04 12:26:26,0.01611328122089617
2019-04-04 12:26:27,0.008056640610448085
2019-04-04 12:26:28,0.004028320305224042
2019-04-04 12:26:29,0.002014160152612021
2019-04-04 12:26:30,0.0010070800763060106
2019-04-04 12:26:31,0.0005035400381530053
2019-04-04 12:26:32,0.00025177001907650265
2019-04-04 12:26:33,0.00012588500953825132
2019-04-04 12:26:34,6.294250476912566e-05
2019-04-04 12:26:35,3.147125238456283e-05
2019-04-04 12:26:36,1.5735626192281416e-05
2019-04-04 12:26:37,7.867813096140708e-06
2019-04-04 12:26:38,3.933906548070354e-06
2019-04-04 12:26:39,1.966953274035177e-06
2019-04-04 12:26:40,-0.499999016523363
2019-04-04 12:26:41,1.2500004917383185
2019-04-04 12:26:42,0.6250002458691593
2019-04-04 12:26:43,0.3125001229345796
2019-04-04 12:26:44,0.1562500614672898
2019-04-04 12:26:45,0.0781250307336449
2019-04-04 12:26:46,0.03906251536682245
2019-04-04 12:26:47,0.5195312576834112
2019-04-04 12:26:48,0.2597656288417056
2019-04-04 12:26:49,0.1298828144208528
2019-04-04 12:26:50,0.0649414072104264
2019-04-04 12:26:51,0.0324707036052132
2019-04-04 12:26:52,0.0162353518026066
2019-04-04 12:26:53,-2.9918823240986967
2019-04-04 12:26:54,-1.4959411620493483
2019-04-04 12:26:55,-0.7479705810246742
2019-04-04 12:26:56,-0.3739852905123371
2019-04-04 12:26:57,-0.18699264525616854
2019-04-04 12:26:58,-0.09349632262808427
2019-04-04 12:26:59,-0.046748161314042136
2019-04-04 12:27:00,-0.023374080657021068
2019-04-04 12:27:01,-0.011687040328510534
2019-04-04 12:27:02,-0.005843520164255267
2019-04-04 12:27:03,-0.0029217600821276335
2019-04-04 12:27:04,-0.0014608800410638167
2019-04-04 12:27:05,-0.0007304400205319084
2019-04-04 12:27:06,-0.0003652200102659542
2019-04-04 12:27:07,-0.0001826100051329771
2019-04-04 12:27:08,-9.130500256648855e-05
2019-04-04 12:27:09,-4.565250128324427e-05
2019-04-04 12:27:10,-2.2826250641622137e-05
2019-04-04 12:27:11,-1.1413125320811068e-05
2019-04-04 12:27:12,-5.706562660405534e-06
2019-04-04 12:27:13,-2.853281330202767e-06
2019-04-04 12:27:14,-1.4266406651013835e-06
2019-04-04 12:27:15,-7.133203325506918e-07
2019-04-04 12:27:16,-3.566601662753459e-07
2019-04-04 12:27:17,-1.7833008313767294e-07
2019-04-04 12:27:18,-8.916504156883647e-08
2019-04-04 12:27:19,-4.4582520784418236e-08
2019-04-04 12:27:20,-2.2291260392209118e-08
2019-04-04 12:27:21,-1.1145630196104559e-08
2019-04-04 12:27:22,-5.5728150980522795e-09
2019-04-04 12:27:23,-2.7864075490261397e-09
2019-04-04 12:27:24,-1.3932037745130699e-09
2019-04-04 12:27:25,-6.966018872565349e-10
2019-04-04 12:27:26,-3.4830094362826747e-10
2019-04-04 12:27:27,-1.7415047181413373e-10
2019-04-04 12:27:28,-8.707523590706687e-11
2019-04-04 12:27:29,-4.3537617953533433e-11
2019-04-04 12:27:30,-2.1768808976766717e-11
2019-04-04 12:27:31,-1.0884404488383358e-11
2019-04-04 12:27:32,-5.442202244191679e-12
2019-04-04 12:27:33,-2.7211011220958396e-12
2019-04-04 12:27:34,-1.3605505610479198e-12
2019-04-04 12:27:35,-6.802752805239599e-13
2019-04-04 12:27:36,-3.4013764026197995e-13
2019-04-04 12:27:37,-1.7006882013098997e-13
2019-04-04 12:27:38,-8.503441006549499e-14
2019-04-04 12:27:39,-4.2517205032747493e-14
2019-04-04 12:27:40,-2.1258602516373747e-14
2019-04-04 12:27:41,-1.0629301258186873e-14
2019-04-04 12:27:42,-5.314650629093437e-15
2019-04-04 12:27:43,-2.6573253145467183e-15
2019-04-04 12:27:44,-1.3286626572733592e-15
2019-04-04 12:27:45,-6.643313286366796e-16
2019-04-04 12:27:46,-3.321656643183398e-16
2019-04-04 12:27:47,-1.660828321591699e-16
2019-04-04 12:27:48,-8.304141607958495e-17
2019-04-04 12:27:49,-4.1520708039792474e-17
2019-04-04 12:27:50,-2.0760354019896237e-17
2019-04-04 12:27:51,-1.0380177009948119e-17
2019-04-04 12:27:52,-5.190088504974059e-18
2019-04-04 12:27:53,-2.5950442524870296e-18
2019-04-04 12:27:54,-1.2975221262435148e-18
2019-04-04 12:27:55,-6.487610631217574e-19
2019-04-04 12:27:56,-3.243805315608787e-19
2019-04-04 12:27:57,-1.6219026578043935e-19
2019-04-04 12:27:58,-8.109513289021968e-20
2019-04-04 12:27:59,-4.054756644510984e-20
2019-04-04 12:28:00,-2.027378322255492e-20
2019-04-04 12:28:01,-1.013689161127746e-20
2019-04-04 12:28:02,-5.06844580563873e-21
2019-04-04 12:28:03,-1.5
2019-04-04 12:28:04,-0.75
2019-04-04 12:28:05,-0.875
2019-04-04 12:28:06,-0.4375
2019-04-04 12:28:07,-0.21875
2019-04-04 12:28:08,-0.109375
2019-04-04 12:28:09,-0.0546875
2019-04-04 12:28:10,-0.02734375
2019-04-04 12:28:11,-0.013671875
2019-04-04 12:28:12,-0.0068359375
2019-04-04 12:28:13,-0.00341796875
2019-04-04 12:28:14,-0.001708984375
2019-04-04 12:28:15,-0.0008544921875
2019-04-04 12:28:16,-0.00042724609375
2019-04-04 12:28:17,-0.000213623046875
2019-04-04 12:28:18,-0.0001068115234375
2019-04-04 12:28:19,-5.340576171875e-05
2019-04-04 12:28:20,-2.6702880859375e-05
2019-04-04 12:28:21,-1.33514404296875e-05
2019-04-04 12:28:22,-6.67572021484375e-06
2019-04-04 12:28:23,-3.337860107421875e-06
2019-04-04 12:28:24,-1.6689300537109375e-06
2019-04-04 12:28:25,-8.344650268554688e-07
2019-04-04 12:28:26,-4.172325134277344e-07
2019-04-04 12:28:27,-2.086162567138672e-07
2019-04-04 12:28:28,-1.043081283569336e-07
2019-04-04 12:28:29,-5.21540641784668e-08
2019-04-04 12:28:30,-2.60770320892334e-08
2019-04-04 12:28:31,-1.30385160446167e-08
2019-04-04 12:28:32,-6.51925802230835e-09
2019-04-04 12:28:33,-3.259629011154175e-09
2019-04-04 12:28:34,-1.6298145055770874e-09
2019-04-04 12:28:35,-8.149072527885437e-10
2019-04-04 12:28:36,-4.0745362639427185e-10
2019-04-04 12:28:37,-2.0372681319713593e-10
2019-04-04 12:28:38,-1.0186340659856796e-10
2019-04-04 12:28:39,-5.093170329928398e-11
2019-04-04 12:28:40,-2.546585164964199e-11
2019-04-04 12:28:41,-1.2732925824820995e-11
2019-04-04 12:28:42,-6.366462912410498e-12
2019-04-04 12:28:43,-3.183231456205249e-12
2019-04-04 12:28:44,-1.5916157281026244e-12
2019-04-04 12:28:45,0.4999999999992042
2019-04-04 12:28:46,0.2499999999996021
2019-04-04 12:28:47,0.12499999999980105
2019-04-04 12:28:48,0.062499999999900524
2019-04-04 12:28:49,0.031249999999950262
2019-04-04 12:28:50,0.015624999999975131
2019-04-04 12:28:51,0.0078124999999875655
2019-04-04 12:28:52,0.0039062499999937828
2019-04-04 12:28:53,0.0019531249999968914
2019-04-04 12:28:54,0.0009765624999984457
2019-04-04 12:28:55,0.00048828124999922284
2019-04-04 12:28:56,0.00024414062499961142
2019-04-04 12:28:57,0.00012207031249980571
2019-04-04 12:28:58,6.1035156249902855e-05
2019-04-04 12:28:59,3.500030517578125
2019-04-04 12:29:00,1.7500152587890625
2019-04-04 12:29:01,0.8750076293945312
2019-04-04 12:29:02,0.4375038146972656
2019-04-04 12:29:03,0.2187519073486328
2019-04-04 12:29:04,0.1093759536743164
2019-04-04 12:29:05,0.0546879768371582
2019-04-04 12:29:06,0.0273439884185791
2019-04-04 12:29:07,0.01367199420928955
2019-04-04 12:29:08,-0.9931640028953552
2019-04-04 12:29:09,9.503417998552322
2019-04-04 12:29:10,-0.2482910007238388
2019-04-04 12:29:11,0.3758544996380806
2019-04-04 12:29:12,0.1879272498190403
2019-04-04 12:29:13,0.09396362490952015
2019-04-04 12:29:14,0.046981812454760075
2019-04-04 12:29:15,0.023490906227380037
2019-04-04 12:29:16,0.011745453113690019
2019-04-04 12:29:17,0.005872726556845009
2019-04-04 12:29:18,0.0029363632784225047
2019-04-04 12:29:19,0.0014681816392112523
2019-04-04 12:29:20,0.0007340908196056262
2019-04-04 12:29:21,0.0003670454098028131
2019-04-04 12:29:22,0.00018352270490140654
2019-04-04 12:29:23,9.176135245070327e-05
2019-04-04 12:29:24,4.5880676225351635e-05
2019-04-04 12:29:25,2.2940338112675818e-05
2019-04-04 12:29:26,1.1470169056337909e-05
2019-04-04 12:29:27,5.735084528168954e-06
2019-04-04 12:29:28,-2.499997132457736
2019-04-04 12:29:29,-1.249998566228868
2019-04-04 12:29:30,-0.624999283114434
2019-04-04 12:29:31,-0.312499641557217
2019-04-04 12:29:32,0.3437501792213915
2019-04-04 12:29:33,0.17187508961069575
2019-04-04 12:29:34,0.08593754480534788
2019-04-04 12:29:35,0.04296877240267394
2019-04-04 12:29:36,0.02148438620133697
2019-04-04 12:29:37,0.010742193100668485
2019-04-04 12:29:38,0.005371096550334242
2019-04-04 12:29:39,0.002685548275167121
2019-04-04 12:29:40,0.0013427741375835606
2019-04-04 12:29:41,0.0006713870687917803
2019-04-04 12:29:42,0.00033569353439589014
2019-04-04 12:29:43,0.00016784676719794507
2019-04-04 12:29:44,8.392338359897254e-05
2019-04-04 12:29:45,4.196169179948627e-05
2019-04-04 12:29:46,2.0980845899743134e-05
2019-04-04 12:29:47,-0.49998950957705013
2019-04-04 12:29:48,-0.24999475478852506
2019-04-04 12:29:49,-0.12499737739426253
2019-04-04 12:29:50,-0.062498688697131266
2019-04-04 12:29:51,-0.031249344348565633
2019-04-04 12:29:52,-0.015624672174282817
2019-04-04 12:29:53,-0.007812336087141408
2019-04-04 12:29:54,-0.003906168043570704
2019-04-04 12:29:55,-0.5019530840217854
2019-04-04 12:29:56,-0.2509765420108927
2019-04-04 12:29:57,-0.12548827100544635
2019-04-04 12:29:58,-1.5627441355027232
2019-04-04 12:29:59,-0.7813720677513616
2019-04-04 12:30:00,-0.3906860338756808
2019-04-04 12:30:01,-0.1953430169378404
2019-04-04 12:30:02,-0.0976715084689202
2019-04-04 12:30:03,-0.0488357542344601
2019-04-04 12:30:04,-0.02441787711723005
2019-04-04 12:30:05,-0.012208938558615025
2019-04-04 12:30:06,-0.006104469279307512
2019-04-04 12:30:07,-0.003052234639653756
2019-04-04 12:30:08,-0.001526117319826878
2019-04-04 12:30:09,-0.000763058659913439
2019-04-04 12:30:10,-0.0003815293299567195
2019-04-04 12:30:11,-0.00019076466497835976
2019-04-04 12:30:12,-9.538233248917988e-05
2019-04-04 12:30:13,-4.769116624458994e-05
2019-04-04 12:30:14,-2.384558312229497e-05
2019-04-04 12:30:15,-1.1922791561147485e-05
2019-04-04 12:30:16,-5.961395780573743e-06
2019-04-04 12:30:17,-2.9806978902868713e-06
2019-04-04 12:30:18,-1.4903489451434356e-06
2019-04-04 12:30:19,-7.451744725717178e-07
2019-04-04 12:30:20,-3.725872362858589e-07
2019-04-04 12:30:21,-1.8629361814292946e-07
2019-04-04 12:30:22,-9.314680907146473e-08
2019-04-04 12:30:23,-4.6573404535732364e-08
2019-04-04 12:30:24,-2.3286702267866182e-08
2019-04-04 12:30:25,-1.1643351133933091e-08
2019-04-04 12:30:26,-5.8216755669665455e-09
2019-04-04 12:30:27,-2.9108377834832727e-09
2019-04-04 12:30:28,-1.4554188917416364e-09
2019-04-04 12:30:29,-7.277094458708182e-10
2019-04-04 12:30:30,-3.638547229354091e-10
2019-04-04 12:30:31,-1.8192736146770455e-10
2019-04-04 12:30:32,-9.096368073385227e-11
2019-04-04 12:30:33,-4.5481840366926137e-11
2019-04-04 12:30:34,-2.2740920183463068e-11
2019-04-04 12:30:35,-1.1370460091731534e-11
2019-04-04 12:30:36,-5.685230045865767e-12
2019-04-04 12:30:37,-2.8426150229328835e-12
2019-04-04 12:30:38,-1.4213075114664418e-12
2019-04-04 12:30:39,-7.106537557332209e-13
2019-04-04 12:30:40,-3.5532687786661044e-13
2019-04-04 12:30:41,-1.7766343893330522e-13
2019-04-04 12:30:42,-8.883171946665261e-14
2019-04-04 12:30:43,-4.4415859733326305e-14
2019-04-04 12:30:44,-2.2207929866663153e-14
2019-04-04 12:30:45,-1.1103964933331576e-14
2019-04-04 12:30:46,-5.551982466665788e-15
2019-04-04 12:30:47,-2.775991233332894e-15
2019-04-04 12:30:48,-1.387995616666447e-15
2019-04-04 12:30:49,-6.939978083332235e-16
2019-04-04 12:30:50,-3.4699890416661176e-16
2019-04-04 12:30:51,-2.5
2019-04-04 12:30:52,-1.25
2019-04-04 12:30:53,-0.625
2019-04-04 12:30:54,-0.3125
2019-04-04 12:30:55,-0.15625
2019-04-04 12:30:56,-0.078125
2019-04-04 12:30:57,-0.0390625
2019-04-04 12:30:58,-0.01953125
2019-04-04 12:30:59,-0.009765625
2019-04-04 12:31:00,-0.0048828125
2019-04-04 12:31:01,-0.00244140625
2019-04-04 12:31:02,-0.001220703125
2019-04-04 12:31:03,-0.0006103515625
2019-04-04 12:31:04,-0.00030517578125
2019-04-04 12:31:05,-0.000152587890625
2019-04-04 12:31:06,-7.62939453125e-05
2019-04-04 12:31:07,-3.814697265625e-05
2019-04-04 12:31:08,-1.9073486328125e-05
2019-04-04 12:31:09,-9.5367431640625e-06
2019-04-04 12:31:10,-7.500004768371582
2019-04-04 12:31:11,-3.750002384185791
2019-04-04 12:31:12,-1.8750011920928955
2019-04-04 12:31:13,-0.9375005960464478
2019-04-04 12:31:14,-0.4687502980232239
2019-04-04 12:31:15,-0.7343751490116119
2019-04-04 12:31:16,-0.36718757450580597
2019-04-04 12:31:17,-0.18359378725290298
2019-04-04 12:31:18,-0.09179689362645149
2019-04-04 12:31:19,-0.045898446813225746
2019-04-04 12:31:20,-0.022949223406612873
2019-04-04 12:31:21,-0.011474611703306437
2019-04-04 12:31:22,-0.005737305851653218
2019-04-04 12:31:23,-0.002868652925826609
2019-04-04 12:31:24,-0.0014343264629133046
2019-04-04 12:31:25,-0.0007171632314566523
2019-04-04 12:31:26,-0.00035858161572832614
2019-04-04 12:31:27,-0.00017929080786416307
2019-04-04 12:31:28,-8.964540393208154e-05
2019-04-04 12:31:29,-4.482270196604077e-05
2019-04-04 12:31:30,-2.2411350983020384e-05
2019-04-04 12:31:31,-1.1205675491510192e-05
2019-04-04 12:31:32,-5.602837745755096e-06
2019-04-04 12:31:33,-2.801418872877548e-06
2019-04-04 12:31:34,-1.400709436438774e-06
2019-04-04 12:31:35,-7.00354718219387e-07
2019-04-04 12:31:36,-3.501773591096935e-07
2019-04-04 12:31:37,-1.7508867955484675e-07
2019-04-04 12:31:38,-8.754433977742337e-08
2019-04-04 12:31:39,-4.377216988871169e-08
2019-04-04 12:31:40,-2.1886084944355844e-08
2019-04-04 12:31:41,-1.0943042472177922e-08
2019-04-04 12:31:42,-5.471521236088961e-09
2019-04-04 12:31:43,-2.7357606180444805e-09
2019-04-04 12:31:44,-1.3678803090222402e-09
2019-04-04 12:31:45,-6.839401545111201e-10
2019-04-04 12:31:46,-3.4197007725556006e-10
2019-04-04 12:31:47,-2.000000000170985
2019-04-04 12:31:48,-1.0000000000854925
2019-04-04 12:31:49,-0.5000000000427463
2019-04-04 12:31:50,-0.2500000000213731
2019-04-04 12:31:51,-0.12500000001068656
2019-04-04 12:31:52,0.9374999999946567
2019-04-04 12:31:53,0.46874999999732836
2019-04-04 12:31:54,1.2343749999986642
2019-04-04 12:31:55,0.6171874999993321
2019-04-04 12:31:56,0.30859374999966604
2019-04-04 12:31:57,0.15429687499983302
2019-04-04 12:31:58,0.07714843749991651
2019-04-04 12:31:59,0.038574218749958256
2019-04-04 12:32:00,0.019287109374979128
2019-04-04 12:32:01,0.009643554687489564
2019-04-04 12:32:02,0.004821777343744782
2019-04-04 12:32:03,0.002410888671872391
2019-04-04 12:32:04,0.0012054443359361955
2019-04-04 12:32:05,0.0006027221679680977
2019-04-04 12:32:06,0.500301361083984
2019-04-04 12:32:07,0.250150680541992
2019-04-04 12:32:08,0.125075340270996
2019-04-04 12:32:09,0.062537670135498
2019-04-04 12:32:10,0.031268835067749
2019-04-04 12:32:11,0.0156344175338745
2019-04-04 12:32:12,0.00781720876693725
2019-04-04 12:32:13,0.003908604383468625
2019-04-04 12:32:14,0.0019543021917343127
2019-04-04 12:32:15,0.0009771510958671563
2019-04-04 12:32:16,0.0004885755479335782
2019-04-04 12:32:17,0.0002442877739667891
2019-04-04 12:32:18,0.00012214388698339454
2019-04-04 12:32:19,-0.4999389280565083
2019-04-04 12:32:20,-0.24996946402825415
2019-04-04 12:32:21,-0.12498473201412708
2019-04-04 12:32:22,-0.06249236600706354
2019-04-04 12:32:23,-0.03124618300353177
2019-04-04 12:32:24,-0.015623091501765884
2019-04-04 12:32:25,0.49218845424911706
2019-04-04 12:32:26,0.24609422712455853
2019-04-04 12:32:27,0.12304711356227926
2019-04-04 12:32:28,0.06152355678113963
2019-04-04 12:32:29,0.030761778390569816
2019-04-04 12:32:30,0.015380889195284908
2019-04-04 12:32:31,0.007690444597642454
2019-04-04 12:32:32,0.003845222298821227
2019-04-04 12:32:33,0.0019226111494106135
2019-04-04 12:32:34,0.0009613055747053068
2019-04-04 12:32:35,0.0004806527873526534
2019-04-04 12:32:36,0.0002403263936763267
2019-04-04 12:32:37,0.00012016319683816334
2019-04-04 12:32:38,6.008159841908167e-05
2019-04-04 12:32:39,3.0040799209540836e-05
2019-04-04 12:32:40,1.5020399604770418e-05
2019-04-04 12:32:41,7.510199802385209e-06
2019-04-04 12:32:42,3.7550999011926045e-06
2019-04-04 12:32:43,1.8775499505963023e-06
2019-04-04 12:32:44,1.0000009387749753
2019-04-04 12:32:45,0.5000004693874877
2019-04-04 12:32:46,0.25000023469374383
2019-04-04 12:32:47,0.12500011734687191
2019-04-04 12:32:48,0.06250005867343596
2019-04-04 12:32:49,0.03125002933671798
2019-04-04 12:32:50,0.01562501466835899
2019-04-04 12:32:51,0.007812507334179495
2019-04-04 12:32:52,0.003906253667089747
2019-04-04 12:32:53,0.0019531268335448737
2019-04-04 12:32:54,0.0009765634167724368
2019-04-04 12:32:55,0.0004882817083862184
2019-04-04 12:32:56,0.0002441408541931092
2019-04-04 12:32:57,0.0001220704270965546
2019-04-04 12:32:58,6.10352135482773e-05
2019-04-04 12:32:59,3.051760677413865e-05
2019-04-04 12:33:00,1.5258803387069325e-05
2019-04-04 12:33:01,7.629401693534663e-06
2019-04-04 12:33:02,3.814700846767331e-06
2019-04-04 12:33:03,1.9073504233836657e-06
2019-04-04 12:33:04,9.536752116918328e-07
2019-04-04 12:33:05,4.768376058459164e-07
2019-04-04 12:33:06,2.384188029229582e-07
2019-04-04 12:33:07,1.192094014614791e-07
2019-04-04 12:33:08,5.960470073073955e-08
2019-04-04 12:33:09,2.9802350365369776e-08
2019-04-04 12:33:10,1.4901175182684888e-08
2019-04-04 12:33:11,7.450587591342444e-09
2019-04-04 12:33:12,3.725293795671222e-09
2019-04-04 12:33:13,1.862646897835611e-09
2019-04-04 12:33:14,9.313234489178055e-10
2019-04-04 12:33:15,4.656617244589028e-10
2019-04-04 12:33:16,2.328308622294514e-10
2019-04-04 12:33:17,1.164154311147257e-10
2019-04-04 12:33:18,5.820771555736284e-11
2019-04-04 12:33:19,2.910385777868142e-11
2019-04-04 12:33:20,1.455192888934071e-11
2019-04-04 12:33:21,7.275964444670356e-12
2019-04-04 12:33:22,3.637982222335178e-12
2019-04-04 12:33:23,1.818991111167589e-12
2019-04-04 12:33:24,9.094955555837944e-13
2019-04-04 12:33:25,4.547477777918972e-13
2019-04-04 12:33:26,2.273738888959486e-13
2019-04-04 12:33:27,1.136869444479743e-13
2019-04-04 12:33:28,5.684347222398715e-14
2019-04-04 12:33:29,2.8421736111993576e-14
2019-04-04 12:33:30,1.4210868055996788e-14
2019-04-04 12:33:31,7.105434027998394e-15
2019-04-04 12:33:32,3.552717013999197e-15
2019-04-04 12:33:33,1.7763585069995985e-15
2019-04-04 12:33:34,8.881792534997993e-16
2019-04-04 12:33:35,0.5000000000000004
2019-04-04 12:33:36,0.2500000000000002
2019-04-04 12:33:37,0.6250000000000001
2019-04-04 12:33:38,0.31250000000000006
2019-04-04 12:33:39,0.15625000000000003
2019-04-04 12:33:40,0.07812500000000001
2019-04-04 12:33:41,0.03906250000000001
2019-04-04 12:33:42,0.019531250000000003
2019-04-04 12:33:43,0.009765625000000002
2019-04-04 12:33:44,0.004882812500000001
2019-04-04 12:33:45,0.0024414062500000004
2019-04-04 12:33:46,0.0012207031250000002
2019-04-04 12:33:47,0.0006103515625000001
2019-04-04 12:33:48,0.00030517578125000005
2019-04-04 12:33:49,0.00015258789062500003
2019-04-04 12:33:50,7.629394531250001e-05
2019-04-04 12:33:51,3.814697265625001e-05
2019-04-04 12:33:52,1.9073486328125003e-05
2019-04-04 12:33:53,9.536743164062502e-06
2019-04-04 12:33:54,4.768371582031251e-06
2019-04-04 12:33:55,2.3841857910156254e-06
2019-04-04 12:33:56,1.1920928955078127e-06
2019-04-04 12:33:57,5.960464477539064e-07
2019-04-04 12:33:58,2.980232238769532e-07
2019-04-04 12:33:59,1.500000149011612
2019-04-04 12:34:00,0.750000074505806
2019-04-04 12:34:01,0.375000037252903
2019-04-04 12:34:02,0.1875000186264515
2019-04-04 12:34:03,0.09375000931322575
2019-04-04 12:34:04,0.04687500465661287
2019-04-04 12:34:05,0.023437502328306437
2019-04-04 12:34:06,0.011718751164153218
2019-04-04 12:34:07,0.005859375582076609
2019-04-04 12:34:08,0.0029296877910383046
2019-04-04 12:34:09,0.0014648438955191523
2019-04-04 12:34:10,-2.4992675780522404
2019-04-04 12:34:11,-0.7496337890261202
2019-04-04 12:34:12,-0.3748168945130601
2019-04-04 12:34:13,-0.18740844725653005
2019-04-04 12:34:14,-0.09370422362826503
2019-04-04 12:34:15,-0.04685211181413251
2019-04-04 12:34:16,-0.023426055907066257
2019-04-04 12:34:17,0.9882869720464669
2019-04-04 12:34:18,0.49414348602323344
2019-04-04 12:34:19,0.24707174301161672
2019-04-04 12:34:20,0.12353587150580836
2019-04-04 12:34:21,0.06176793575290418
2019-04-04 12:34:22,0.03088396787645209
2019-04-04 12:34:23,0.015441983938226045
2019-04-04 12:34:24,0.0077209919691130224
2019-04-04 12:34:25,0.0038604959845565112
2019-04-04 12:34:26,0.0019302479922782556
2019-04-04 12:34:27,-0.9990348760038609
2019-04-04 12:34:28,-0.49951743800193044
2019-04-04 12:34:29,-0.24975871900096522
2019-04-04 12:34:30,-0.12487935950048261
2019-04-04 12:34:31,-0.062439679750241305
2019-04-04 12:34:32,-0.031219839875120652
2019-04-04 12:34:33,-0.015609919937560326
2019-04-04 12:34:34,-0.007804959968780163
2019-04-04 12:34:35,-0.0039024799843900815
2019-04-04 12:34:36,-0.0019512399921950408
2019-04-04 12:34:37,-0.0009756199960975204
2019-04-04 12:34:38,-0.0004878099980487602
2019-04-04 12:34:39,-0.0002439049990243801
2019-04-04 12:34:40,-0.00012195249951219005
2019-04-04 12:34:41,-6.0976249756095024e-05
2019-04-04 12:34:42,-3.0488124878047512e-05
2019-04-04 12:34:43,-1.5244062439023756e-05
2019-04-04 12:34:44,-7.622031219511878e-06
2019-04-04 12:34:45,-3.811015609755939e-06
2019-04-04 12:34:46,-1.9055078048779695e-06
2019-04-04 12:34:47,-9.527539024389847e-07
2019-04-04 12:34:48,-4.763769512194924e-07
2019-04-04 12:34:49,-2.381884756097462e-07
2019-04-04 12:34:50,-1.190942378048731e-07
2019-04-04 12:34:51,-5.954711890243655e-08
2019-04-04 12:34:52,-3.5000000297735596
2019-04-04 12:34:53,-1.7500000148867798
2019-04-04 12:34:54,-0.8750000074433899
2019-04-04 12:34:55,-0.43750000372169495
2019-04-04 12:34:56,-0.21875000186084748
2019-04-04 12:34:57,-0.10937500093042374
2019-04-04 12:34:58,-0.05468750046521187
2019-04-04 12:34:59,-0.027343750232605935
2019-04-04 12:35:00,-0.013671875116302967
2019-04-04 12:35:01,1.4931640624418485
2019-04-04 12:35:02,-5.253417968779075
2019-04-04 12:35:03,-2.6267089843895377
2019-04-04 12:35:04,-1.3133544921947689
2019-04-04 12:35:05,-0.6566772460973844
2019-04-04 12:35:06,-0.3283386230486922
2019-04-04 12:35:07,-0.1641693115243461
2019-04-04 12:35:08,-0.08208465576217305
2019-04-04 12:35:09,-0.04104232788108653
2019-04-04 12:35:10,-0.020521163940543263
2019-04-04 12:35:11,-0.010260581970271632
2019-04-04 12:35:12,-0.005130290985135816
2019-04-04 12:35:13,-0.002565145492567908
2019-04-04 12:35:14,-0.001282572746283954
2019-04-04 12:35:15,0.499358713626858
2019-04-04 12:35:16,0.249679356813429
2019-04-04 12:35:17,0.1248396784067145
2019-04-04 12:35:18,0.06241983920335725
2019-04-04 12:35:19,-2.468790080398321
2019-04-04 12:35:20,-1.2343950401991606
2019-04-04 12:35:21,-0.6171975200995803
2019-04-04 12:35:22,-0.30859876004979014
2019-04-04 12:35:23,-0.15429938002489507
2019-04-04 12:35:24,-0.07714969001244754
2019-04-04 12:35:25,-0.03857484500622377
2019-04-04 12:35:26,-0.019287422503111884
2019-04-04 12:35:27,-0.009643711251555942
2019-04-04 12:35:28,-0.004821855625777971
2019-04-04 12:35:29,-0.0024109278128889855
2019-04-04 12:35:30,-0.0012054639064444927
2019-04-04 12:35:31,-0.5006027319532222
2019-04-04 12:35:32,-0.7503013659766111
2019-04-04 12:35:33,-0.37515068298830556
2019-04-04 12:35:34,-0.18757534149415278
2019-04-04 12:35:35,-0.09378767074707639
2019-04-04 12:35:36,-1.0468938353735382
2019-04-04 12:35:37,-0.5234469176867691
2019-04-04 12:35:38,-2.7617234588433845
2019-04-04 12:35:39,-1.3808617294216923
2019-04-04 12:35:40,-0.6904308647108461
2019-04-04 12:35:41,-0.34521543235542307
2019-04-04 12:35:42,-0.17260771617771153
2019-04-04 12:35:43,-0.08630385808885577
2019-04-04 12:35:44,-0.043151929044427884
2019-04-04 12:35:45,-0.021575964522213942
2019-04-04 12:35:46,-0.010787982261106971
2019-04-04 12:35:47,-0.0053939911305534854
2019-04-04 12:35:48,-0.0026969955652767427
2019-04-04 12:35:49,-0.0013484977826383714
2019-04-04 12:35:50,-0.0006742488913191857
2019-04-04 12:35:51,-0.00033712444565959284
2019-04-04 12:35:52,-0.00016856222282979642
2019-04-04 12:35:53,-8.428111141489821e-05
2019-04-04 12:35:54,-4.2140555707449105e-05
2019-04-04 12:35:55,-2.1070277853724553e-05
2019-04-04 12:35:56,-1.0535138926862276e-05
2019-04-04 12:35:57,-5.267569463431138e-06
2019-04-04 12:35:58,-2.633784731715569e-06
2019-04-04 12:35:59,-1.3168923658577845e-06
2019-04-04 12:36:00,1.999999341553817
2019-04-04 12:36:01,0.49999967077690854
2019-04-04 12:36:02,0.24999983538845427
2019-04-04 12:36:03,0.12499991769422714
2019-04-04 12:36:04,0.06249995884711357
2019-04-04 12:36:05,0.031249979423556784
2019-04-04 12:36:06,0.015624989711778392
2019-04-04 12:36:07,0.007812494855889196
2019-04-04 12:36:08,0.003906247427944598
2019-04-04 12:36:09,0.001953123713972299
2019-04-04 12:36:10,0.0009765618569861495
2019-04-04 12:36:11,0.00048828092849307475
2019-04-04 12:36:12,0.00024414046424653738
2019-04-04 12:36:13,0.00012207023212326869
2019-04-04 12:36:14,6.1035116061634344e-05
2019-04-04 12:36:15,3.0517558030817172e-05
2019-04-04 12:36:16,1.5258779015408586e-05
2019-04-04 12:36:17,7.629389507704293e-06
2019-04-04 12:36:18,3.8146947538521465e-06
2019-04-04 12:36:19,1.9073473769260732e-06
2019-04-04 12:36:20,9.536736884630366e-07
2019-04-04 12:36:21,4.768368442315183e-07
2019-04-04 12:36:22,2.3841842211575916e-07
2019-04-04 12:36:23,1.1920921105787958e-07
2019-04-04 12:36:24,5.960460552893979e-08
2019-04-04 12:36:25,2.9802302764469894e-08
2019-04-04 12:36:26,1.4901151382234947e-08
2019-04-04 12:36:27,7.450575691117474e-09
2019-04-04 12:36:28,3.725287845558737e-09
2019-04-04 12:36:29,1.8626439227793684e-09
2019-04-04 12:36:30,9.313219613896842e-10
2019-04-04 12:36:31,4.656609806948421e-10
2019-04-04 12:36:32,2.3283049034742105e-10
2019-04-04 12:36:33,1.1641524517371053e-10
2019-04-04 12:36:34,5.820762258685526e-11
2019-04-04 12:36:35,2.910381129342763e-11
2019-04-04 12:36:36,1.4551905646713816e-11
2019-04-04 12:36:37,7.275952823356908e-12
2019-04-04 12:36:38,3.637976411678454e-12
2019-04-04 12:36:39,1.818988205839227e-12
2019-04-04 12:36:40,9.094941029196135e-13
2019-04-04 12:36:41,4.5474705145980674e-13
2019-04-04 12:36:42,2.2737352572990337e-13
2019-04-04 12:36:43,1.1368676286495168e-13
2019-04-04 12:36:44,5.684338143247584e-14
2019-04-04 12:36:45,2.842169071623792e-14
2019-04-04 12:36:46,1.421084535811896e-14
2019-04-04 12:36:47,7.10542267905948e-15
2019-04-04 12:36:48,3.55271133952974e-15
2019-04-04 12:36:49,1.77635566976487e-15
2019-04-04 12:36:50,8.88177834882435e-16
2019-04-04 12:36:51,4.440889174412175e-16
2019-04-04 12:36:52,2.2204445872060876e-16
2019-04-04 12:36:53,1.1102222936030438e-16
2019-04-04 12:36:54,5.551111468015219e-17
2019-04-04 12:36:55,2.7755557340076095e-17
2019-04-04 12:36:56,1.3877778670038047e-17
2019-04-04 12:36:57,6.938889335019024e-18
2019-04-04 12:36:58,3.469444667509512e-18
2019-04-04 12:36:59,1.734722333754756e-18
2019-04-04 12:37:00,8.67361166877378e-19
2019-04-04 12:37:01,4.33680583438689e-19
2019-04-04 12:37:02,2.168402917193445e-19
2019-04-04 12:37:03,-0.5
2019-04-04 12:37:04,-0.25
2019-04-04 12:37:05,-0.125
2019-04-04 12:37:06,-0.0625
2019-04-04 12:37:07,-0.03125
2019-04-04 12:37:08,-0.015625
2019-04-04 12:37:09,-0.0078125
2019-04-04 12:37:10,-0.00390625
2019-04-04 12:37:11,-0.001953125
2019-04-04 12:37:12,-0.0009765625
2019-04-04 12:37:13,-0.00048828125
2019-04-04 12:37:14,-0.000244140625
2019-04-04 12:37:15,0.4998779296875
2019-04-04 12:37:16,0.24993896484375
2019-04-04 12:37:17,0.124969482421875
2019-04-04 12:37:18,0.0624847412109375
2019-04-04 12:37:19,0.03124237060546875
2019-04-04 12:37:20,0.015621185302734375
2019-04-04 12:37:21,0.0078105926513671875
2019-04-04 12:37:22,0.0039052963256835938
2019-04-04 12:37:23,0.0019526481628417969
2019-04-04 12:37:24,0.0009763240814208984
2019-04-04 12:37:25,0.0004881620407104492
2019-04-04 12:37:26,0.0002440810203552246
2019-04-04 12:37:27,0.0001220405101776123
2019-04-04 12:37:28,6.102025508880615e-05
2019-04-04 12:37:29,3.0510127544403076e-05
2019-04-04 12:37:30,1.5255063772201538e-05
2019-04-04 12:37:31,7.627531886100769e-06
2019-04-04 12:37:32,3.8137659430503845e-06
2019-04-04 12:37:33,1.9068829715251923e-06
2019-04-04 12:37:34,9.534414857625961e-07
2019-04-04 12:37:35,4.7672074288129807e-07
2019-04-04 12:37:36,2.3836037144064903e-07
2019-04-04 12:37:37,1.1918018572032452e-07
2019-04-04 12:37:38,5.959009286016226e-08
2019-04-04 12:37:39,2.979504643008113e-08
2019-04-04 12:37:40,1.4897523215040565e-08
2019-04-04 12:37:41,7.448761607520282e-09
2019-04-04 12:37:42,3.724380803760141e-09
2019-04-04 12:37:43,1.8621904018800706e-09
2019-04-04 12:37:44,9.310952009400353e-10
2019-04-04 12:37:45,4.6554760047001764e-10
2019-04-04 12:37:46,2.3277380023500882e-10
2019-04-04 12:37:47,1.1638690011750441e-10
2019-04-04 12:37:48,5.8193450058752205e-11
2019-04-04 12:37:49,2.9096725029376103e-11
2019-04-04 12:37:50,1.4548362514688051e-11
2019-04-04 12:37:51,7.274181257344026e-12
2019-04-04 12:37:52,3.637090628672013e-12
2019-04-04 12:37:53,1.8185453143360064e-12
2019-04-04 12:37:54,9.092726571680032e-13
2019-04-04 12:37:55,4.546363285840016e-13
2019-04-04 12:37:56,2.273181642920008e-13
2019-04-04 12:37:57,1.136590821460004e-13
2019-04-04 12:37:58,5.68295410730002e-14
2019-04-04 12:37:59,2.84147705365001e-14
2019-04-04 12:38:00,1.420738526825005e-14
2019-04-04 12:38:01,7.103692634125025e-15
2019-04-04 12:38:02,3.5518463170625125e-15
2019-04-04 12:38:03,-0.4999999999999982
2019-04-04 12:38:04,-0.2499999999999991
2019-04-04 12:38:05,-0.12499999999999956
2019-04-04 12:38:06,-0.06249999999999978
2019-04-04 12:38:07,-0.03124999999999989
2019-04-04 12:38:08,-0.015624999999999944
2019-04-04 12:38:09,-0.007812499999999972
2019-04-04 12:38:10,-0.003906249999999986
2019-04-04 12:38:11,-0.001953124999999993
2019-04-04 12:38:12,-0.0009765624999999965
2019-04-04 12:38:13,0.49951171875
2019-04-04 12:38:14,0.249755859375
2019-04-04 12:38:15,0.1248779296875
2019-04-04 12:38:16,0.06243896484375
2019-04-04 12:38:17,0.031219482421875
2019-04-04 12:38:18,0.0156097412109375
2019-04-04 12:38:19,0.00780487060546875
2019-04-04 12:38:20,0.003902435302734375
2019-04-04 12:38:21,0.0019512176513671875
2019-04-04 12:38:22,0.0009756088256835938
2019-04-04 12:38:23,0.0004878044128417969
2019-04-04 12:38:24,0.00024390220642089844
2019-04-04 12:38:25,0.00012195110321044922
2019-04-04 12:38:26,6.097555160522461e-05
2019-04-04 12:38:27,3.0487775802612305e-05
2019-04-04 12:38:28,1.5243887901306152e-05
2019-04-04 12:38:29,7.621943950653076e-06
2019-04-04 12:38:30,3.810971975326538e-06
2019-04-04 12:38:31,-0.9999980945140123
2019-04-04 12:38:32,-0.49999904725700617
2019-04-04 12:38:33,-0.24999952362850308
2019-04-04 12:38:34,-0.12499976181425154
2019-04-04 12:38:35,-0.06249988090712577
2019-04-04 12:38:36,-0.031249940453562886
2019-04-04 12:38:37,-0.015624970226781443
2019-04-04 12:38:38,-0.007812485113390721
2019-04-04 12:38:39,-0.0039062425566953607
2019-04-04 12:38:40,-0.0019531212783476803
2019-04-04 12:38:41,-0.0009765606391738402
2019-04-04 12:38:42,-0.0004882803195869201
2019-04-04 12:38:43,-0.00024414015979346004
2019-04-04 12:38:44,-0.00012207007989673002
2019-04-04 12:38:45,-6.103503994836501e-05
2019-04-04 12:38:46,-3.0517519974182505e-05
2019-04-04 12:38:47,-1.5258759987091253e-05
2019-04-04 12:38:48,-7.629379993545626e-06
2019-04-04 12:38:49,-3.814689996772813e-06
2019-04-04 12:38:50,-1.9073449983864066e-06
2019-04-04 12:38:51,-9.536724991932033e-07
2019-04-04 12:38:52,-4.7683624959660165e-07
2019-04-04 12:38:53,-2.3841812479830082e-07
2019-04-04 12:38:54,-1.1920906239915041e-07
2019-04-04 12:38:55,-5.9604531199575206e-08
2019-04-04 12:38:56,-2.9802265599787603e-08
2019-04-04 12:38:57,-1.4901132799893801e-08
2019-04-04 12:38:58,-7.450566399946901e-09
2019-04-04 12:38:59,-3.7252831999734504e-09
2019-04-04 12:39:00,-4.000000001862642
2019-04-04 12:39:01,-2.000000000931321
2019-04-04 12:39:02,-1.0000000004656604
2019-04-04 12:39:03,-0.5000000002328302
2019-04-04 12:39:04,-0.2500000001164151
2019-04-04 12:39:05,-0.12500000005820755
2019-04-04 12:39:06,-0.06250000002910377
2019-04-04 12:39:07,-0.03125000001455189
2019-04-04 12:39:08,0.984374999992724
2019-04-04 12:39:09,0.492187499996362
2019-04-04 12:39:10,0.246093749998181
2019-04-04 12:39:11,0.1230468749990905
2019-04-04 12:39:12,0.06152343749954525
2019-04-04 12:39:13,0.030761718749772626
2019-04-04 12:39:14,0.015380859374886313
2019-04-04 12:39:15,0.007690429687443157
2019-04-04 12:39:16,0.0038452148437215783
2019-04-04 12:39:17,0.0019226074218607891
2019-04-04 12:39:18,0.0009613037109303946
2019-04-04 12:39:19,0.0004806518554651973
2019-04-04 12:39:20,0.00024032592773259864
2019-04-04 12:39:21,0.00012016296386629932
2019-04-04 12:39:22,6.008148193314966e-05
2019-04-04 12:39:23,3.004074096657483e-05
2019-04-04 12:39:24,1.5020370483287415e-05
2019-04-04 12:39:25,7.510185241643708e-06
2019-04-04 12:39:26,3.755092620821854e-06
2019-04-04 12:39:27,1.877546310410927e-06
2019-04-04 12:39:28,9.387731552054634e-07
2019-04-04 12:39:29,4.693865776027317e-07
2019-04-04 12:39:30,2.3469328880136586e-07
2019-04-04 12:39:31,1.1734664440068293e-07
2019-04-04 12:39:32,5.8673322200341466e-08
2019-04-04 12:39:33,2.9336661100170733e-08
2019-04-04 12:39:34,1.4668330550085366e-08
2019-04-04 12:39:35,7.334165275042683e-09
2019-04-04 12:39:36,3.6670826375213416e-09
2019-04-04 12:39:37,1.8335413187606708e-09
2019-04-04 12:39:38,9.167706593803354e-10
2019-04-04 12:39:39,4.583853296901677e-10
2019-04-04 12:39:40,2.2919266484508385e-10
2019-04-04 12:39:41,1.1459633242254193e-10
2019-04-04 12:39:42,5.729816621127096e-11
2019-04-04 12:39:43,2.864908310563548e-11
2019-04-04 12:39:44,1.432454155281774e-11
2019-04-04 12:39:45,7.16227077640887e-12
2019-04-04 12:39:46,3.581135388204435e-12
2019-04-04 12:39:47,1.7905676941022176e-12
2019-04-04 12:39:48,8.952838470511088e-13
2019-04-04 12:39:49,4.476419235255544e-13
2019-04-04 12:39:50,2.238209617627772e-13
2019-04-04 12:39:51,1.119104808813886e-13
2019-04-04 12:39:52,5.59552404406943e-14
2019-04-04 12:39:53,2.797762022034715e-14
2019-04-04 12:39:54,1.3988810110173575e-14
2019-04-04 12:39:55,6.9944050550867874e-15
2019-04-04 12:39:56,3.4972025275433937e-15
2019-04-04 12:39:57,1.7486012637716969e-15
2019-04-04 12:39:58,8.743006318858484e-16
2019-04-04 12:39:59,4.371503159429242e-16
2019-04-04 12:40:00,2.185751579714621e-16
2019-04-04 12:40:01,1.0928757898573105e-16
2019-04-04 12:40:02,5.4643789492865527e-17
2019-04-04 12:40:03,2.7321894746432763e-17
2019-04-04 12:40:04,1.3660947373216382e-17
2019-04-04 12:40:05,6.830473686608191e-18
2019-04-04 12:40:06,3.4152368433040954e-18
2019-04-04 12:40:07,1.7076184216520477e-18
2019-04-04 12:40:08,8.538092108260239e-19
2019-04-04 12:40:09,4.2690460541301193e-19
2019-04-04 12:40:10,2.1345230270650596e-19
2019-04-04 12:40:11,1.0672615135325298e-19
2019-04-04 12:40:12,5.336307567662649e-20
2019-04-04 12:40:13,2.6681537838313245e-20
2019-04-04 12:40:14,1.3340768919156623e-20
2019-04-04 12:40:15,6.670384459578311e-21
2019-04-04 12:40:16,3.3351922297891557e-21
2019-04-04 12:40:17,1.6675961148945778e-21
2019-04-04 12:40:18,8.337980574472889e-22
2019-04-04 12:40:19,4.1689902872364446e-22
2019-04-04 12:40:20,2.0844951436182223e-22
2019-04-04 12:40:21,1.0422475718091112e-22
2019-04-04 12:40:22,5.211237859045556e-23
2019-04-04 12:40:23,2.605618929522778e-23
2019-04-04 12:40:24,1.302809464761389e-23
2019-04-04 12:40:25,6.514047323806945e-24
2019-04-04 12:40:26,3.2570236619034723e-24
2019-04-04 12:40:27,1.6285118309517362e-24
2019-04-04 12:40:28,8.142559154758681e-25
2019-04-04 12:40:29,4.0712795773793404e-25
2019-04-04 12:40:30,2.0356397886896702e-25
2019-04-04 12:40:31,1.0178198943448351e-25
2019-04-04 12:40:32,5.0890994717241755e-26
2019-04-04 12:40:33,2.5445497358620878e-26
2019-04-04 12:40:34,1.2722748679310439e-26
2019-04-04 12:40:35,6.3613743396552194e-27
2019-04-04 12:40:36,3.1806871698276097e-27
2019-04-04 12:40:37,1.5903435849138049e-27
2019-04-04 12:40:38,7.951717924569024e-28
2019-04-04 12:40:39,3.975858962284512e-28
2019-04-04 12:40:40,1.987929481142256e-28
2019-04-04 12:40:41,9.93964740571128e-29
2019-04-04 12:40:42,4.96982370285564e-29
2019-04-04 12:40:43,2.48491185142782e-29
2019-04-04 12:40:44,1.24245592571391e-29
2019-04-04 12:40:45,6.21227962856955e-30
2019-04-04 12:40:46,3.106139814284775e-30
2019-04-04 12:40:47,1.5530699071423876e-30
2019-04-04 12:40:48,-0.5
2019-04-04 12:40:49,-0.25
2019-04-04 12:40:50,-0.125
2019-04-04 12:40:51,-0.0625
2019-04-04 12:40:52,-0.03125
2019-04-04 12:40:53,-0.015625
2019-04-04 12:40:54,-0.0078125
2019-04-04 12:40:55,-0.00390625
2019-04-04 12:40:56,-0.001953125
2019-04-04 12:40:57,-0.0009765625
2019-04-04 12:40:58,-0.00048828125
2019-04-04 12:40:59,-0.000244140625
2019-04-04 12:41:00,-0.0001220703125
2019-04-04 12:41:01,-6.103515625e-05
2019-04-04 12:41:02,-3.0517578125e-05
2019-04-04 12:41:03,-1.52587890625e-05
2019-04-04 12:41:04,-7.62939453125e-06
2019-04-04 12:41:05,-3.814697265625e-06
2019-04-04 12:41:06,0.4999980926513672
2019-04-04 12:41:07,0.2499990463256836
2019-04-04 12:41:08,0.1249995231628418
2019-04-04 12:41:09,0.0624997615814209
2019-04-04 12:41:10,0.03124988079071045
2019-04-04 12:41:11,0.015624940395355225
2019-04-04 12:41:12,0.007812470197677612
2019-04-04 12:41:13,0.003906235098838806
2019-04-04 12:41:14,0.001953117549419403
2019-04-04 12:41:15,0.0009765587747097015
2019-04-04 12:41:16,0.00048827938735485077
2019-04-04 12:41:17,0.00024413969367742538
2019-04-04 12:41:18,0.00012206984683871269
2019-04-04 12:41:19,6.1034923419356346e-05
2019-04-04 12:41:20,3.0517461709678173e-05
2019-04-04 12:41:21,1.5258730854839087e-05
2019-04-04 12:41:22,7.629365427419543e-06
2019-04-04 12:41:23,3.8146827137097716e-06
2019-04-04 12:41:24,1.9073413568548858e-06
2019-04-04 12:41:25,9.536706784274429e-07
2019-04-04 12:41:26,4.7683533921372145e-07
2019-04-04 12:41:27,2.3841766960686073e-07
2019-04-04 12:41:28,1.1920883480343036e-07
2019-04-04 12:41:29,5.960441740171518e-08
2019-04-04 12:41:30,2.980220870085759e-08
2019-04-04 12:41:31,1.4901104350428795e-08
2019-04-04 12:41:32,7.450552175214398e-09
2019-04-04 12:41:33,3.725276087607199e-09
2019-04-04 12:41:34,1.8626380438035994e-09
2019-04-04 12:41:35,9.313190219017997e-10
2019-04-04 12:41:36,4.6565951095089986e-10
2019-04-04 12:41:37,2.3282975547544993e-10
2019-04-04 12:41:38,1.1641487773772496e-10
2019-04-04 12:41:39,5.820743886886248e-11
2019-04-04 12:41:40,2.910371943443124e-11
2019-04-04 12:41:41,1.455185971721562e-11
2019-04-04 12:41:42,0.500000000007276
2019-04-04 12:41:43,0.250000000003638
2019-04-04 12:41:44,0.125000000001819
2019-04-04 12:41:45,0.0625000000009095
2019-04-04 12:41:46,0.03125000000045475
2019-04-04 12:41:47,0.015625000000227374
2019-04-04 12:41:48,0.007812500000113687
2019-04-04 12:41:49,0.003906250000056843
2019-04-04 12:41:50,0.0019531250000284217
2019-04-04 12:41:51,0.0009765625000142109
2019-04-04 12:41:52,0.0004882812500071054
2019-04-04 12:41:53,0.0002441406250035527
2019-04-04 12:41:54,0.00012207031250177636
2019-04-04 12:41:55,6.103515625088818e-05
2019-04-04 12:41:56,3.051757812544409e-05
2019-04-04 12:41:57,1.5258789062722045e-05
2019-04-04 12:41:58,7.629394531361022e-06
2019-04-04 12:41:59,3.814697265680511e-06
2019-04-04 12:42:00,1.9073486328402556e-06
2019-04-04 12:42:01,9.536743164201278e-07
2019-04-04 12:42:02,4.768371582100639e-07
2019-04-04 12:42:03,2.3841857910503195e-07
2019-04-04 12:42:04,1.1920928955251597e-07
2019-04-04 12:42:05,5.960464477625799e-08
2019-04-04 12:42:06,2.9802322388128993e-08
2019-04-04 12:42:07,1.4901161194064497e-08
2019-04-04 12:42:08,7.450580597032248e-09
2019-04-04 12:42:09,3.725290298516124e-09
2019-04-04 12:42:10,1.862645149258062e-09
2019-04-04 12:42:11,9.31322574629031e-10
2019-04-04 12:42:12,4.656612873145155e-10
2019-04-04 12:42:13,2.3283064365725776e-10
2019-04-04 12:42:14,1.1641532182862888e-10
2019-04-04 12:42:15,5.820766091431444e-11
2019-04-04 12:42:16,2.910383045715722e-11
2019-04-04 12:42:17,1.455191522857861e-11
2019-04-04 12:42:18,7.275957614289305e-12
2019-04-04 12:42:19,3.6379788071446525e-12
2019-04-04 12:42:20,1.8189894035723263e-12
2019-04-04 12:42:21,9.094947017861631e-13
2019-04-04 12:42:22,4.547473508930816e-13
2019-04-04 12:42:23,2.273736754465408e-13
2019-04-04 12:42:24,1.136868377232704e-13
2019-04-04 12:42:25,5.68434188616352e-14
2019-04-04 12:42:26,2.84217094308176e-14
2019-04-04 12:42:27,0.5000000000000142
2019-04-04 12:42:28,0.2500000000000071
2019-04-04 12:42:29,0.12500000000000355
2019-04-04 12:42:30,0.06250000000000178
2019-04-04 12:42:31,0.03125000000000089
2019-04-04 12:42:32,0.015625000000000444
2019-04-04 12:42:33,0.007812500000000222
2019-04-04 12:42:34,-0.9960937499999999
2019-04-04 12:42:35,-0.49804687499999994
2019-04-04 12:42:36,-0.24902343749999997
2019-04-04 12:42:37,-0.12451171874999999
2019-04-04 12:42:38,-0.06225585937499999
2019-04-04 12:42:39,-0.031127929687499997
2019-04-04 12:42:40,-0.015563964843749998
2019-04-04 12:42:41,-0.007781982421874999
2019-04-04 12:42:42,-0.0038909912109374996
2019-04-04 12:42:43,-0.0019454956054687498
2019-04-04 12:42:44,-0.0009727478027343749
2019-04-04 12:42:45,0.9995136260986328
2019-04-04 12:42:46,0.4997568130493164
2019-04-04 12:42:47,0.2498784065246582
2019-04-04 12:42:48,0.1249392032623291
2019-04-04 12:42:49,0.06246960163116455
2019-04-04 12:42:50,0.031234800815582275
2019-04-04 12:42:51,0.015617400407791138
2019-04-04 12:42:52,0.007808700203895569
2019-04-04 12:42:53,0.0039043501019477844
2019-04-04 12:42:54,0.0019521750509738922
2019-04-04 12:42:55,-0.49902391247451305
2019-04-04 12:42:56,-0.24951195623725653
2019-04-04 12:42:57,-0.12475597811862826
2019-04-04 12:42:58,-0.06237798905931413
2019-04-04 12:42:59,-0.5311889945296571
2019-04-04 12:43:00,-0.26559449726482853
2019-04-04 12:43:01,-0.13279724863241427
2019-04-04 12:43:02,-0.06639862431620713
2019-04-04 12:43:03,-0.03319931215810357
2019-04-04 12:43:04,-0.016599656079051783
2019-04-04 12:43:05,-0.008299828039525892
2019-04-04 12:43:06,-0.004149914019762946
2019-04-04 12:43:07,-0.002074957009881473
2019-04-04 12:43:08,-0.0010374785049407365
2019-04-04 12:43:09,-0.0005187392524703682
2019-04-04 12:43:10,-0.0002593696262351841
2019-04-04 12:43:11,-0.00012968481311759206
2019-04-04 12:43:12,-6.484240655879603e-05
2019-04-04 12:43:13,-3.2421203279398014e-05
2019-04-04 12:43:14,-1.6210601639699007e-05
2019-04-04 12:43:15,-8.105300819849504e-06
2019-04-04 12:43:16,-4.052650409924752e-06
2019-04-04 12:43:17,-2.026325204962376e-06
2019-04-04 12:43:18,-1.013162602481188e-06
2019-04-04 12:43:19,-5.06581301240594e-07
2019-04-04 12:43:20,-2.53290650620297e-07
2019-04-04 12:43:21,-1.266453253101485e-07
2019-04-04 12:43:22,-6.332266265507425e-08
2019-04-04 12:43:23,-3.1661331327537123e-08
2019-04-04 12:43:24,-1.5830665663768562e-08
2019-04-04 12:43:25,-7.915332831884281e-09
2019-04-04 12:43:26,-3.9576664159421404e-09
2019-04-04 12:43:27,-2.000000001978833
2019-04-04 12:43:28,-1.0000000009894165
2019-04-04 12:43:29,-0.5000000004947083
2019-04-04 12:43:30,-0.25000000024735414
2019-04-04 12:43:31,-0.12500000012367707
2019-04-04 12:43:32,-0.06250000006183853
2019-04-04 12:43:33,-0.03125000003091927
2019-04-04 12:43:34,-0.015625000015459634
2019-04-04 12:43:35,-0.007812500007729817
2019-04-04 12:43:36,-0.003906250003864908
2019-04-04 12:43:37,-0.001953125001932454
2019-04-04 12:43:38,-0.000976562500966227
2019-04-04 12:43:39,-0.0004882812504831135
2019-04-04 12:43:40,-0.0002441406252415568
2019-04-04 12:43:41,-0.0001220703126207784
2019-04-04 12:43:42,-6.10351563103892e-05
2019-04-04 12:43:43,-3.05175781551946e-05
2019-04-04 12:43:44,-1.52587890775973e-05
2019-04-04 12:43:45,-7.62939453879865e-06
2019-04-04 12:43:46,-3.814697269399325e-06
2019-04-04 12:43:47,-1.9073486346996623e-06
2019-04-04 12:43:48,0.9999990463256827
2019-04-04 12:43:49,0.49999952316284135
2019-04-04 12:43:50,0.24999976158142068
2019-04-04 12:43:51,0.12499988079071034
2019-04-04 12:43:52,0.06249994039535517
2019-04-04 12:43:53,0.031249970197677585
2019-04-04 12:43:54,0.015624985098838792
2019-04-04 12:43:55,0.007812492549419396
2019-04-04 12:43:56,2.5039062462747097
2019-04-04 12:43:57,1.2519531231373549
2019-04-04 12:43:58,0.6259765615686774
2019-04-04 12:43:59,0.3129882807843387
2019-04-04 12:44:00,0.15649414039216936
2019-04-04 12:44:01,0.07824707019608468
2019-04-04 12:44:02,0.03912353509804234
2019-04-04 12:44:03,0.01956176754902117
2019-04-04 12:44:04,0.009780883774510585
2019-04-04 12:44:05,0.004890441887255292
2019-04-04 12:44:06,-1.9975547790563724
2019-04-04 12:44:07,-0.9987773895281862
2019-04-04 12:44:08,-0.4993886947640931
2019-04-04 12:44:09,-0.24969434738204654
2019-04-04 12:44:10,-0.12484717369102327
2019-04-04 12:44:11,-0.062423586845511636
2019-04-04 12:44:12,-3.031211793422756
2019-04-04 12:44:13,-1.515605896711378
2019-04-04 12:44:14,-0.757802948355689
2019-04-04 12:44:15,-0.3789014741778445
2019-04-04 12:44:16,-0.18945073708892224
2019-04-04 12:44:17,-0.09472536854446112
2019-04-04 12:44:18,-0.04736268427223056
2019-04-04 12:44:19,-0.02368134213611528
2019-04-04 12:44:20,-0.01184067106805764
2019-04-04 12:44:21,-0.00592033553402882
2019-04-04 12:44:22,-0.00296016776701441
2019-04-04 12:44:23,-0.001480083883507205
2019-04-04 12:44:24,-0.0007400419417536025
2019-04-04 12:44:25,-0.00037002097087680125
2019-04-04 12:44:26,-0.00018501048543840062
2019-04-04 12:44:27,-9.250524271920031e-05
2019-04-04 12:44:28,-8.00004625262136
2019-04-04 12:44:29,-4.00002312631068
2019-04-04 12:44:30,-2.00001156315534
2019-04-04 12:44:31,-1.00000578157767
2019-04-04 12:44:32,-2.000002890788835
2019-04-04 12:44:33,-1.0000014453944175
2019-04-04 12:44:34,-0.5000007226972087
2019-04-04 12:44:35,-0.25000036134860437
2019-04-04 12:44:36,-0.12500018067430219
2019-04-04 12:44:37,-0.06250009033715109
2019-04-04 12:44:38,0.46874995483142445
2019-04-04 12:44:39,0.23437497741571223
2019-04-04 12:44:40,0.11718748870785611
2019-04-04 12:44:41,0.05859374435392806
2019-04-04 12:44:42,6.029296872176964
2019-04-04 12:44:43,3.014648436088482
2019-04-04 12:44:44,1.507324218044241
2019-04-04 12:44:45,1.2536621090221205
2019-04-04 12:44:46,0.6268310545110602
2019-04-04 12:44:47,0.3134155272555301
2019-04-04 12:44:48,0.15670776362776506
2019-04-04 12:44:49,0.07835388181388253
2019-04-04 12:44:50,0.039176940906941266
2019-04-04 12:44:51,0.019588470453470633
2019-04-04 12:44:52,0.009794235226735316
2019-04-04 12:44:53,0.004897117613367658
2019-04-04 12:44:54,0.002448558806683829
2019-04-04 12:44:55,0.0012242794033419145
2019-04-04 12:44:56,0.0006121397016709573
2019-04-04 12:44:57,0.00030606985083547864
2019-04-04 12:44:58,0.00015303492541773932
2019-04-04 12:44:59,7.651746270886966e-05
2019-04-04 12:45:00,3.825873135443483e-05
2019-04-04 12:45:01,1.9129365677217415e-05
2019-04-04 12:45:02,9.564682838608707e-06
2019-04-04 12:45:03,4.782341419304354e-06
2019-04-04 12:45:04,2.391170709652177e-06
2019-04-04 12:45:05,1.1955853548260884e-06
2019-04-04 12:45:06,5.977926774130442e-07
2019-04-04 12:45:07,2.988963387065221e-07
2019-04-04 12:45:08,1.4944816935326105e-07
2019-04-04 12:45:09,7.472408467663053e-08
2019-04-04 12:45:10,3.736204233831526e-08
2019-04-04 12:45:11,1.868102116915763e-08
2019-04-04 12:45:12,9.340510584578816e-09
2019-04-04 12:45:13,0.5000000046702553
2019-04-04 12:45:14,0.25000000233512765
2019-04-04 12:45:15,0.12500000116756382
2019-04-04 12:45:16,0.06250000058378191
2019-04-04 12:45:17,0.031250000291890956
2019-04-04 12:45:18,0.015625000145945478
2019-04-04 12:45:19,0.007812500072972739
2019-04-04 12:45:20,0.0039062500364863695
2019-04-04 12:45:21,0.0019531250182431847
2019-04-04 12:45:22,0.0009765625091215924
2019-04-04 12:45:23,0.0004882812545607962
2019-04-04 12:45:24,0.0002441406272803981
2019-04-04 12:45:25,0.00012207031364019905
2019-04-04 12:45:26,6.103515682009952e-05
2019-04-04 12:45:27,3.051757841004976e-05
2019-04-04 12:45:28,1.525878920502488e-05
2019-04-04 12:45:29,0.5000076293946025
2019-04-04 12:45:30,0.25000381469730126
2019-04-04 12:45:31,0.12500190734865063
2019-04-04 12:45:32,0.06250095367432532
2019-04-04 12:45:33,0.03125047683716266
2019-04-04 12:45:34,0.01562523841858133
2019-04-04 12:45:35,0.007812619209290664
2019-04-04 12:45:36,0.003906309604645332
2019-04-04 12:45:37,0.001953154802322666
2019-04-04 12:45:38,0.000976577401161333
2019-04-04 12:45:39,0.5004882887005807
2019-04-04 12:45:40,0.25024414435029035
2019-04-04 12:45:41,0.12512207217514518
2019-04-04 12:45:42,0.06256103608757259
2019-04-04 12:45:43,0.031280518043786294
2019-04-04 12:45:44,0.015640259021893147
2019-04-04 12:45:45,0.007820129510946574
2019-04-04 12:45:46,0.003910064755473287
2019-04-04 12:45:47,0.0019550323777366434
2019-04-04 12:45:48,0.5009775161888683
2019-04-04 12:45:49,0.25048875809443416
2019-04-04 12:45:50,0.12524437904721708
2019-04-04 12:45:51,0.06262218952360854
2019-04-04 12:45:52,0.03131109476180427
2019-04-04 12:45:53,0.015655547380902135
2019-04-04 12:45:54,0.007827773690451068
2019-04-04 12:45:55,0.003913886845225534
2019-04-04 12:45:56,0.001956943422612767
2019-04-04 12:45:57,0.5009784717113064
2019-04-04 12:45:58,0.2504892358556532
2019-04-04 12:45:59,0.1252446179278266
2019-04-04 12:46:00,0.0626223089639133
2019-04-04 12:46:01,0.03131115448195665
2019-04-04 12:46:02,0.015655577240978324
2019-04-04 12:46:03,0.007827788620489162
2019-04-04 12:46:04,0.003913894310244581
2019-04-04 12:46:05,0.0019569471551222906
2019-04-04 12:46:06,0.0009784735775611453
2019-04-04 12:46:07,0.0004892367887805726
2019-04-04 12:46:08,0.0002446183943902863
2019-04-04 12:46:09,0.00012230919719514316
2019-04-04 12:46:10,6.115459859757158e-05
2019-04-04 12:46:11,3.057729929878579e-05
2019-04-04 12:46:12,1.5288649649392895e-05
2019-04-04 12:46:13,7.644324824696448e-06
2019-04-04 12:46:14,3.822162412348224e-06
2019-04-04 12:46:15,1.911081206174112e-06
2019-04-04 12:46:16,9.55540603087056e-07
2019-04-04 12:46:17,4.77770301543528e-07
2019-04-04 12:46:18,2.38885150771764e-07
2019-04-04 12:46:19,1.19442575385882e-07
2019-04-04 12:46:20,5.9721287692941e-08
2019-04-04 12:46:21,2.98606438464705e-08
2019-04-04 12:46:22,1.493032192323525e-08
2019-04-04 12:46:23,7.465160961617625e-09
2019-04-04 12:46:24,0.5000000037325805
2019-04-04 12:46:25,0.25000000186629023
2019-04-04 12:46:26,0.12500000093314512
2019-04-04 12:46:27,1.5625000004665726
2019-04-04 12:46:28,0.7812500002332863
2019-04-04 12:46:29,0.39062500011664314
2019-04-04 12:46:30,0.19531250005832157
2019-04-04 12:46:31,0.09765625002916078
2019-04-04 12:46:32,0.04882812501458039
2019-04-04 12:46:33,0.5244140625072902
2019-04-04 12:46:34,0.2622070312536451
2019-04-04 12:46:35,0.13110351562682254
2019-04-04 12:46:36,0.06555175781341127
2019-04-04 12:46:37,0.032775878906705636
2019-04-04 12:46:38,0.016387939453352818
2019-04-04 12:46:39,0.008193969726676409
2019-04-04 12:46:40,0.0040969848633382044
2019-04-04 12:46:41,0.0020484924316691022
2019-04-04 12:46:42,0.5010242462158345
2019-04-04 12:46:43,0.25051212310791726
2019-04-04 12:46:44,0.12525606155395863
2019-04-04 12:46:45,0.06262803077697932
2019-04-04 12:46:46,0.03131401538848966
2019-04-04 12:46:47,0.01565700769424483
2019-04-04 12:46:48,0.007828503847122414
2019-04-04 12:46:49,0.003914251923561207
2019-04-04 12:46:50,0.0019571259617806036
2019-04-04 12:46:51,0.5009785629808903
2019-04-04 12:46:52,0.25048928149044514
2019-04-04 12:46:53,0.12524464074522257
2019-04-04 12:46:54,0.06262232037261128
2019-04-04 12:46:55,0.03131116018630564
2019-04-04 12:46:56,0.01565558009315282
2019-04-04 12:46:57,0.00782779004657641
2019-04-04 12:46:58,-4.996086104976712
2019-04-04 12:46:59,-2.998043052488356
2019-04-04 12:47:00,-1.499021526244178
2019-04-04 12:47:01,-0.749510763122089
2019-04-04 12:47:02,-0.3747553815610445
2019-04-04 12:47:03,-0.18737769078052224
2019-04-04 12:47:04,-0.09368884539026112
2019-04-04 12:47:05,-0.04684442269513056
2019-04-04 12:47:06,-0.02342221134756528
2019-04-04 12:47:07,-0.01171110567378264
2019-04-04 12:47:08,-0.00585555283689132
2019-04-04 12:47:09,-0.00292777641844566
2019-04-04 12:47:10,-0.00146388820922283
2019-04-04 12:47:11,-0.000731944104611415
2019-04-04 12:47:12,-0.0003659720523057075
2019-04-04 12:47:13,-0.00018298602615285375
2019-04-04 12:47:14,-9.149301307642688e-05
2019-04-04 12:47:15,1.9999542534934618
2019-04-04 12:47:16,0.9999771267467309
2019-04-04 12:47:17,0.49998856337336545
2019-04-04 12:47:18,0.24999428168668272
2019-04-04 12:47:19,0.12499714084334136
2019-04-04 12:47:20,0.06249857042167068
2019-04-04 12:47:21,0.03124928521083534
2019-04-04 12:47:22,0.01562464260541767
2019-04-04 12:47:23,0.007812321302708835
2019-04-04 12:47:24,0.0039061606513544176
2019-04-04 12:47:25,0.0019530803256772088
2019-04-04 12:47:26,0.0009765401628386044
2019-04-04 12:47:27,0.0004882700814193022
2019-04-04 12:47:28,0.0002441350407096511
2019-04-04 12:47:29,0.00012206752035482555
2019-04-04 12:47:30,6.1033760177412774e-05
2019-04-04 12:47:31,3.0516880088706387e-05
2019-04-04 12:47:32,1.5258440044353194e-05
2019-04-04 12:47:33,7.629220022176597e-06
2019-04-04 12:47:34,3.8146100110882984e-06
2019-04-04 12:47:35,1.9073050055441492e-06
2019-04-04 12:47:36,9.536525027720746e-07
2019-04-04 12:47:37,4.768262513860373e-07
2019-04-04 12:47:38,2.3841312569301865e-07
2019-04-04 12:47:39,1.1920656284650932e-07
2019-04-04 12:47:40,5.960328142325466e-08
2019-04-04 12:47:41,2.980164071162733e-08
2019-04-04 12:47:42,1.4900820355813666e-08
2019-04-04 12:47:43,7.450410177906833e-09
2019-04-04 12:47:44,3.7252050889534164e-09
2019-04-04 12:47:45,1.8626025444767082e-09
2019-04-04 12:47:46,9.313012722383541e-10
2019-04-04 12:47:47,4.6565063611917705e-10
2019-04-04 12:47:48,2.3282531805958852e-10
2019-04-04 12:47:49,1.1641265902979426e-10
2019-04-04 12:47:50,5.820632951489713e-11
2019-04-04 12:47:51,2.9103164757448566e-11
2019-04-04 12:47:52,1.4551582378724283e-11
2019-04-04 12:47:53,7.275791189362141e-12
2019-04-04 12:47:54,3.6378955946810707e-12
2019-04-04 12:47:55,1.8189477973405354e-12
2019-04-04 12:47:56,9.094738986702677e-13
2019-04-04 12:47:57,4.5473694933513384e-13
2019-04-04 12:47:58,2.2736847466756692e-13
2019-04-04 12:47:59,1.1368423733378346e-13
2019-04-04 12:48:00,5.684211866689173e-14
2019-04-04 12:48:01,2.8421059333445865e-14
2019-04-04 12:48:02,1.4210529666722932e-14
2019-04-04 12:48:03,7.105264833361466e-15
2019-04-04 12:48:04,3.552632416680733e-15
2019-04-04 12:48:05,1.7763162083403666e-15
2019-04-04 12:48:06,8.881581041701833e-16
2019-04-04 12:48:07,4.4407905208509164e-16
2019-04-04 12:48:08,2.2203952604254582e-16
2019-04-04 12:48:09,1.1101976302127291e-16
2019-04-04 12:48:10,5.5509881510636455e-17
2019-04-04 12:48:11,2.7754940755318227e-17
2019-04-04 12:48:12,1.3877470377659114e-17
2019-04-04 12:48:13,6.938735188829557e-18
2019-04-04 12:48:14,3.4693675944147784e-18
2019-04-04 12:48:15,1.7346837972073892e-18
2019-04-04 12:48:16,8.673418986036946e-19
2019-04-04 12:48:17,4.336709493018473e-19
2019-04-04 12:48:18,2.1683547465092365e-19
2019-04-04 12:48:19,1.0841773732546183e-19
2019-04-04 12:48:20,5.420886866273091e-20
2019-04-04 12:48:21,2.7104434331365456e-20
2019-04-04 12:48:22,1.3552217165682728e-20
2019-04-04 12:48:23,6.776108582841364e-21
2019-04-04 12:48:24,3.388054291420682e-21
2019-04-04 12:48:25,1.694027145710341e-21
2019-04-04 12:48:26,8.470135728551705e-22
2019-04-04 12:48:27,4.2350678642758526e-22
2019-04-04 12:48:28,-0.5
2019-04-04 12:48:29,-0.25
2019-04-04 12:48:30,-0.125
2019-04-04 12:48:31,-0.0625
2019-04-04 12:48:32,-0.03125
2019-04-04 12:48:33,-0.515625
2019-04-04 12:48:34,-0.2578125
2019-04-04 12:48:35,-0.12890625
2019-04-04 12:48:36,-0.064453125
2019-04-04 12:48:37,-0.0322265625
2019-04-04 12:48:38,-2.01611328125
2019-04-04 12:48:39,-1.008056640625
2019-04-04 12:48:40,-0.5040283203125
2019-04-04 12:48:41,-0.25201416015625
2019-04-04 12:48:42,-0.126007080078125
2019-04-04 12:48:43,-0.0630035400390625
2019-04-04 12:48:44,-0.03150177001953125
2019-04-04 12:48:45,-0.015750885009765625
2019-04-04 12:48:46,-0.007875442504882812
2019-04-04 12:48:47,-0.5039377212524414
2019-04-04 12:48:48,-0.2519688606262207
2019-04-04 12:48:49,-0.12598443031311035
2019-04-04 12:48:50,-0.06299221515655518
2019-04-04 12:48:51,-0.03149610757827759
2019-04-04 12:48:52,-0.015748053789138794
2019-04-04 12:48:53,-0.007874026894569397
2019-04-04 12:48:54,-0.0039370134472846985
2019-04-04 12:48:55,-0.0019685067236423492
2019-04-04 12:48:56,-0.0009842533618211746
2019-04-04 12:48:57,-0.0004921266809105873
2019-04-04 12:48:58,-0.00024606334045529366
2019-04-04 12:48:59,-0.00012303167022764683
2019-04-04 12:49:00,-6.151583511382341e-05
2019-04-04 12:49:01,-3.075791755691171e-05
2019-04-04 12:49:02,-1.5378958778455853e-05
2019-04-04 12:49:03,-7.689479389227927e-06
2019-04-04 12:49:04,-3.844739694613963e-06
2019-04-04 12:49:05,-1.9223698473069817e-06
2019-04-04 12:49:06,-9.611849236534908e-07
2019-04-04 12:49:07,-4.805924618267454e-07
2019-04-04 12:49:08,-2.402962309133727e-07
2019-04-04 12:49:09,-1.2014811545668636e-07
2019-04-04 12:49:10,-6.007405772834318e-08
2019-04-04 12:49:11,-3.003702886417159e-08
2019-04-04 12:49:12,-1.5018514432085794e-08
2019-04-04 12:49:13,-7.509257216042897e-09
2019-04-04 12:49:14,-3.754628608021449e-09
2019-04-04 12:49:15,-1.8773143040107243e-09
2019-04-04 12:49:16,-9.386571520053621e-10
2019-04-04 12:49:17,-4.693285760026811e-10
2019-04-04 12:49:18,-2.3466428800134054e-10
2019-04-04 12:49:19,-1.1733214400067027e-10
2019-04-04 12:49:20,-5.866607200033513e-11
2019-04-04 12:49:21,-2.933303600016757e-11
2019-04-04 12:49:22,-1.4666518000083784e-11
2019-04-04 12:49:23,-7.333259000041892e-12
2019-04-04 12:49:24,-3.000000000003667
2019-04-04 12:49:25,-1.5000000000018334
2019-04-04 12:49:26,-0.7500000000009167
2019-04-04 12:49:27,-0.37500000000045836
2019-04-04 12:49:28,-0.18750000000022918
2019-04-04 12:49:29,-0.09375000000011459
2019-04-04 12:49:30,-0.046875000000057294
2019-04-04 12:49:31,-0.023437500000028647
2019-04-04 12:49:32,-0.011718750000014324
2019-04-04 12:49:33,-0.005859375000007162
2019-04-04 12:49:34,-0.002929687500003581
2019-04-04 12:49:35,-0.0014648437500017905
2019-04-04 12:49:36,-0.0007324218750008952
2019-04-04 12:49:37,-0.0003662109375004476
2019-04-04 12:49:38,-0.0001831054687502238
2019-04-04 12:49:39,-9.15527343751119e-05
2019-04-04 12:49:40,-1.0000457763671875
2019-04-04 12:49:41,-0.5000228881835938
2019-04-04 12:49:42,-0.2500114440917969
2019-04-04 12:49:43,-0.12500572204589844
2019-04-04 12:49:44,-0.06250286102294922
2019-04-04 12:49:45,-0.03125143051147461
2019-04-04 12:49:46,-0.015625715255737305
2019-04-04 12:49:47,-0.007812857627868652
2019-04-04 12:49:48,-0.003906428813934326
2019-04-04 12:49:49,-0.001953214406967163
2019-04-04 12:49:50,-0.0009766072034835815
2019-04-04 12:49:51,-0.0004883036017417908
2019-04-04 12:49:52,-0.0002441518008708954
2019-04-04 12:49:53,-0.0001220759004354477
2019-04-04 12:49:54,-6.103795021772385e-05
2019-04-04 12:49:55,-3.051897510886192e-05
2019-04-04 12:49:56,-1.525948755443096e-05
2019-04-04 12:49:57,-7.62974377721548e-06
2019-04-04 12:49:58,-3.81487188860774e-06
2019-04-04 12:49:59,-1.90743594430387e-06
2019-04-04 12:50:00,-9.53717972151935e-07
2019-04-04 12:50:01,2.999999523141014
2019-04-04 12:50:02,1.499999761570507
2019-04-04 12:50:03,0.7499998807852535
2019-04-04 12:50:04,0.37499994039262674
2019-04-04 12:50:05,0.18749997019631337
2019-04-04 12:50:06,0.09374998509815669
2019-04-04 12:50:07,0.04687499254907834
2019-04-04 12:50:08,0.02343749627453917
2019-04-04 12:50:09,0.011718748137269586
2019-04-04 12:50:10,0.005859374068634793
2019-04-04 12:50:11,-3.9970703129656826
2019-04-04 12:50:12,-1.9985351564828413
2019-04-04 12:50:13,-0.9992675782414207
2019-04-04 12:50:14,-0.4996337891207103
2019-04-04 12:50:15,-0.24981689456035516
2019-04-04 12:50:16,-0.12490844728017758
2019-04-04 12:50:17,-0.06245422364008879
2019-04-04 12:50:18,-0.031227111820044395
2019-04-04 12:50:19,-0.015613555910022198
2019-04-04 12:50:20,-0.007806777955011099
2019-04-04 12:50:21,-0.0039033889775055494
2019-04-04 12:50:22,-0.0019516944887527747
2019-04-04 12:50:23,-0.0009758472443763874
2019-04-04 12:50:24,-0.0004879236221881937
2019-04-04 12:50:25,0.9997560381889059
2019-04-04 12:50:26,0.49987801909445295
2019-04-04 12:50:27,0.24993900954722648
2019-04-04 12:50:28,0.12496950477361324
2019-04-04 12:50:29,0.06248475238680662
2019-04-04 12:50:30,0.03124237619340331
2019-04-04 12:50:31,0.015621188096701655
2019-04-04 12:50:32,0.007810594048350827
2019-04-04 12:50:33,0.0039052970241754137
2019-04-04 12:50:34,0.0019526485120877068
2019-04-04 12:50:35,0.0009763242560438534
2019-04-04 12:50:36,0.0004881621280219267
2019-04-04 12:50:37,0.00024408106401096336
2019-04-04 12:50:38,0.00012204053200548168
2019-04-04 12:50:39,6.102026600274084e-05
2019-04-04 12:50:40,3.051013300137042e-05
2019-04-04 12:50:41,1.525506650068521e-05
2019-04-04 12:50:42,7.627533250342605e-06
2019-04-04 12:50:43,3.8137666251713024e-06
2019-04-04 12:50:44,1.9068833125856512e-06
2019-04-04 12:50:45,9.534416562928256e-07
2019-04-04 12:50:46,4.767208281464128e-07
2019-04-04 12:50:47,2.383604140732064e-07
2019-04-04 12:50:48,1.191802070366032e-07
2019-04-04 12:50:49,5.95901035183016e-08
2019-04-04 12:50:50,2.97950517591508e-08
2019-04-04 12:50:51,1.48975258795754e-08
2019-04-04 12:50:52,7.4487629397877e-09
2019-04-04 12:50:53,3.72438146989385e-09
2019-04-04 12:50:54,1.862190734946925e-09
2019-04-04 12:50:55,9.310953674734625e-10
2019-04-04 12:50:56,4.6554768373673125e-10
2019-04-04 12:50:57,2.3277384186836563e-10
2019-04-04 12:50:58,1.1638692093418281e-10
2019-04-04 12:50:59,5.8193460467091407e-11
2019-04-04 12:51:00,2.9096730233545703e-11
2019-04-04 12:51:01,1.4548365116772852e-11
2019-04-04 12:51:02,7.274182558386426e-12
2019-04-04 12:51:03,-7.999999999996363
2019-04-04 12:51:04,-3.9999999999981815
2019-04-04 12:51:05,3.0000000000009095
2019-04-04 12:51:06,1.5000000000004547
2019-04-04 12:51:07,0.7500000000002274
2019-04-04 12:51:08,0.3750000000001137
2019-04-04 12:51:09,0.18750000000005684
2019-04-04 12:51:10,0.09375000000002842
2019-04-04 12:51:11,0.04687500000001421
2019-04-04 12:51:12,0.023437500000007105
2019-04-04 12:51:13,0.011718750000003553
2019-04-04 12:51:14,0.005859375000001776
2019-04-04 12:51:15,0.002929687500000888
2019-04-04 12:51:16,0.001464843750000444
2019-04-04 12:51:17,0.000732421875000222
2019-04-04 12:51:18,0.000366210937500111
2019-04-04 12:51:19,0.0001831054687500555
2019-04-04 12:51:20,9.155273437502776e-05
2019-04-04 12:51:21,4.577636718751388e-05
2019-04-04 12:51:22,2.288818359375694e-05
2019-04-04 12:51:23,1.144409179687847e-05
2019-04-04 12:51:24,5.722045898439235e-06
2019-04-04 12:51:25,2.8610229492196174e-06
2019-04-04 12:51:26,1.4305114746098087e-06
2019-04-04 12:51:27,7.152557373049043e-07
2019-04-04 12:51:28,3.5762786865245217e-07
2019-04-04 12:51:29,1.7881393432622609e-07
2019-04-04 12:51:30,8.940696716311304e-08
2019-04-04 12:51:31,4.470348358155652e-08
2019-04-04 12:51:32,-0.4999999776482582
2019-04-04 12:51:33,-0.2499999888241291
2019-04-04 12:51:34,-0.12499999441206455
2019-04-04 12:51:35,-0.062499997206032276
2019-04-04 12:51:36,-0.031249998603016138
2019-04-04 12:51:37,-0.015624999301508069
2019-04-04 12:51:38,-0.0078124996507540345
2019-04-04 12:51:39,-0.0039062498253770173
2019-04-04 12:51:40,-0.0019531249126885086
2019-04-04 12:51:41,-0.0009765624563442543
2019-04-04 12:51:42,-0.00048828122817212716
2019-04-04 12:51:43,-0.00024414061408606358
2019-04-04 12:51:44,-0.00012207030704303179
2019-04-04 12:51:45,-6.1035153521515895e-05
2019-04-04 12:51:46,-3.0517576760757947e-05
2019-04-04 12:51:47,-1.5258788380378974e-05
2019-04-04 12:51:48,-7.629394190189487e-06
2019-04-04 12:51:49,-3.8146970950947434e-06
2019-04-04 12:51:50,0.9999980926514525
2019-04-04 12:51:51,0.4999990463257262
2019-04-04 12:51:52,0.2499995231628631
2019-04-04 12:51:53,0.12499976158143156
2019-04-04 12:51:54,0.06249988079071578
2019-04-04 12:51:55,0.03124994039535789
2019-04-04 12:51:56,0.015624970197678945
2019-04-04 12:51:57,0.007812485098839472
2019-04-04 12:51:58,0.003906242549419736
2019-04-04 12:51:59,0.001953121274709868
2019-04-04 12:52:00,0.000976560637354934
2019-04-04 12:52:01,0.000488280318677467
2019-04-04 12:52:02,0.0002441401593387335
2019-04-04 12:52:03,0.00012207007966936675
2019-04-04 12:52:04,6.103503983468338e-05
2019-04-04 12:52:05,3.051751991734169e-05
2019-04-04 12:52:06,1.5258759958670844e-05
2019-04-04 12:52:07,7.629379979335422e-06
2019-04-04 12:52:08,3.814689989667711e-06
2019-04-04 12:52:09,-1.9999980926550052
2019-04-04 12:52:10,-0.9999990463275026
2019-04-04 12:52:11,-0.4999995231637513
2019-04-04 12:52:12,3.2500002384181244
2019-04-04 12:52:13,1.6250001192090622
2019-04-04 12:52:14,0.8125000596045311
2019-04-04 12:52:15,0.40625002980226554
2019-04-04 12:52:16,0.20312501490113277
2019-04-04 12:52:17,0.10156250745056639
2019-04-04 12:52:18,0.05078125372528319
2019-04-04 12:52:19,0.025390626862641597
2019-04-04 12:52:20,0.012695313431320798
2019-04-04 12:52:21,0.006347656715660399
2019-04-04 12:52:22,0.0031738283578301996
2019-04-04 12:52:23,0.0015869141789150998
2019-04-04 12:52:24,-0.49920654291054245
2019-04-04 12:52:25,-0.24960327145527123
2019-04-04 12:52:26,-0.12480163572763561
2019-04-04 12:52:27,-0.062400817863817806
2019-04-04 12:52:28,-0.031200408931908903
2019-04-04 12:52:29,-0.015600204465954452
2019-04-04 12:52:30,-0.007800102232977226
2019-04-04 12:52:31,-0.003900051116488613
2019-04-04 12:52:32,-0.0019500255582443064
2019-04-04 12:52:33,-0.0009750127791221532
2019-04-04 12:52:34,-0.0004875063895610766
2019-04-04 12:52:35,-0.0002437531947805383
2019-04-04 12:52:36,-0.00012187659739026915
2019-04-04 12:52:37,-6.0938298695134576e-05
2019-04-04 12:52:38,-3.0469149347567288e-05
2019-04-04 12:52:39,-1.5234574673783644e-05
2019-04-04 12:52:40,-7.617287336891822e-06
2019-04-04 12:52:41,-3.808643668445911e-06
2019-04-04 12:52:42,0.9999980956781658
2019-04-04 12:52:43,0.4999990478390829
2019-04-04 12:52:44,0.24999952391954144
2019-04-04 12:52:45,0.12499976195977072
2019-04-04 12:52:46,0.06249988097988536
2019-04-04 12:52:47,0.03124994048994268
2019-04-04 12:52:48,0.01562497024497134
2019-04-04 12:52:49,0.00781248512248567
2019-04-04 12:52:50,0.003906242561242835
2019-04-04 12:52:51,0.0019531212806214175
2019-04-04 12:52:52,0.0009765606403107088
2019-04-04 12:52:53,0.0004882803201553544
2019-04-04 12:52:54,0.0002441401600776772
2019-04-04 12:52:55,0.0001220700800388386
2019-04-04 12:52:56,6.10350400194193e-05
2019-04-04 12:52:57,3.051752000970965e-05
2019-04-04 12:52:58,1.5258760004854824e-05
2019-04-04 12:52:59,7.629380002427412e-06
2019-04-04 12:53:00,3.814690001213706e-06
2019-04-04 12:53:01,1.907345000606853e-06
2019-04-04 12:53:02,9.536725003034265e-07
2019-04-04 12:53:03,4.7683625015171326e-07
2019-04-04 12:53:04,2.3841812507585663e-07
2019-04-04 12:53:05,1.1920906253792832e-07
2019-04-04 12:53:06,5.960453126896416e-08
2019-04-04 12:53:07,2.980226563448208e-08
2019-04-04 12:53:08,1.490113281724104e-08
2019-04-04 12:53:09,7.45056640862052e-09
2019-04-04 12:53:10,3.72528320431026e-09
2019-04-04 12:53:11,1.86264160215513e-09
2019-04-04 12:53:12,9.31320801077565e-10
2019-04-04 12:53:13,4.656604005387825e-10
2019-04-04 12:53:14,2.3283020026939124e-10
2019-04-04 12:53:15,1.1641510013469562e-10
2019-04-04 12:53:16,5.820755006734781e-11
2019-04-04 12:53:17,2.9103775033673905e-11
2019-04-04 12:53:18,1.4551887516836953e-11
2019-04-04 12:53:19,7.275943758418476e-12
2019-04-04 12:53:20,3.637971879209238e-12
2019-04-04 12:53:21,1.818985939604619e-12
2019-04-04 12:53:22,9.094929698023095e-13
2019-04-04 12:53:23,4.5474648490115477e-13
2019-04-04 12:53:24,2.2737324245057739e-13
2019-04-04 12:53:25,-0.4999999999998863
2019-04-04 12:53:26,-0.24999999999994316
2019-04-04 12:53:27,-0.12499999999997158
2019-04-04 12:53:28,-0.06249999999998579
2019-04-04 12:53:29,-2.531249999999993
2019-04-04 12:53:30,-1.2656249999999964
2019-04-04 12:53:31,-0.6328124999999982
2019-04-04 12:53:32,-0.3164062499999991
2019-04-04 12:53:33,-0.15820312499999956
2019-04-04 12:53:34,-0.07910156249999978
2019-04-04 12:53:35,-0.03955078124999989
2019-04-04 12:53:36,-0.019775390624999944
2019-04-04 12:53:37,-0.009887695312499972
2019-04-04 12:53:38,-0.004943847656249986
2019-04-04 12:53:39,-0.002471923828124993
2019-04-04 12:53:40,-0.0012359619140624965
2019-04-04 12:53:41,-0.0006179809570312483
2019-04-04 12:53:42,-0.00030899047851562413
2019-04-04 12:53:43,-0.00015449523925781207
2019-04-04 12:53:44,-7.724761962890603e-05
2019-04-04 12:53:45,-3.8623809814453017e-05
2019-04-04 12:53:46,-1.9311904907226508e-05
2019-04-04 12:53:47,-9.655952453613254e-06
2019-04-04 12:53:48,-4.827976226806627e-06
2019-04-04 12:53:49,-2.4139881134033135e-06
2019-04-04 12:53:50,-1.2069940567016568e-06
2019-04-04 12:53:51,-6.034970283508284e-07
2019-04-04 12:53:52,-3.017485141754142e-07
2019-04-04 12:53:53,-1.508742570877071e-07
2019-04-04 12:53:54,-7.543712854385355e-08
2019-04-04 12:53:55,-3.7718564271926774e-08
2019-04-04 12:53:56,-1.8859282135963387e-08
2019-04-04 12:53:57,-9.429641067981694e-09
2019-04-04 12:53:58,-4.714820533990847e-09
2019-04-04 12:53:59,-2.3574102669954234e-09
2019-04-04 12:54:00,1.9999999988212949
2019-04-04 12:54:01,0.9999999994106474
2019-04-04 12:54:02,0.4999999997053237
2019-04-04 12:54:03,0.24999999985266186
2019-04-04 12:54:04,0.12499999992633093
2019-04-04 12:54:05,0.062499999963165465
2019-04-04 12:54:06,0.031249999981582732
2019-04-04 12:54:07,0.015624999990791366
2019-04-04 12:54:08,0.007812499995395683
2019-04-04 12:54:09,0.0039062499976978415
2019-04-04 12:54:10,0.0019531249988489208
2019-04-04 12:54:11,0.0009765624994244604
2019-04-04 12:54:12,0.0004882812497122302
2019-04-04 12:54:13,0.0002441406248561151
2019-04-04 12:54:14,0.00012207031242805755
2019-04-04 12:54:15,6.1035156214028774e-05
2019-04-04 12:54:16,3.0517578107014387e-05
2019-04-04 12:54:17,1.5258789053507194e-05
2019-04-04 12:54:18,7.629394526753597e-06
2019-04-04 12:54:19,3.8146972633767984e-06
2019-04-04 12:54:20,1.9073486316883992e-06
2019-04-04 12:54:21,9.536743158441996e-07
2019-04-04 12:54:22,4.768371579220998e-07
2019-04-04 12:54:23,2.384185789610499e-07
2019-04-04 12:54:24,1.1920928948052495e-07
2019-04-04 12:54:25,5.9604644740262475e-08
2019-04-04 12:54:26,2.9802322370131237e-08
2019-04-04 12:54:27,1.4901161185065619e-08
2019-04-04 12:54:28,7.450580592532809e-09
2019-04-04 12:54:29,3.7252902962664047e-09
2019-04-04 12:54:30,1.8626451481332023e-09
2019-04-04 12:54:31,9.313225740666012e-10
2019-04-04 12:54:32,-3.9999999995343387
2019-04-04 12:54:33,-1.9999999997671694
2019-04-04 12:54:34,-0.9999999998835847
2019-04-04 12:54:35,-2.4999999999417923
2019-04-04 12:54:36,-1.2499999999708962
2019-04-04 12:54:37,-0.6249999999854481
2019-04-04 12:54:38,-0.31249999999272404
2019-04-04 12:54:39,-0.15624999999636202
2019-04-04 12:54:40,-0.07812499999818101
2019-04-04 12:54:41,-0.039062499999090505
2019-04-04 12:54:42,-0.019531249999545253
2019-04-04 12:54:43,-0.009765624999772626
2019-04-04 12:54:44,-0.004882812499886313
2019-04-04 12:54:45,-0.0024414062499431566
2019-04-04 12:54:46,-0.0012207031249715783
2019-04-04 12:54:47,-0.0006103515624857891
2019-04-04 12:54:48,-0.00030517578124289457
2019-04-04 12:54:49,-0.00015258789062144729
2019-04-04 12:54:50,-7.629394531072364e-05
2019-04-04 12:54:51,-3.814697265536182e-05
2019-04-04 12:54:52,-1.907348632768091e-05
2019-04-04 12:54:53,-9.536743163840455e-06
2019-04-04 12:54:54,-4.768371581920228e-06
2019-04-04 12:54:55,-2.384185790960114e-06
2019-04-04 12:54:56,-1.192092895480057e-06
2019-04-04 12:54:57,-5.960464477400285e-07
2019-04-04 12:54:58,-2.9802322387001423e-07
2019-04-04 12:54:59,-1.4901161193500712e-07
2019-04-04 12:55:00,-7.450580596750356e-08
2019-04-04 12:55:01,-3.725290298375178e-08
2019-04-04 12:55:02,-1.862645149187589e-08
2019-04-04 12:55:03,-9.313225745937945e-09
2019-04-04 12:55:04,-4.656612872968972e-09
2019-04-04 12:55:05,-2.328306436484486e-09
2019-04-04 12:55:06,-1.164153218242243e-09
2019-04-04 12:55:07,-5.820766091211215e-10
2019-04-04 12:55:08,-2.9103830456056077e-10
2019-04-04 12:55:09,-1.4551915228028039e-10
2019-04-04 12:55:10,-7.275957614014019e-11
2019-04-04 12:55:11,-3.6379788070070097e-11
2019-04-04 12:55:12,-1.8189894035035048e-11
2019-04-04 12:55:13,-9.094947017517524e-12
2019-04-04 12:55:14,-4.547473508758762e-12
2019-04-04 12:55:15,-2.273736754379381e-12
2019-04-04 12:55:16,-1.1368683771896905e-12
2019-04-04 12:55:17,-5.684341885948453e-13
2019-04-04 12:55:18,-2.8421709429742263e-13
2019-04-04 12:55:19,-1.4210854714871131e-13
2019-04-04 12:55:20,-7.105427357435566e-14
2019-04-04 12:55:21,-3.552713678717783e-14
2019-04-04 12:55:22,-1.7763568393588914e-14
2019-04-04 12:55:23,-8.881784196794457e-15
2019-04-04 12:55:24,-4.4408920983972286e-15
2019-04-04 12:55:25,-2.2204460491986143e-15
2019-04-04 12:55:26,-1.1102230245993071e-15
2019-04-04 12:55:27,-5.551115122996536e-16
2019-04-04 12:55:28,-2.775557561498268e-16
2019-04-04 12:55:29,-1.387778780749134e-16
2019-04-04 12:55:30,-6.93889390374567e-17
2019-04-04 12:55:31,-3.469446951872835e-17
2019-04-04 12:55:32,-1.7347234759364174e-17
2019-04-04 12:55:33,-8.673617379682087e-18
2019-04-04 12:55:34,-4.3368086898410435e-18
2019-04-04 12:55:35,-2.1684043449205218e-18
2019-04-04 12:55:36,-1.0842021724602609e-18
2019-04-04 12:55:37,-5.421010862301304e-19
2019-04-04 12:55:38,-2.710505431150652e-19
2019-04-04 12:55:39,-1.355252715575326e-19
2019-04-04 12:55:40,-6.77626357787663e-20
2019-04-04 12:55:41,-3.388131788938315e-20
2019-04-04 12:55:42,-1.6940658944691576e-20
2019-04-04 12:55:43,-8.470329472345788e-21
2019-04-04 12:55:44,-4.235164736172894e-21
2019-04-04 12:55:45,-2.117582368086447e-21
2019-04-04 12:55:46,0.5
2019-04-04 12:55:47,0.25
2019-04-04 12:55:48,0.125
2019-04-04 12:55:49,0.0625
2019-04-04 12:55:50,0.03125
2019-04-04 12:55:51,0.015625
2019-04-04 12:55:52,0.0078125
2019-04-04 12:55:53,0.00390625
2019-04-04 12:55:54,0.001953125
2019-04-04 12:55:55,0.0009765625
2019-04-04 12:55:56,0.00048828125
2019-04-04 12:55:57,0.000244140625
2019-04-04 12:55:58,0.0001220703125
2019-04-04 12:55:59,6.103515625e-05
2019-04-04 12:56:00,3.0517578125e-05
2019-04-04 12:56:01,1.52587890625e-05
2019-04-04 12:56:02,7.62939453125e-06
2019-04-04 12:56:03,3.814697265625e-06
2019-04-04 12:56:04,1.9073486328125e-06
2019-04-04 12:56:05,9.5367431640625e-07
2019-04-04 12:56:06,4.76837158203125e-07
2019-04-04 12:56:07,2.384185791015625e-07
2019-04-04 12:56:08,1.1920928955078125e-07
2019-04-04 12:56:09,5.960464477539063e-08
2019-04-04 12:56:10,2.9802322387695312e-08
2019-04-04 12:56:11,1.4901161193847656e-08
2019-04-04 12:56:12,7.450580596923828e-09
2019-04-04 12:56:13,3.725290298461914e-09
2019-04-04 12:56:14,1.862645149230957e-09
2019-04-04 12:56:15,9.313225746154785e-10
2019-04-04 12:56:16,4.656612873077393e-10
2019-04-04 12:56:17,2.3283064365386963e-10
2019-04-04 12:56:18,1.1641532182693481e-10
2019-04-04 12:56:19,5.820766091346741e-11
2019-04-04 12:56:20,2.9103830456733704e-11
2019-04-04 12:56:21,1.4551915228366852e-11
2019-04-04 12:56:22,7.275957614183426e-12
2019-04-04 12:56:23,3.637978807091713e-12
2019-04-04 12:56:24,1.8189894035458565e-12
2019-04-04 12:56:25,9.094947017729282e-13
2019-04-04 12:56:26,4.547473508864641e-13
2019-04-04 12:56:27,2.2737367544323206e-13
2019-04-04 12:56:28,1.1368683772161603e-13
2019-04-04 12:56:29,5.684341886080802e-14
2019-04-04 12:56:30,2.842170943040401e-14
2019-04-04 12:56:31,1.4210854715202004e-14
2019-04-04 12:56:32,7.105427357601002e-15
2019-04-04 12:56:33,3.552713678800501e-15
2019-04-04 12:56:34,1.7763568394002505e-15
2019-04-04 12:56:35,8.881784197001252e-16
2019-04-04 12:56:36,4.440892098500626e-16
2019-04-04 12:56:37,2.220446049250313e-16
2019-04-04 12:56:38,1.1102230246251565e-16
2019-04-04 12:56:39,5.551115123125783e-17
2019-04-04 12:56:40,2.7755575615628914e-17
2019-04-04 12:56:41,1.3877787807814457e-17
2019-04-04 12:56:42,6.938893903907228e-18
2019-04-04 12:56:43,3.469446951953614e-18
2019-04-04 12:56:44,1.734723475976807e-18
2019-04-04 12:56:45,8.673617379884035e-19
2019-04-04 12:56:46,4.336808689942018e-19
2019-04-04 12:56:47,2.168404344971009e-19
2019-04-04 12:56:48,1.0842021724855044e-19
2019-04-04 12:56:49,5.421010862427522e-20
2019-04-04 12:56:50,2.710505431213761e-20
2019-04-04 12:56:51,1.3552527156068805e-20
2019-04-04 12:56:52,6.776263578034403e-21
2019-04-04 12:56:53,3.3881317890172014e-21
2019-04-04 12:56:54,1.6940658945086007e-21
2019-04-04 12:56:55,8.470329472543003e-22
2019-04-04 12:56:56,4.235164736271502e-22
2019-04-04 12:56:57,2.117582368135751e-22
2019-04-04 12:56:58,1.0587911840678754e-22
2019-04-04 12:56:59,5.293955920339377e-23
2019-04-04 12:57:00,2.6469779601696886e-23
2019-04-04 12:57:01,1.3234889800848443e-23
2019-04-04 12:57:02,6.617444900424222e-24
2019-04-04 12:57:03,3.308722450212111e-24
2019-04-04 12:57:04,1.6543612251060553e-24
2019-04-04 12:57:05,8.271806125530277e-25
2019-04-04 12:57:06,4.1359030627651384e-25
2019-04-04 12:57:07,2.0679515313825692e-25
2019-04-04 12:57:08,1.0339757656912846e-25
2019-04-04 12:57:09,5.169878828456423e-26
2019-04-04 12:57:10,2.5849394142282115e-26
2019-04-04 12:57:11,1.2924697071141057e-26
2019-04-04 12:57:12,6.462348535570529e-27
2019-04-04 12:57:13,3.2311742677852644e-27
2019-04-04 12:57:14,1.6155871338926322e-27
2019-04-04 12:57:15,8.077935669463161e-28
2019-04-04 12:57:16,4.0389678347315804e-28
2019-04-04 12:57:17,2.0194839173657902e-28
2019-04-04 12:57:18,1.0097419586828951e-28
2019-04-04 12:57:19,5.048709793414476e-29
2019-04-04 12:57:20,2.524354896707238e-29
2019-04-04 12:57:21,1.262177448353619e-29
2019-04-04 12:57:22,6.310887241768095e-30
2019-04-04 12:57:23,3.1554436208840472e-30
2019-04-04 12:57:24,1.5777218104420236e-30
2019-04-04 12:57:25,7.888609052210118e-31
2019-04-04 12:57:26,3.944304526105059e-31
2019-04-04 12:57:27,1.9721522630525295e-31
2019-04-04 12:57:28,9.860761315262648e-32
2019-04-04 12:57:29,4.930380657631324e-32
2019-04-04 12:57:30,2.465190328815662e-32
2019-04-04 12:57:31,1.232595164407831e-32
2019-04-04 12:57:32,6.162975822039155e-33
2019-04-04 12:57:33,3.0814879110195774e-33
2019-04-04 12:57:34,-3.0
2019-04-04 12:57:35,-1.5
2019-04-04 12:57:36,-0.75
2019-04-04 12:57:37,-6.375
2019-04-04 12:57:38,-3.1875
2019-04-04 12:57:39,-1.59375
2019-04-04 12:57:40,-0.796875
2019-04-04 12:57:41,-0.3984375
2019-04-04 12:57:42,-0.19921875
2019-04-04 12:57:43,-0.099609375
2019-04-04 12:57:44,-0.0498046875
2019-04-04 12:57:45,-0.02490234375
2019-04-04 12:57:46,-0.012451171875
2019-04-04 12:57:47,-3.0062255859375
2019-04-04 12:57:48,-1.50311279296875
2019-04-04 12:57:49,-0.751556396484375
2019-04-04 12:57:50,-0.3757781982421875
2019-04-04 12:57:51,-0.18788909912109375
2019-04-04 12:57:52,-0.09394454956054688
2019-04-04 12:57:53,-0.04697227478027344
2019-04-04 12:57:54,-0.02348613739013672
2019-04-04 12:57:55,-0.01174306869506836
2019-04-04 12:57:56,0.9941284656524658
2019-04-04 12:57:57,-0.5029357671737671
2019-04-04 12:57:58,-0.25146788358688354
2019-04-04 12:57:59,-0.12573394179344177
2019-04-04 12:58:00,-0.06286697089672089
2019-04-04 12:58:01,-0.03143348544836044
2019-04-04 12:58:02,-0.01571674272418022
2019-04-04 12:58:03,-0.00785837136209011
2019-04-04 12:58:04,-0.003929185681045055
2019-04-04 12:58:05,-0.0019645928405225277
2019-04-04 12:58:06,-0.0009822964202612638
2019-04-04 12:58:07,-0.0004911482101306319
2019-04-04 12:58:08,-0.00024557410506531596
2019-04-04 12:58:09,-0.00012278705253265798
2019-04-04 12:58:10,-6.139352626632899e-05
2019-04-04 12:58:11,-3.0696763133164495e-05
2019-04-04 12:58:12,-1.5348381566582248e-05
2019-04-04 12:58:13,-7.674190783291124e-06
2019-04-04 12:58:14,-3.837095391645562e-06
2019-04-04 12:58:15,-1.918547695822781e-06
2019-04-04 12:58:16,0.4999990407261521
2019-04-04 12:58:17,0.24999952036307604
2019-04-04 12:58:18,0.12499976018153802
2019-04-04 12:58:19,0.06249988009076901
2019-04-04 12:58:20,0.031249940045384506
2019-04-04 12:58:21,0.015624970022692253
2019-04-04 12:58:22,0.007812485011346126
2019-04-04 12:58:23,0.003906242505673063
2019-04-04 12:58:24,0.0019531212528365316
2019-04-04 12:58:25,0.0009765606264182658
2019-04-04 12:58:26,0.0004882803132091329
2019-04-04 12:58:27,0.00024414015660456645
2019-04-04 12:58:28,0.00012207007830228322
2019-04-04 12:58:29,1.0000610350391512
2019-04-04 12:58:30,0.5000305175195756
2019-04-04 12:58:31,0.2500152587597878
2019-04-04 12:58:32,0.1250076293798939
2019-04-04 12:58:33,0.06250381468994695
2019-04-04 12:58:34,0.031251907344973476
2019-04-04 12:58:35,0.015625953672486738
2019-04-04 12:58:36,0.007812976836243369
2019-04-04 12:58:37,0.0039064884181216845
2019-04-04 12:58:38,0.0019532442090608422
2019-04-04 12:58:39,0.0009766221045304211
2019-04-04 12:58:40,0.0004883110522652106
2019-04-04 12:58:41,0.0002441555261326053
2019-04-04 12:58:42,0.00012207776306630264
2019-04-04 12:58:43,6.103888153315132e-05
2019-04-04 12:58:44,3.051944076657566e-05
2019-04-04 12:58:45,1.525972038328783e-05
2019-04-04 12:58:46,7.629860191643915e-06
2019-04-04 12:58:47,3.8149300958219575e-06
2019-04-04 12:58:48,1.9074650479109787e-06
2019-04-04 12:58:49,9.537325239554894e-07
2019-04-04 12:58:50,4.768662619777447e-07
2019-04-04 12:58:51,2.3843313098887234e-07
2019-04-04 12:58:52,1.1921656549443617e-07
2019-04-04 12:58:53,5.960828274721809e-08
2019-04-04 12:58:54,2.980414137360904e-08
2019-04-04 12:58:55,-1.9999999850979293
2019-04-04 12:58:56,-0.9999999925489647
2019-04-04 12:58:57,-0.49999999627448233
2019-04-04 12:58:58,-0.24999999813724116
2019-04-04 12:58:59,-0.12499999906862058
2019-04-04 12:59:00,-0.06249999953431029
2019-04-04 12:59:01,-0.031249999767155145
2019-04-04 12:59:02,-0.015624999883577573
2019-04-04 12:59:03,-0.007812499941788786
2019-04-04 12:59:04,-0.003906249970894393
2019-04-04 12:59:05,-0.0019531249854471966
2019-04-04 12:59:06,-0.0009765624927235983
2019-04-04 12:59:07,-0.00048828124636179915
2019-04-04 12:59:08,-0.00024414062318089957
2019-04-04 12:59:09,-0.00012207031159044979
2019-04-04 12:59:10,-6.1035155795224894e-05
2019-04-04 12:59:11,-3.0517577897612447e-05
2019-04-04 12:59:12,-1.5258788948806223e-05
2019-04-04 12:59:13,-7.629394474403112e-06
2019-04-04 12:59:14,-3.814697237201556e-06
2019-04-04 12:59:15,-1.907348618600778e-06
2019-04-04 12:59:16,-9.53674309300389e-07
2019-04-04 12:59:17,-4.768371546501945e-07
2019-04-04 12:59:18,-2.3841857732509724e-07
2019-04-04 12:59:19,-1.1920928866254862e-07
2019-04-04 12:59:20,-5.960464433127431e-08
2019-04-04 12:59:21,-2.9802322165637155e-08
2019-04-04 12:59:22,-1.4901161082818578e-08
2019-04-04 12:59:23,-7.450580541409289e-09
2019-04-04 12:59:24,-3.7252902707046444e-09
2019-04-04 12:59:25,-1.8626451353523222e-09
2019-04-04 12:59:26,-9.313225676761611e-10
2019-04-04 12:59:27,-4.6566128383808055e-10
2019-04-04 12:59:28,-2.3283064191904027e-10
2019-04-04 12:59:29,-1.1641532095952014e-10
2019-04-04 12:59:30,-5.820766047976007e-11
2019-04-04 12:59:31,-2.9103830239880034e-11
2019-04-04 12:59:32,-1.4551915119940017e-11
2019-04-04 12:59:33,-7.2759575599700086e-12
2019-04-04 12:59:34,-3.6379787799850043e-12
2019-04-04 12:59:35,-0.500000000001819
2019-04-04 12:59:36,-0.2500000000009095
2019-04-04 12:59:37,-0.12500000000045475
2019-04-04 12:59:38,-0.06250000000022737
2019-04-04 12:59:39,-0.03125000000011369
2019-04-04 12:59:40,-0.015625000000056843
2019-04-04 12:59:41,-0.007812500000028422
2019-04-04 12:59:42,0.4960937499999858
2019-04-04 12:59:43,0.2480468749999929
2019-04-04 12:59:44,0.12402343749999645
2019-04-04 12:59:45,0.062011718749998224
2019-04-04 12:59:46,0.031005859374999112
2019-04-04 12:59:47,0.015502929687499556
2019-04-04 12:59:48,0.007751464843749778
2019-04-04 12:59:49,0.003875732421874889
2019-04-04 12:59:50,0.0019378662109374445
2019-04-04 12:59:51,0.0009689331054687222
2019-04-04 12:59:52,0.0004844665527343611
2019-04-04 12:59:53,0.00024223327636718056
2019-04-04 12:59:54,0.00012111663818359028
2019-04-04 12:59:55,6.055831909179514e-05
2019-04-04 12:59:56,3.027915954589757e-05
2019-04-04 12:59:57,1.5139579772948785e-05
2019-04-04 12:59:58,7.5697898864743925e-06
2019-04-04 12:59:59,3.7848949432371963e-06
2019-04-04 13:00:00,1.8924474716185981e-06
2019-04-04 13:00:01,9.462237358092991e-07
2019-04-04 13:00:02,4.7311186790464953e-07
2019-04-04 13:00:03,2.3655593395232477e-07
2019-04-04 13:00:04,1.1827796697616238e-07
2019-04-04 13:00:05,5.913898348808119e-08
2019-04-04 13:00:06,2.9569491744040596e-08
2019-04-04 13:00:07,1.4784745872020298e-08
2019-04-04 13:00:08,7.392372936010149e-09
2019-04-04 13:00:09,3.6961864680050745e-09
2019-04-04 13:00:10,1.8480932340025372e-09
2019-04-04 13:00:11,9.240466170012686e-10
2019-04-04 13:00:12,4.620233085006343e-10
2019-04-04 13:00:13,2.3101165425031715e-10
2019-04-04 13:00:14,1.1550582712515858e-10
2019-04-04 13:00:15,5.775291356257929e-11
2019-04-04 13:00:16,2.8876456781289644e-11
2019-04-04 13:00:17,1.4438228390644822e-11
2019-04-04 13:00:18,7.219114195322411e-12
2019-04-04 13:00:19,3.6095570976612055e-12
2019-04-04 13:00:20,1.8047785488306028e-12
2019-04-04 13:00:21,9.023892744153014e-13
2019-04-04 13:00:22,4.511946372076507e-13
2019-04-04 13:00:23,2.2559731860382535e-13
2019-04-04 13:00:24,1.1279865930191267e-13
2019-04-04 13:00:25,5.6399329650956337e-14
2019-04-04 13:00:26,2.8199664825478168e-14
2019-04-04 13:00:27,1.4099832412739084e-14
2019-04-04 13:00:28,7.049916206369542e-15
2019-04-04 13:00:29,3.524958103184771e-15
2019-04-04 13:00:30,1.7624790515923855e-15
2019-04-04 13:00:31,8.812395257961928e-16
2019-04-04 13:00:32,4.406197628980964e-16
2019-04-04 13:00:33,2.203098814490482e-16
2019-04-04 13:00:34,0.5000000000000001
2019-04-04 13:00:35,0.25000000000000006
2019-04-04 13:00:36,0.12500000000000003
2019-04-04 13:00:37,0.06250000000000001
2019-04-04 13:00:38,0.03125000000000001
2019-04-04 13:00:39,0.015625000000000003
2019-04-04 13:00:40,0.007812500000000002
2019-04-04 13:00:41,0.003906250000000001
2019-04-04 13:00:42,0.0019531250000000004
2019-04-04 13:00:43,0.0009765625000000002
2019-04-04 13:00:44,0.0004882812500000001
2019-04-04 13:00:45,0.00024414062500000005
2019-04-04 13:00:46,0.00012207031250000003
2019-04-04 13:00:47,6.103515625000001e-05
2019-04-04 13:00:48,3.051757812500001e-05
2019-04-04 13:00:49,1.5258789062500003e-05
2019-04-04 13:00:50,7.629394531250002e-06
2019-04-04 13:00:51,3.814697265625001e-06
2019-04-04 13:00:52,1.9073486328125004e-06
2019-04-04 13:00:53,9.536743164062502e-07
2019-04-04 13:00:54,4.768371582031251e-07
2019-04-04 13:00:55,2.3841857910156255e-07
2019-04-04 13:00:56,1.1920928955078128e-07
2019-04-04 13:00:57,5.960464477539064e-08
2019-04-04 13:00:58,2.980232238769532e-08
2019-04-04 13:00:59,1.490116119384766e-08
2019-04-04 13:01:00,7.45058059692383e-09
2019-04-04 13:01:01,3.725290298461915e-09
2019-04-04 13:01:02,1.8626451492309574e-09
2019-04-04 13:01:03,9.313225746154787e-10
2019-04-04 13:01:04,4.656612873077394e-10
2019-04-04 13:01:05,2.328306436538697e-10
2019-04-04 13:01:06,1.1641532182693484e-10
2019-04-04 13:01:07,5.820766091346742e-11
2019-04-04 13:01:08,2.910383045673371e-11
2019-04-04 13:01:09,1.4551915228366855e-11
2019-04-04 13:01:10,7.275957614183428e-12
2019-04-04 13:01:11,3.637978807091714e-12
2019-04-04 13:01:12,1.818989403545857e-12
2019-04-04 13:01:13,9.094947017729284e-13
2019-04-04 13:01:14,4.547473508864642e-13
2019-04-04 13:01:15,2.273736754432321e-13
2019-04-04 13:01:16,1.1368683772161605e-13
2019-04-04 13:01:17,5.684341886080803e-14
2019-04-04 13:01:18,2.8421709430404014e-14
2019-04-04 13:01:19,1.4210854715202007e-14
2019-04-04 13:01:20,7.105427357601003e-15
2019-04-04 13:01:21,3.552713678800502e-15
2019-04-04 13:01:22,1.776356839400251e-15
2019-04-04 13:01:23,8.881784197001254e-16
2019-04-04 13:01:24,4.440892098500627e-16
2019-04-04 13:01:25,2.2204460492503136e-16
2019-04-04 13:01:26,1.1102230246251568e-16
2019-04-04 13:01:27,5.551115123125784e-17
2019-04-04 13:01:28,2.775557561562892e-17
2019-04-04 13:01:29,1.387778780781446e-17
2019-04-04 13:01:30,6.93889390390723e-18
2019-04-04 13:01:31,3.469446951953615e-18
2019-04-04 13:01:32,1.7347234759768075e-18
2019-04-04 13:01:33,8.673617379884037e-19
2019-04-04 13:01:34,4.336808689942019e-19
2019-04-04 13:01:35,2.1684043449710093e-19
2019-04-04 13:01:36,1.0
2019-04-04 13:01:37,0.5
2019-04-04 13:01:38,0.25
2019-04-04 13:01:39,0.125
2019-04-04 13:01:40,-2.9375
2019-04-04 13:01:41,-1.46875
2019-04-04 13:01:42,-0.734375
2019-04-04 13:01:43,-0.3671875
2019-04-04 13:01:44,-0.18359375
2019-04-04 13:01:45,-0.091796875
2019-04-04 13:01:46,-0.0458984375
2019-04-04 13:01:47,-0.02294921875
2019-04-04 13:01:48,-0.011474609375
2019-04-04 13:01:49,-0.0057373046875
2019-04-04 13:01:50,-0.00286865234375
2019-04-04 13:01:51,-0.001434326171875
2019-04-04 13:01:52,-0.0007171630859375
2019-04-04 13:01:53,-0.00035858154296875
2019-04-04 13:01:54,-0.000179290771484375
2019-04-04 13:01:55,-2.500089645385742
2019-04-04 13:01:56,-1.250044822692871
2019-04-04 13:01:57,-0.6250224113464355
2019-04-04 13:01:58,-0.3125112056732178
2019-04-04 13:01:59,-0.1562556028366089
2019-04-04 13:02:00,-0.07812780141830444
2019-04-04 13:02:01,-0.03906390070915222
2019-04-04 13:02:02,-0.01953195035457611
2019-04-04 13:02:03,-0.009765975177288055
2019-04-04 13:02:04,-0.004882987588644028
2019-04-04 13:02:05,-0.002441493794322014
2019-04-04 13:02:06,-0.001220746897161007
2019-04-04 13:02:07,-0.0006103734485805035
2019-04-04 13:02:08,-0.00030518672429025173
2019-04-04 13:02:09,-0.00015259336214512587
2019-04-04 13:02:10,-7.629668107256293e-05
2019-04-04 13:02:11,-3.8148340536281466e-05
2019-04-04 13:02:12,-1.9074170268140733e-05
2019-04-04 13:02:13,-9.537085134070367e-06
2019-04-04 13:02:14,-4.768542567035183e-06
2019-04-04 13:02:15,-2.3842712835175917e-06
2019-04-04 13:02:16,-1.1921356417587958e-06
2019-04-04 13:02:17,-5.960678208793979e-07
2019-04-04 13:02:18,-2.9803391043969896e-07
2019-04-04 13:02:19,-1.4901695521984948e-07
2019-04-04 13:02:20,-7.450847760992474e-08
2019-04-04 13:02:21,-3.725423880496237e-08
2019-04-04 13:02:22,-1.8627119402481185e-08
2019-04-04 13:02:23,-9.313559701240592e-09
2019-04-04 13:02:24,-4.656779850620296e-09
2019-04-04 13:02:25,-2.328389925310148e-09
2019-04-04 13:02:26,-1.164194962655074e-09
2019-04-04 13:02:27,-5.82097481327537e-10
2019-04-04 13:02:28,-2.910487406637685e-10
2019-04-04 13:02:29,-1.4552437033188426e-10
2019-04-04 13:02:30,-7.276218516594213e-11
2019-04-04 13:02:31,-3.6381092582971064e-11
2019-04-04 13:02:32,-1.8190546291485532e-11
2019-04-04 13:02:33,-9.095273145742766e-12
2019-04-04 13:02:34,-4.547636572871383e-12
2019-04-04 13:02:35,-2.2738182864356915e-12
2019-04-04 13:02:36,-1.1369091432178458e-12
2019-04-04 13:02:37,-5.684545716089229e-13
2019-04-04 13:02:38,-2.8422728580446144e-13
2019-04-04 13:02:39,-1.4211364290223072e-13
2019-04-04 13:02:40,-7.105682145111536e-14
2019-04-04 13:02:41,-3.552841072555768e-14
2019-04-04 13:02:42,-1.776420536277884e-14
2019-04-04 13:02:43,-2.000000000000009
2019-04-04 13:02:44,-1.0000000000000044
2019-04-04 13:02:45,-0.5000000000000022
2019-04-04 13:02:46,-0.2500000000000011
2019-04-04 13:02:47,-0.12500000000000056
2019-04-04 13:02:48,-0.06250000000000028
2019-04-04 13:02:49,-0.03125000000000014
2019-04-04 13:02:50,-0.01562500000000007
2019-04-04 13:02:51,-0.007812500000000035
2019-04-04 13:02:52,-0.003906250000000017
2019-04-04 13:02:53,-0.0019531250000000087
2019-04-04 13:02:54,-0.0009765625000000043
2019-04-04 13:02:55,-0.0004882812500000022
2019-04-04 13:02:56,-0.0002441406250000011
2019-04-04 13:02:57,-0.00012207031250000054
2019-04-04 13:02:58,-6.103515625000027e-05
2019-04-04 13:02:59,-3.0517578125000136e-05
2019-04-04 13:03:00,-1.5258789062500068e-05
2019-04-04 13:03:01,-7.629394531250034e-06
2019-04-04 13:03:02,-3.814697265625017e-06
2019-04-04 13:03:03,-1.9073486328125085e-06
2019-04-04 13:03:04,-9.536743164062542e-07
2019-04-04 13:03:05,-4.768371582031271e-07
2019-04-04 13:03:06,-2.3841857910156356e-07
2019-04-04 13:03:07,-1.1920928955078178e-07
2019-04-04 13:03:08,-5.960464477539089e-08
2019-04-04 13:03:09,-2.9802322387695445e-08
2019-04-04 13:03:10,-1.4901161193847722e-08
2019-04-04 13:03:11,-7.450580596923861e-09
2019-04-04 13:03:12,-3.725290298461931e-09
2019-04-04 13:03:13,-1.8626451492309653e-09
2019-04-04 13:03:14,-9.313225746154827e-10
2019-04-04 13:03:15,-4.656612873077413e-10
2019-04-04 13:03:16,-2.3283064365387066e-10
2019-04-04 13:03:17,-1.1641532182693533e-10
2019-04-04 13:03:18,-5.820766091346767e-11
2019-04-04 13:03:19,-2.910383045673383e-11
2019-04-04 13:03:20,-1.4551915228366916e-11
2019-04-04 13:03:21,-7.275957614183458e-12
2019-04-04 13:03:22,-3.637978807091729e-12
2019-04-04 13:03:23,-1.8189894035458646e-12
2019-04-04 13:03:24,-9.094947017729323e-13
2019-04-04 13:03:25,-4.547473508864661e-13
2019-04-04 13:03:26,-2.2737367544323307e-13
2019-04-04 13:03:27,-1.1368683772161653e-13
2019-04-04 13:03:28,-5.684341886080827e-14
2019-04-04 13:03:29,-2.8421709430404134e-14
2019-04-04 13:03:30,3.499999999999986
2019-04-04 13:03:31,1.749999999999993
2019-04-04 13:03:32,0.8749999999999964
2019-04-04 13:03:33,0.4374999999999982
2019-04-04 13:03:34,-1.7812500000000009
2019-04-04 13:03:35,-0.8906250000000004
2019-04-04 13:03:36,-0.4453125000000002
2019-04-04 13:03:37,-0.2226562500000001
2019-04-04 13:03:38,-0.11132812500000006
2019-04-04 13:03:39,-0.05566406250000003
2019-04-04 13:03:40,-0.027832031250000014
2019-04-04 13:03:41,-0.013916015625000007
2019-04-04 13:03:42,-0.0069580078125000035
2019-04-04 13:03:43,-0.0034790039062500017
2019-04-04 13:03:44,-0.0017395019531250009
2019-04-04 13:03:45,-0.0008697509765625004
2019-04-04 13:03:46,-0.0004348754882812502
2019-04-04 13:03:47,-0.0002174377441406251
2019-04-04 13:03:48,-0.00010871887207031255
2019-04-04 13:03:49,-5.435943603515628e-05
2019-04-04 13:03:50,-2.717971801757814e-05
2019-04-04 13:03:51,-1.358985900878907e-05
2019-04-04 13:03:52,-6.794929504394535e-06
2019-04-04 13:03:53,-3.3974647521972673e-06
2019-04-04 13:03:54,-1.6987323760986337e-06
2019-04-04 13:03:55,-8.493661880493168e-07
2019-04-04 13:03:56,-4.246830940246584e-07
2019-04-04 13:03:57,0.999999787658453
2019-04-04 13:03:58,0.4999998938292265
2019-04-04 13:03:59,0.24999994691461325
2019-04-04 13:04:00,0.12499997345730662
2019-04-04 13:04:01,0.06249998672865331
2019-04-04 13:04:02,0.031249993364326656
2019-04-04 13:04:03,0.015624996682163328
2019-04-04 13:04:04,0.007812498341081664
2019-04-04 13:04:05,0.003906249170540832
2019-04-04 13:04:06,0.001953124585270416
2019-04-04 13:04:07,1.0009765622926352
2019-04-04 13:04:08,0.5004882811463176
2019-04-04 13:04:09,0.2502441405731588
2019-04-04 13:04:10,0.1251220702865794
2019-04-04 13:04:11,1.0625610351432897
2019-04-04 13:04:12,0.5312805175716449
2019-04-04 13:04:13,0.2656402587858224
2019-04-04 13:04:14,-0.3671798706070888
2019-04-04 13:04:15,-0.1835899353035444
2019-04-04 13:04:16,-0.0917949676517722
2019-04-04 13:04:17,-0.0458974838258861
2019-04-04 13:04:18,1.477051258087057
2019-04-04 13:04:19,0.7385256290435285
2019-04-04 13:04:20,0.36926281452176424
2019-04-04 13:04:21,0.6846314072608821
2019-04-04 13:04:22,0.34231570363044106
2019-04-04 13:04:23,0.17115785181522053
2019-04-04 13:04:24,0.08557892590761026
2019-04-04 13:04:25,0.04278946295380513
2019-04-04 13:04:26,0.021394731476902566
2019-04-04 13:04:27,0.010697365738451283
2019-04-04 13:04:28,0.0053486828692256416
2019-04-04 13:04:29,0.0026743414346128208
2019-04-04 13:04:30,0.0013371707173064104
2019-04-04 13:04:31,0.0006685853586532052
2019-04-04 13:04:32,0.0003342926793266026
2019-04-04 13:04:33,0.0001671463396633013
2019-04-04 13:04:34,8.357316983165065e-05
2019-04-04 13:04:35,4.1786584915825325e-05
2019-04-04 13:04:36,2.0893292457912662e-05
2019-04-04 13:04:37,1.0446646228956331e-05
2019-04-04 13:04:38,5.223323114478166e-06
2019-04-04 13:04:39,2.611661557239083e-06
2019-04-04 13:04:40,1.3058307786195414e-06
2019-04-04 13:04:41,6.529153893097707e-07
2019-04-04 13:04:42,3.2645769465488535e-07
2019-04-04 13:04:43,1.6322884732744267e-07
2019-04-04 13:04:44,8.161442366372134e-08
2019-04-04 13:04:45,4.080721183186067e-08
2019-04-04 13:04:46,2.0403605915930334e-08
2019-04-04 13:04:47,1.0201802957965167e-08
2019-04-04 13:04:48,5.1009014789825836e-09
2019-04-04 13:04:49,2.5504507394912918e-09
2019-04-04 13:04:50,1.2752253697456459e-09
2019-04-04 13:04:51,6.376126848728229e-10
2019-04-04 13:04:52,3.1880634243641147e-10
2019-04-04 13:04:53,1.5940317121820574e-10
2019-04-04 13:04:54,7.970158560910287e-11
2019-04-04 13:04:55,3.9850792804551434e-11
2019-04-04 13:04:56,1.9925396402275717e-11
2019-04-04 13:04:57,9.962698201137859e-12
2019-04-04 13:04:58,4.981349100568929e-12
2019-04-04 13:04:59,2.4906745502844646e-12
2019-04-04 13:05:00,1.2453372751422323e-12
2019-04-04 13:05:01,6.226686375711162e-13
2019-04-04 13:05:02,3.113343187855581e-13
2019-04-04 13:05:03,1.5566715939277904e-13
2019-04-04 13:05:04,7.783357969638952e-14
2019-04-04 13:05:05,3.891678984819476e-14
2019-04-04 13:05:06,1.945839492409738e-14
2019-04-04 13:05:07,-3.9999999999999902
2019-04-04 13:05:08,-1.9999999999999951
2019-04-04 13:05:09,-0.9999999999999976
2019-04-04 13:05:10,-0.4999999999999988
2019-04-04 13:05:11,-0.2499999999999994
2019-04-04 13:05:12,-0.1249999999999997
2019-04-04 13:05:13,-0.06249999999999985
2019-04-04 13:05:14,-0.5312499999999999
2019-04-04 13:05:15,-0.26562499999999994
2019-04-04 13:05:16,-0.13281249999999997
2019-04-04 13:05:17,-0.06640624999999999
2019-04-04 13:05:18,-0.03320312499999999
2019-04-04 13:05:19,-0.016601562499999997
2019-04-04 13:05:20,-0.008300781249999998
2019-04-04 13:05:21,-0.004150390624999999
2019-04-04 13:05:22,-0.0020751953124999996
2019-04-04 13:05:23,-0.0010375976562499998
2019-04-04 13:05:24,-0.0005187988281249999
2019-04-04 13:05:25,-0.00025939941406249995
2019-04-04 13:05:26,-0.00012969970703124997
2019-04-04 13:05:27,-6.484985351562499e-05
2019-04-04 13:05:28,0.4999675750732422
2019-04-04 13:05:29,0.2499837875366211
2019-04-04 13:05:30,0.12499189376831055
2019-04-04 13:05:31,0.06249594688415527
2019-04-04 13:05:32,0.031247973442077637
2019-04-04 13:05:33,0.015623986721038818
2019-04-04 13:05:34,-2.9921880066394806
2019-04-04 13:05:35,-0.4960940033197403
2019-04-04 13:05:36,-0.24804700165987015
2019-04-04 13:05:37,-0.12402350082993507
2019-04-04 13:05:38,-0.06201175041496754
2019-04-04 13:05:39,-0.03100587520748377
2019-04-04 13:05:40,-0.015502937603741884
2019-04-04 13:05:41,-0.007751468801870942
2019-04-04 13:05:42,-0.003875734400935471
2019-04-04 13:05:43,-0.0019378672004677355
2019-04-04 13:05:44,-0.0009689336002338678
2019-04-04 13:05:45,-0.0004844668001169339
2019-04-04 13:05:46,-0.00024223340005846694
2019-04-04 13:05:47,-0.00012111670002923347
2019-04-04 13:05:48,-6.0558350014616735e-05
2019-04-04 13:05:49,-3.0279175007308368e-05
2019-04-04 13:05:50,-1.5139587503654184e-05
2019-04-04 13:05:51,-7.569793751827092e-06
2019-04-04 13:05:52,-3.784896875913546e-06
2019-04-04 13:05:53,-1.892448437956773e-06
2019-04-04 13:05:54,-9.462242189783865e-07
2019-04-04 13:05:55,-4.7311210948919324e-07
2019-04-04 13:05:56,-2.3655605474459662e-07
2019-04-04 13:05:57,-1.1827802737229831e-07
2019-04-04 13:05:58,-5.9139013686149156e-08
2019-04-04 13:05:59,-2.9569506843074578e-08
2019-04-04 13:06:00,-1.4784753421537289e-08
2019-04-04 13:06:01,-7.3923767107686444e-09
2019-04-04 13:06:02,-3.6961883553843222e-09
2019-04-04 13:06:03,-1.8480941776921611e-09
2019-04-04 13:06:04,-9.240470888460806e-10
2019-04-04 13:06:05,-4.620235444230403e-10
2019-04-04 13:06:06,-2.3101177221152014e-10
2019-04-04 13:06:07,-1.1550588610576007e-10
2019-04-04 13:06:08,-5.7752943052880035e-11
2019-04-04 13:06:09,-2.8876471526440017e-11
2019-04-04 13:06:10,-1.4438235763220009e-11
2019-04-04 13:06:11,-7.219117881610004e-12
2019-04-04 13:06:12,-3.609558940805002e-12
2019-04-04 13:06:13,-1.804779470402501e-12
2019-04-04 13:06:14,-9.023897352012505e-13
2019-04-04 13:06:15,-4.5119486760062527e-13
2019-04-04 13:06:16,-2.2559743380031264e-13
2019-04-04 13:06:17,-1.1279871690015632e-13
2019-04-04 13:06:18,-5.639935845007816e-14
2019-04-04 13:06:19,-2.819967922503908e-14
2019-04-04 13:06:20,-1.409983961251954e-14
2019-04-04 13:06:21,-7.04991980625977e-15
2019-04-04 13:06:22,-3.524959903129885e-15
2019-04-04 13:06:23,-1.7624799515649425e-15
2019-04-04 13:06:24,-8.812399757824712e-16
2019-04-04 13:06:25,-4.406199878912356e-16
2019-04-04 13:06:26,-2.203099939456178e-16
2019-04-04 13:06:27,-1.101549969728089e-16
2019-04-04 13:06:28,-5.507749848640445e-17
2019-04-04 13:06:29,-2.7538749243202226e-17
2019-04-04 13:06:30,-1.3769374621601113e-17
2019-04-04 13:06:31,-6.8846873108005565e-18
2019-04-04 13:06:32,-3.4423436554002783e-18
2019-04-04 13:06:33,-1.7211718277001391e-18
2019-04-04 13:06:34,-8.605859138500696e-19
2019-04-04 13:06:35,-4.302929569250348e-19
2019-04-04 13:06:36,-2.151464784625174e-19
2019-04-04 13:06:37,-1.075732392312587e-19
2019-04-04 13:06:38,-5.378661961562935e-20
2019-04-04 13:06:39,-2.6893309807814674e-20
2019-04-04 13:06:40,-1.3446654903907337e-20
2019-04-04 13:06:41,-6.7233274519536685e-21
2019-04-04 13:06:42,4.5
2019-04-04 13:06:43,2.25
2019-04-04 13:06:44,1.125
2019-04-04 13:06:45,0.5625
2019-04-04 13:06:46,0.28125
2019-04-04 13:06:47,0.140625
2019-04-04 13:06:48,0.0703125
2019-04-04 13:06:49,0.03515625
2019-04-04 13:06:50,0.017578125
2019-04-04 13:06:51,0.0087890625
2019-04-04 13:06:52,0.00439453125
2019-04-04 13:06:53,0.002197265625
2019-04-04 13:06:54,0.0010986328125
2019-04-04 13:06:55,0.00054931640625
2019-04-04 13:06:56,0.000274658203125
2019-04-04 13:06:57,0.0001373291015625
2019-04-04 13:06:58,6.866455078125e-05
2019-04-04 13:06:59,3.4332275390625e-05
2019-04-04 13:07:00,1.71661376953125e-05
2019-04-04 13:07:01,8.58306884765625e-06
2019-04-04 13:07:02,4.291534423828125e-06
2019-04-04 13:07:03,2.1457672119140625e-06
2019-04-04 13:07:04,1.0728836059570312e-06
2019-04-04 13:07:05,5.364418029785156e-07
2019-04-04 13:07:06,2.682209014892578e-07
2019-04-04 13:07:07,1.341104507446289e-07
2019-04-04 13:07:08,6.705522537231445e-08
2019-04-04 13:07:09,3.3527612686157227e-08
2019-04-04 13:07:10,1.6763806343078613e-08
2019-04-04 13:07:11,8.381903171539307e-09
2019-04-04 13:07:12,4.190951585769653e-09
2019-04-04 13:07:13,2.0954757928848267e-09
2019-04-04 13:07:14,1.0477378964424133e-09
2019-04-04 13:07:15,5.238689482212067e-10
2019-04-04 13:07:16,2.6193447411060333e-10
2019-04-04 13:07:17,1.3096723705530167e-10
2019-04-04 13:07:18,6.548361852765083e-11
2019-04-04 13:07:19,-3.499999999967258
2019-04-04 13:07:20,-1.749999999983629
2019-04-04 13:07:21,-0.8749999999918145
2019-04-04 13:07:22,-0.4374999999959073
2019-04-04 13:07:23,-0.21874999999795364
2019-04-04 13:07:24,-0.10937499999897682
2019-04-04 13:07:25,-0.05468749999948841
2019-04-04 13:07:26,-0.027343749999744205
2019-04-04 13:07:27,-0.013671874999872102
2019-04-04 13:07:28,-0.006835937499936051
2019-04-04 13:07:29,-0.0034179687499680256
2019-04-04 13:07:30,-0.0017089843749840128
2019-04-04 13:07:31,-0.0008544921874920064
2019-04-04 13:07:32,-0.0004272460937460032
2019-04-04 13:07:33,-0.0002136230468730016
2019-04-04 13:07:34,-0.0001068115234365008
2019-04-04 13:07:35,-5.34057617182504e-05
2019-04-04 13:07:36,-2.67028808591252e-05
2019-04-04 13:07:37,-1.33514404295626e-05
2019-04-04 13:07:38,-6.6757202147813e-06
2019-04-04 13:07:39,-3.33786010739065e-06
2019-04-04 13:07:40,-1.668930053695325e-06
2019-04-04 13:07:41,-8.344650268476625e-07
2019-04-04 13:07:42,-4.1723251342383125e-07
2019-04-04 13:07:43,-2.0861625671191562e-07
2019-04-04 13:07:44,-1.0430812835595781e-07
2019-04-04 13:07:45,-5.2154064177978906e-08
2019-04-04 13:07:46,-2.6077032088989453e-08
2019-04-04 13:07:47,-1.3038516044494726e-08
2019-04-04 13:07:48,-4.000000006519258
2019-04-04 13:07:49,-2.000000003259629
2019-04-04 13:07:50,-1.0000000016298145
2019-04-04 13:07:51,-0.5000000008149073
2019-04-04 13:07:52,-0.2500000004074536
2019-04-04 13:07:53,-0.1250000002037268
2019-04-04 13:07:54,-0.0625000001018634
2019-04-04 13:07:55,-0.5312500000509317
2019-04-04 13:07:56,-0.26562500002546585
2019-04-04 13:07:57,-0.13281250001273293
2019-04-04 13:07:58,-0.06640625000636646
2019-04-04 13:07:59,-0.03320312500318323
2019-04-04 13:08:00,-0.016601562501591616
2019-04-04 13:08:01,-0.008300781250795808
2019-04-04 13:08:02,-0.004150390625397904
2019-04-04 13:08:03,-0.002075195312698952
2019-04-04 13:08:04,-0.001037597656349476
2019-04-04 13:08:05,-0.000518798828174738
2019-04-04 13:08:06,-0.5002593994140874
2019-04-04 13:08:07,-0.2501296997070437
2019-04-04 13:08:08,-0.12506484985352184
2019-04-04 13:08:09,-0.06253242492676092
2019-04-04 13:08:10,-0.03126621246338046
2019-04-04 13:08:11,-0.01563310623169023
2019-04-04 13:08:12,-0.007816553115845115
2019-04-04 13:08:13,-0.003908276557922558
2019-04-04 13:08:14,-0.001954138278961279
2019-04-04 13:08:15,-0.0009770691394806394
2019-04-04 13:08:16,-0.0004885345697403197
2019-04-04 13:08:17,-0.00024426728487015985
2019-04-04 13:08:18,-0.00012213364243507992
2019-04-04 13:08:19,-6.106682121753996e-05
2019-04-04 13:08:20,-3.053341060876998e-05
2019-04-04 13:08:21,-1.526670530438499e-05
2019-04-04 13:08:22,-7.633352652192495e-06
2019-04-04 13:08:23,-3.816676326096248e-06
2019-04-04 13:08:24,-1.908338163048124e-06
2019-04-04 13:08:25,-9.54169081524062e-07
2019-04-04 13:08:26,-4.77084540762031e-07
2019-04-04 13:08:27,-2.385422703810155e-07
2019-04-04 13:08:28,-1.1927113519050774e-07
2019-04-04 13:08:29,-5.963556759525387e-08
2019-04-04 13:08:30,-2.9817783797626935e-08
2019-04-04 13:08:31,-1.4908891898813467e-08
2019-04-04 13:08:32,-7.454445949406734e-09
2019-04-04 13:08:33,-3.727222974703367e-09
2019-04-04 13:08:34,-1.8636114873516834e-09
2019-04-04 13:08:35,-9.318057436758417e-10
2019-04-04 13:08:36,-4.659028718379209e-10
2019-04-04 13:08:37,-2.3295143591896043e-10
2019-04-04 13:08:38,-1.1647571795948021e-10
2019-04-04 13:08:39,-5.823785897974011e-11
2019-04-04 13:08:40,-2.9118929489870053e-11
2019-04-04 13:08:41,-1.4559464744935027e-11
2019-04-04 13:08:42,-7.279732372467513e-12
2019-04-04 13:08:43,-3.639866186233757e-12
2019-04-04 13:08:44,-1.8199330931168783e-12
2019-04-04 13:08:45,-9.099665465584392e-13
2019-04-04 13:08:46,-4.549832732792196e-13
2019-04-04 13:08:47,-2.274916366396098e-13
2019-04-04 13:08:48,-1.137458183198049e-13
2019-04-04 13:08:49,-5.687290915990245e-14
2019-04-04 13:08:50,-2.8436454579951224e-14
2019-04-04 13:08:51,-1.4218227289975612e-14
2019-04-04 13:08:52,-7.109113644987806e-15
2019-04-04 13:08:53,-3.554556822493903e-15
2019-04-04 13:08:54,-1.7772784112469515e-15
2019-04-04 13:08:55,-8.886392056234757e-16
2019-04-04 13:08:56,-4.443196028117379e-16
2019-04-04 13:08:57,-2.2215980140586894e-16
2019-04-04 13:08:58,-1.1107990070293447e-16
2019-04-04 13:08:59,-5.553995035146723e-17
2019-04-04 13:09:00,-2.776997517573362e-17
2019-04-04 13:09:01,1.0
2019-04-04 13:09:02,0.5
2019-04-04 13:09:03,0.25
2019-04-04 13:09:04,0.125
2019-04-04 13:09:05,0.0625
2019-04-04 13:09:06,0.03125
2019-04-04 13:09:07,0.015625
2019-04-04 13:09:08,0.0078125
2019-04-04 13:09:09,0.00390625
2019-04-04 13:09:10,0.001953125
2019-04-04 13:09:11,0.0009765625
2019-04-04 13:09:12,0.00048828125
2019-04-04 13:09:13,0.000244140625
2019-04-04 13:09:14,0.0001220703125
2019-04-04 13:09:15,6.103515625e-05
2019-04-04 13:09:16,3.0517578125e-05
2019-04-04 13:09:17,1.52587890625e-05
2019-04-04 13:09:18,-0.49999237060546875
2019-04-04 13:09:19,-0.24999618530273438
2019-04-04 13:09:20,-0.12499809265136719
2019-04-04 13:09:21,-0.062499046325683594
2019-04-04 13:09:22,-0.031249523162841797
2019-04-04 13:09:23,-0.015624761581420898
2019-04-04 13:09:24,-0.007812380790710449
2019-04-04 13:09:25,-0.0039061903953552246
2019-04-04 13:09:26,-0.0019530951976776123
2019-04-04 13:09:27,-0.0009765475988388062
2019-04-04 13:09:28,-0.0004882737994194031
2019-04-04 13:09:29,-0.00024413689970970154
2019-04-04 13:09:30,-0.00012206844985485077
2019-04-04 13:09:31,-6.1034224927425385e-05
2019-04-04 13:09:32,-3.0517112463712692e-05
2019-04-04 13:09:33,-1.5258556231856346e-05
2019-04-04 13:09:34,-7.629278115928173e-06
2019-04-04 13:09:35,-3.8146390579640865e-06
2019-04-04 13:09:36,-1.9073195289820433e-06
2019-04-04 13:09:37,-9.536597644910216e-07
2019-04-04 13:09:38,-4.768298822455108e-07
2019-04-04 13:09:39,-2.384149411227554e-07
2019-04-04 13:09:40,-1.192074705613777e-07
2019-04-04 13:09:41,-5.960373528068885e-08
2019-04-04 13:09:42,-2.9801867640344426e-08
2019-04-04 13:09:43,-1.4900933820172213e-08
2019-04-04 13:09:44,-7.4504669100861065e-09
2019-04-04 13:09:45,-3.7252334550430533e-09
2019-04-04 13:09:46,-1.8626167275215266e-09
2019-04-04 13:09:47,-9.313083637607633e-10
2019-04-04 13:09:48,-4.6565418188038166e-10
2019-04-04 13:09:49,-2.3282709094019083e-10
2019-04-04 13:09:50,-1.1641354547009541e-10
2019-04-04 13:09:51,-5.820677273504771e-11
2019-04-04 13:09:52,-2.9103386367523854e-11
2019-04-04 13:09:53,-1.4551693183761927e-11
2019-04-04 13:09:54,-7.275846591880963e-12
2019-04-04 13:09:55,-0.500000000003638
2019-04-04 13:09:56,-0.250000000001819
2019-04-04 13:09:57,-0.1250000000009095
2019-04-04 13:09:58,-0.06250000000045475
2019-04-04 13:09:59,-0.031250000000227374
2019-04-04 13:10:00,-0.015625000000113687
2019-04-04 13:10:01,-0.007812500000056843
2019-04-04 13:10:02,-0.003906250000028422
2019-04-04 13:10:03,-0.001953125000014211
2019-04-04 13:10:04,-0.0009765625000071054
2019-04-04 13:10:05,-0.0004882812500035527
2019-04-04 13:10:06,-0.00024414062500177636
2019-04-04 13:10:07,-0.00012207031250088818
2019-04-04 13:10:08,-6.103515625044409e-05
2019-04-04 13:10:09,-3.0517578125222045e-05
2019-04-04 13:10:10,-1.5258789062611022e-05
2019-04-04 13:10:11,-7.629394531305511e-06
2019-04-04 13:10:12,-3.8146972656527556e-06
2019-04-04 13:10:13,-1.9073486328263778e-06
2019-04-04 13:10:14,-9.536743164131889e-07
2019-04-04 13:10:15,-4.768371582065944e-07
2019-04-04 13:10:16,-2.384185791032972e-07
2019-04-04 13:10:17,-1.192092895516486e-07
2019-04-04 13:10:18,-5.96046447758243e-08
2019-04-04 13:10:19,-2.980232238791215e-08
2019-04-04 13:10:20,-1.4901161193956076e-08
2019-04-04 13:10:21,-7.450580596978038e-09
2019-04-04 13:10:22,-3.725290298489019e-09
2019-04-04 13:10:23,-1.8626451492445096e-09
2019-04-04 13:10:24,-9.313225746222548e-10
2019-04-04 13:10:25,-1.5000000004656613
2019-04-04 13:10:26,-0.7500000002328306
2019-04-04 13:10:27,-0.3750000001164153
2019-04-04 13:10:28,-0.18750000005820766
2019-04-04 13:10:29,-2.593750000029104
2019-04-04 13:10:30,-1.296875000014552
2019-04-04 13:10:31,-0.648437500007276
2019-04-04 13:10:32,1.675781249996362
2019-04-04 13:10:33,0.837890624998181
2019-04-04 13:10:34,0.4189453124990905
2019-04-04 13:10:35,0.20947265624954525
2019-04-04 13:10:36,0.10473632812477263
2019-04-04 13:10:37,0.05236816406238631
2019-04-04 13:10:38,0.026184082031193157
2019-04-04 13:10:39,0.013092041015596578
2019-04-04 13:10:40,0.006546020507798289
2019-04-04 13:10:41,0.0032730102538991446
2019-04-04 13:10:42,0.0016365051269495723
2019-04-04 13:10:43,0.0008182525634747861
2019-04-04 13:10:44,0.00040912628173739307
2019-04-04 13:10:45,0.00020456314086869654
2019-04-04 13:10:46,0.00010228157043434827
2019-04-04 13:10:47,5.1140785217174134e-05
2019-04-04 13:10:48,2.5570392608587067e-05
2019-04-04 13:10:49,1.2785196304293533e-05
2019-04-04 13:10:50,6.392598152146767e-06
2019-04-04 13:10:51,3.1962990760733834e-06
2019-04-04 13:10:52,1.5981495380366917e-06
2019-04-04 13:10:53,7.990747690183458e-07
2019-04-04 13:10:54,3.995373845091729e-07
2019-04-04 13:10:55,1.9976869225458646e-07
2019-04-04 13:10:56,9.988434612729323e-08
2019-04-04 13:10:57,4.9942173063646615e-08
2019-04-04 13:10:58,2.4971086531823308e-08
2019-04-04 13:10:59,1.2485543265911654e-08
2019-04-04 13:11:00,6.242771632955827e-09
2019-04-04 13:11:01,3.1213858164779134e-09
2019-04-04 13:11:02,1.5606929082389567e-09
2019-04-04 13:11:03,7.803464541194784e-10
2019-04-04 13:11:04,3.901732270597392e-10
2019-04-04 13:11:05,1.950866135298696e-10
2019-04-04 13:11:06,9.75433067649348e-11
2019-04-04 13:11:07,4.87716533824674e-11
2019-04-04 13:11:08,2.43858266912337e-11
2019-04-04 13:11:09,1.219291334561685e-11
2019-04-04 13:11:10,6.096456672808425e-12
2019-04-04 13:11:11,-0.9999999999969518
2019-04-04 13:11:12,-0.4999999999984759
2019-04-04 13:11:13,-0.24999999999923794
2019-04-04 13:11:14,-0.12499999999961897
2019-04-04 13:11:15,-0.062499999999809486
2019-04-04 13:11:16,-0.031249999999904743
2019-04-04 13:11:17,-0.015624999999952371
2019-04-04 13:11:18,-0.007812499999976186
2019-04-04 13:11:19,-0.003906249999988093
2019-04-04 13:11:20,-0.0019531249999940464
2019-04-04 13:11:21,-0.0009765624999970232
2019-04-04 13:11:22,-0.0004882812499985116
2019-04-04 13:11:23,-0.0002441406249992558
2019-04-04 13:11:24,-0.0001220703124996279
2019-04-04 13:11:25,-6.103515624981395e-05
2019-04-04 13:11:26,-3.0517578124906975e-05
2019-04-04 13:11:27,-1.5258789062453488e-05
2019-04-04 13:11:28,-7.629394531226744e-06
2019-04-04 13:11:29,-3.814697265613372e-06
2019-04-04 13:11:30,-1.907348632806686e-06
2019-04-04 13:11:31,-9.53674316403343e-07
2019-04-04 13:11:32,-4.768371582016715e-07
2019-04-04 13:11:33,-2.3841857910083575e-07
2019-04-04 13:11:34,-1.1920928955041787e-07
2019-04-04 13:11:35,-5.9604644775208936e-08
2019-04-04 13:11:36,-2.9802322387604468e-08
2019-04-04 13:11:37,-1.4901161193802234e-08
2019-04-04 13:11:38,-7.450580596901117e-09
2019-04-04 13:11:39,-3.7252902984505585e-09
2019-04-04 13:11:40,-1.8626451492252793e-09
2019-04-04 13:11:41,-9.313225746126396e-10
2019-04-04 13:11:42,-4.656612873063198e-10
2019-04-04 13:11:43,-2.328306436531599e-10
2019-04-04 13:11:44,-1.1641532182657995e-10
2019-04-04 13:11:45,-5.820766091328998e-11
2019-04-04 13:11:46,-2.910383045664499e-11
2019-04-04 13:11:47,-1.4551915228322494e-11
2019-04-04 13:11:48,-7.275957614161247e-12
2019-04-04 13:11:49,-3.6379788070806236e-12
2019-04-04 13:11:50,-1.8189894035403118e-12
2019-04-04 13:11:51,-9.094947017701559e-13
2019-04-04 13:11:52,-4.5474735088507795e-13
2019-04-04 13:11:53,-2.2737367544253897e-13
2019-04-04 13:11:54,0.4999999999998863
2019-04-04 13:11:55,0.24999999999994316
2019-04-04 13:11:56,0.12499999999997158
2019-04-04 13:11:57,0.06249999999998579
2019-04-04 13:11:58,0.031249999999992895
2019-04-04 13:11:59,0.015624999999996447
2019-04-04 13:12:00,0.007812499999998224
2019-04-04 13:12:01,0.003906249999999112
2019-04-04 13:12:02,0.001953124999999556
2019-04-04 13:12:03,0.000976562499999778
2019-04-04 13:12:04,0.000488281249999889
2019-04-04 13:12:05,0.0002441406249999445
2019-04-04 13:12:06,0.00012207031249997224
2019-04-04 13:12:07,6.103515624998612e-05
2019-04-04 13:12:08,3.051757812499306e-05
2019-04-04 13:12:09,1.525878906249653e-05
2019-04-04 13:12:10,7.629394531248265e-06
2019-04-04 13:12:11,3.8146972656241326e-06
2019-04-04 13:12:12,-1.9999980926513672
2019-04-04 13:12:13,-0.9999990463256836
2019-04-04 13:12:14,-0.4999995231628418
2019-04-04 13:12:15,-0.2499997615814209
2019-04-04 13:12:16,-0.12499988079071045
2019-04-04 13:12:17,-0.062499940395355225
2019-04-04 13:12:18,-0.031249970197677612
2019-04-04 13:12:19,-0.015624985098838806
2019-04-04 13:12:20,-0.007812492549419403
2019-04-04 13:12:21,-0.0039062462747097015
2019-04-04 13:12:22,-0.0019531231373548508
2019-04-04 13:12:23,-0.0009765615686774254
2019-04-04 13:12:24,-0.0004882807843387127
2019-04-04 13:12:25,-0.00024414039216935635
2019-04-04 13:12:26,-0.00012207019608467817
2019-04-04 13:12:27,-6.1035098042339087e-05
2019-04-04 13:12:28,-3.0517549021169543e-05
2019-04-04 13:12:29,-1.5258774510584772e-05
2019-04-04 13:12:30,-7.629387255292386e-06
2019-04-04 13:12:31,-3.814693627646193e-06
2019-04-04 13:12:32,-1.9073468138230965e-06
2019-04-04 13:12:33,-9.536734069115482e-07
2019-04-04 13:12:34,-4.768367034557741e-07
2019-04-04 13:12:35,-2.3841835172788706e-07
2019-04-04 13:12:36,-1.1920917586394353e-07
2019-04-04 13:12:37,-5.9604587931971764e-08
2019-04-04 13:12:38,-2.9802293965985882e-08
2019-04-04 13:12:39,-1.4901146982992941e-08
2019-04-04 13:12:40,-0.5000000074505735
2019-04-04 13:12:41,-0.25000000372528675
2019-04-04 13:12:42,-0.12500000186264337
2019-04-04 13:12:43,-0.06250000093132169
2019-04-04 13:12:44,-0.03125000046566084
2019-04-04 13:12:45,-0.01562500023283042
2019-04-04 13:12:46,-0.00781250011641521
2019-04-04 13:12:47,-0.003906250058207605
2019-04-04 13:12:48,-0.0019531250291038027
2019-04-04 13:12:49,-0.0009765625145519014
2019-04-04 13:12:50,-0.0004882812572759507
2019-04-04 13:12:51,-0.00024414062863797534
2019-04-04 13:12:52,-0.00012207031431898767
2019-04-04 13:12:53,-6.103515715949383e-05
2019-04-04 13:12:54,-3.051757857974692e-05
2019-04-04 13:12:55,-1.525878928987346e-05
2019-04-04 13:12:56,-7.62939464493673e-06
2019-04-04 13:12:57,-3.814697322468365e-06
2019-04-04 13:12:58,-1.9073486612341823e-06
2019-04-04 13:12:59,-9.536743306170912e-07
2019-04-04 13:13:00,-4.768371653085456e-07
2019-04-04 13:13:01,-2.384185826542728e-07
2019-04-04 13:13:02,-1.192092913271364e-07
2019-04-04 13:13:03,-5.96046456635682e-08
2019-04-04 13:13:04,-2.98023228317841e-08
2019-04-04 13:13:05,-1.490116141589205e-08
2019-04-04 13:13:06,-7.450580707946025e-09
2019-04-04 13:13:07,-3.725290353973012e-09
2019-04-04 13:13:08,-3.000000001862645
2019-04-04 13:13:09,-1.5000000009313226
2019-04-04 13:13:10,-0.7500000004656613
2019-04-04 13:13:11,-0.37500000023283064
2019-04-04 13:13:12,-0.18750000011641532
2019-04-04 13:13:13,-0.09375000005820766
2019-04-04 13:13:14,-0.04687500002910383
2019-04-04 13:13:15,-0.023437500014551915
2019-04-04 13:13:16,-0.011718750007275958
2019-04-04 13:13:17,-0.005859375003637979
2019-04-04 13:13:18,-0.0029296875018189894
2019-04-04 13:13:19,-0.0014648437509094947
2019-04-04 13:13:20,-0.0007324218754547474
2019-04-04 13:13:21,-0.0003662109377273737
2019-04-04 13:13:22,-0.00018310546886368684
2019-04-04 13:13:23,-9.155273443184342e-05
2019-04-04 13:13:24,-4.577636721592171e-05
2019-04-04 13:13:25,-2.2888183607960855e-05
2019-04-04 13:13:26,-1.1444091803980427e-05
2019-04-04 13:13:27,-5.722045901990214e-06
2019-04-04 13:13:28,-2.861022950995107e-06
2019-04-04 13:13:29,-1.4305114754975534e-06
2019-04-04 13:13:30,0.49999928474426225
2019-04-04 13:13:31,0.24999964237213113
2019-04-04 13:13:32,0.12499982118606556
2019-04-04 13:13:33,0.06249991059303278
2019-04-04 13:13:34,0.03124995529651639
2019-04-04 13:13:35,0.015624977648258195
2019-04-04 13:13:36,0.007812488824129098
2019-04-04 13:13:37,0.003906244412064549
2019-04-04 13:13:38,0.0019531222060322744
2019-04-04 13:13:39,0.0009765611030161372
2019-04-04 13:13:40,0.0004882805515080686
2019-04-04 13:13:41,0.0002441402757540343
2019-04-04 13:13:42,0.00012207013787701715
2019-04-04 13:13:43,6.1035068938508576e-05
2019-04-04 13:13:44,3.0517534469254288e-05
2019-04-04 13:13:45,1.5258767234627144e-05
2019-04-04 13:13:46,7.629383617313572e-06
2019-04-04 13:13:47,3.814691808656786e-06
2019-04-04 13:13:48,-0.9999980926540957
2019-04-04 13:13:49,-0.49999904632704784
2019-04-04 13:13:50,-0.24999952316352392
2019-04-04 13:13:51,-0.12499976158176196
2019-04-04 13:13:52,-0.06249988079088098
2019-04-04 13:13:53,-0.03124994039544049
2019-04-04 13:13:54,-0.015624970197720245
2019-04-04 13:13:55,-0.0078124850988601224
2019-04-04 13:13:56,-0.0039062425494300612
2019-04-04 13:13:57,-0.0019531212747150306
2019-04-04 13:13:58,-0.0009765606373575153
2019-04-04 13:13:59,-0.00048828031867875765
2019-04-04 13:14:00,-0.00024414015933937883
2019-04-04 13:14:01,-0.00012207007966968941
2019-04-04 13:14:02,-6.1035039834844707e-05
2019-04-04 13:14:03,-3.0517519917422353e-05
2019-04-04 13:14:04,-1.5258759958711177e-05
2019-04-04 13:14:05,-7.629379979355588e-06
2019-04-04 13:14:06,-3.814689989677794e-06
2019-04-04 13:14:07,-1.907344994838897e-06
2019-04-04 13:14:08,-9.536724974194485e-07
2019-04-04 13:14:09,-4.7683624870972427e-07
2019-04-04 13:14:10,-2.3841812435486213e-07
2019-04-04 13:14:11,-1.1920906217743107e-07
2019-04-04 13:14:12,-5.9604531088715534e-08
2019-04-04 13:14:13,-2.9802265544357767e-08
2019-04-04 13:14:14,1.4999999850988672
2019-04-04 13:14:15,0.7499999925494336
2019-04-04 13:14:16,0.3749999962747168
2019-04-04 13:14:17,0.1874999981373584
2019-04-04 13:14:18,0.0937499990686792
2019-04-04 13:14:19,0.0468749995343396
2019-04-04 13:14:20,0.0234374997671698
2019-04-04 13:14:21,0.0117187498835849
2019-04-04 13:14:22,0.00585937494179245
2019-04-04 13:14:23,0.002929687470896225
2019-04-04 13:14:24,0.0014648437354481125
2019-04-04 13:14:25,0.0007324218677240563
2019-04-04 13:14:26,0.00036621093386202813
2019-04-04 13:14:27,0.00018310546693101407
2019-04-04 13:14:28,9.155273346550703e-05
2019-04-04 13:14:29,4.5776366732753516e-05
2019-04-04 13:14:30,2.2888183366376758e-05
2019-04-04 13:14:31,1.1444091683188379e-05
2019-04-04 13:14:32,5.7220458415941896e-06
2019-04-04 13:14:33,2.8610229207970948e-06
2019-04-04 13:14:34,1.4305114603985474e-06
2019-04-04 13:14:35,7.152557301992737e-07
2019-04-04 13:14:36,3.5762786509963685e-07
2019-04-04 13:14:37,1.7881393254981842e-07
2019-04-04 13:14:38,8.940696627490921e-08
2019-04-04 13:14:39,4.4703483137454606e-08
2019-04-04 13:14:40,2.2351741568727303e-08
2019-04-04 13:14:41,1.1175870784363651e-08
2019-04-04 13:14:42,5.587935392181826e-09
2019-04-04 13:14:43,2.793967696090913e-09
2019-04-04 13:14:44,1.3969838480454564e-09
2019-04-04 13:14:45,6.984919240227282e-10
2019-04-04 13:14:46,3.492459620113641e-10
2019-04-04 13:14:47,1.7462298100568205e-10
2019-04-04 13:14:48,8.731149050284103e-11
2019-04-04 13:14:49,4.3655745251420514e-11
2019-04-04 13:14:50,2.1827872625710257e-11
2019-04-04 13:14:51,1.0913936312855128e-11
2019-04-04 13:14:52,5.456968156427564e-12
2019-04-04 13:14:53,2.728484078213782e-12
2019-04-04 13:14:54,1.364242039106891e-12
2019-04-04 13:14:55,6.821210195534455e-13
2019-04-04 13:14:56,3.4106050977672276e-13
2019-04-04 13:14:57,1.7053025488836138e-13
2019-04-04 13:14:58,8.526512744418069e-14
2019-04-04 13:14:59,4.2632563722090345e-14
2019-04-04 13:15:00,-3.4999999999999787
2019-04-04 13:15:01,-2.2499999999999893
2019-04-04 13:15:02,-1.1249999999999947
2019-04-04 13:15:03,-0.5624999999999973
2019-04-04 13:15:04,-0.28124999999999867
2019-04-04 13:15:05,-0.14062499999999933
2019-04-04 13:15:06,-0.07031249999999967
2019-04-04 13:15:07,-0.03515624999999983
2019-04-04 13:15:08,-0.017578124999999917
2019-04-04 13:15:09,-0.008789062499999958
2019-04-04 13:15:10,-0.004394531249999979
2019-04-04 13:15:11,-0.0021972656249999896
2019-04-04 13:15:12,-0.0010986328124999948
2019-04-04 13:15:13,-0.0005493164062499974
2019-04-04 13:15:14,-0.0002746582031249987
2019-04-04 13:15:15,-0.00013732910156249935
2019-04-04 13:15:16,-1.0000686645507812
2019-04-04 13:15:17,-0.5000343322753906
2019-04-04 13:15:18,-0.2500171661376953
2019-04-04 13:15:19,-0.12500858306884766
2019-04-04 13:15:20,-0.06250429153442383
2019-04-04 13:15:21,-0.031252145767211914
2019-04-04 13:15:22,-0.015626072883605957
2019-04-04 13:15:23,-0.007813036441802979
2019-04-04 13:15:24,-0.003906518220901489
2019-04-04 13:15:25,-0.0019532591104507446
2019-04-04 13:15:26,-0.0009766295552253723
2019-04-04 13:15:27,-0.0004883147776126862
2019-04-04 13:15:28,-0.0002441573888063431
2019-04-04 13:15:29,-0.00012207869440317154
2019-04-04 13:15:30,-6.103934720158577e-05
2019-04-04 13:15:31,-3.0519673600792885e-05
2019-04-04 13:15:32,-1.5259836800396442e-05
2019-04-04 13:15:33,-7.629918400198221e-06
2019-04-04 13:15:34,-3.814959200099111e-06
2019-04-04 13:15:35,-1.9074796000495553e-06
2019-04-04 13:15:36,-9.537398000247777e-07
2019-04-04 13:15:37,-4.768699000123888e-07
2019-04-04 13:15:38,0.49999976156505
2019-04-04 13:15:39,0.249999880782525
2019-04-04 13:15:40,0.1249999403912625
2019-04-04 13:15:41,0.06249997019563125
2019-04-04 13:15:42,0.031249985097815625
2019-04-04 13:15:43,0.015624992548907812
2019-04-04 13:15:44,0.007812496274453906
2019-04-04 13:15:45,0.003906248137226953
2019-04-04 13:15:46,0.0019531240686134765
2019-04-04 13:15:47,0.0009765620343067383
2019-04-04 13:15:48,0.00048828101715336913
2019-04-04 13:15:49,0.00024414050857668457
2019-04-04 13:15:50,0.00012207025428834228
2019-04-04 13:15:51,-0.49993896487285583
2019-04-04 13:15:52,-0.24996948243642791
2019-04-04 13:15:53,-0.12498474121821396
2019-04-04 13:15:54,-0.06249237060910698
2019-04-04 13:15:55,-0.03124618530455349
2019-04-04 13:15:56,-0.015623092652276745
2019-04-04 13:15:57,-0.007811546326138372
2019-04-04 13:15:58,-0.003905773163069186
2019-04-04 13:15:59,-0.001952886581534593
2019-04-04 13:16:00,-0.0009764432907672965
2019-04-04 13:16:01,-0.00048822164538364827
2019-04-04 13:16:02,-0.00024411082269182414
2019-04-04 13:16:03,-0.00012205541134591207
2019-04-04 13:16:04,-6.1027705672956034e-05
2019-04-04 13:16:05,-3.0513852836478017e-05
2019-04-04 13:16:06,-1.5256926418239008e-05
2019-04-04 13:16:07,-7.628463209119504e-06
2019-04-04 13:16:08,-3.814231604559752e-06
2019-04-04 13:16:09,-2.000001907115802
2019-04-04 13:16:10,-1.000000953557901
2019-04-04 13:16:11,-0.5000004767789505
2019-04-04 13:16:12,-0.25000023838947527
2019-04-04 13:16:13,-0.12500011919473764
2019-04-04 13:16:14,-0.06250005959736882
2019-04-04 13:16:15,-0.03125002979868441
2019-04-04 13:16:16,-0.015625014899342204
2019-04-04 13:16:17,-0.007812507449671102
2019-04-04 13:16:18,-0.003906253724835551
2019-04-04 13:16:19,-0.0019531268624177756
2019-04-04 13:16:20,-0.5009765634312089
2019-04-04 13:16:21,-0.25048828171560444
2019-04-04 13:16:22,0.3747558591421978
2019-04-04 13:16:23,0.1873779295710989
2019-04-04 13:16:24,0.09368896478554944
2019-04-04 13:16:25,0.04684448239277472
2019-04-04 13:16:26,0.02342224119638736
2019-04-04 13:16:27,0.01171112059819368
2019-04-04 13:16:28,0.00585556029909684
2019-04-04 13:16:29,0.00292778014954842
2019-04-04 13:16:30,0.00146389007477421
2019-04-04 13:16:31,0.000731945037387105
2019-04-04 13:16:32,0.0003659725186935525
2019-04-04 13:16:33,0.00018298625934677626
2019-04-04 13:16:34,9.149312967338813e-05
2019-04-04 13:16:35,4.5746564836694065e-05
2019-04-04 13:16:36,2.2873282418347032e-05
2019-04-04 13:16:37,1.1436641209173516e-05
2019-04-04 13:16:38,5.718320604586758e-06
2019-04-04 13:16:39,2.859160302293379e-06
2019-04-04 13:16:40,1.4295801511466895e-06
2019-04-04 13:16:41,7.147900755733448e-07
2019-04-04 13:16:42,3.573950377866724e-07
2019-04-04 13:16:43,1.786975188933362e-07
2019-04-04 13:16:44,8.93487594466681e-08
2019-04-04 13:16:45,4.467437972333405e-08
2019-04-04 13:16:46,2.2337189861667024e-08
2019-04-04 13:16:47,1.1168594930833512e-08
2019-04-04 13:16:48,5.584297465416756e-09
2019-04-04 13:16:49,0.5000000027921487
2019-04-04 13:16:50,0.25000000139607437
2019-04-04 13:16:51,0.12500000069803718
2019-04-04 13:16:52,0.06250000034901859
2019-04-04 13:16:53,0.031250000174509296
2019-04-04 13:16:54,0.015625000087254648
2019-04-04 13:16:55,0.007812500043627324
2019-04-04 13:16:56,0.003906250021813662
2019-04-04 13:16:57,0.001953125010906831
2019-04-04 13:16:58,0.0009765625054534155
2019-04-04 13:16:59,0.0004882812527267077
2019-04-04 13:17:00,0.0002441406263633539
2019-04-04 13:17:01,0.00012207031318167694
2019-04-04 13:17:02,6.103515659083847e-05
2019-04-04 13:17:03,3.0517578295419234e-05
2019-04-04 13:17:04,1.5258789147709617e-05
2019-04-04 13:17:05,7.629394573854809e-06
2019-04-04 13:17:06,3.814697286927404e-06
2019-04-04 13:17:07,1.907348643463702e-06
2019-04-04 13:17:08,9.53674321731851e-07
2019-04-04 13:17:09,4.768371608659255e-07
2019-04-04 13:17:10,2.3841858043296277e-07
2019-04-04 13:17:11,1.1920929021648138e-07
2019-04-04 13:17:12,5.960464510824069e-08
2019-04-04 13:17:13,2.9802322554120346e-08
2019-04-04 13:17:14,1.4901161277060173e-08
2019-04-04 13:17:15,7.450580638530086e-09
2019-04-04 13:17:16,3.725290319265043e-09
2019-04-04 13:17:17,1.8626451596325216e-09
2019-04-04 13:17:18,9.313225798162608e-10
2019-04-04 13:17:19,4.656612899081304e-10
2019-04-04 13:17:20,2.328306449540652e-10
2019-04-04 13:17:21,1.164153224770326e-10
2019-04-04 13:17:22,5.82076612385163e-11
2019-04-04 13:17:23,2.910383061925815e-11
2019-04-04 13:17:24,1.4551915309629075e-11
2019-04-04 13:17:25,7.275957654814538e-12
2019-04-04 13:17:26,3.637978827407269e-12
2019-04-04 13:17:27,1.8189894137036344e-12
2019-04-04 13:17:28,9.094947068518172e-13
2019-04-04 13:17:29,4.547473534259086e-13
2019-04-04 13:17:30,2.273736767129543e-13
2019-04-04 13:17:31,1.1368683835647715e-13
2019-04-04 13:17:32,5.684341917823857e-14
2019-04-04 13:17:33,2.842170958911929e-14
2019-04-04 13:17:34,1.4210854794559644e-14
2019-04-04 13:17:35,7.105427397279822e-15
2019-04-04 13:17:36,3.552713698639911e-15
2019-04-04 13:17:37,1.7763568493199555e-15
2019-04-04 13:17:38,8.881784246599777e-16
2019-04-04 13:17:39,4.440892123299889e-16
2019-04-04 13:17:40,2.2204460616499443e-16
2019-04-04 13:17:41,1.1102230308249722e-16
2019-04-04 13:17:42,5.551115154124861e-17
2019-04-04 13:17:43,2.7755575770624304e-17
2019-04-04 13:17:44,1.3877787885312152e-17
2019-04-04 13:17:45,6.938893942656076e-18
2019-04-04 13:17:46,3.469446971328038e-18
2019-04-04 13:17:47,1.734723485664019e-18
2019-04-04 13:17:48,8.673617428320095e-19
2019-04-04 13:17:49,4.336808714160048e-19
2019-04-04 13:17:50,2.168404357080024e-19
2019-04-04 13:17:51,1.084202178540012e-19
2019-04-04 13:17:52,5.42101089270006e-20
2019-04-04 13:17:53,2.71050544635003e-20
2019-04-04 13:17:54,1.355252723175015e-20
2019-04-04 13:17:55,6.776263615875074e-21
2019-04-04 13:17:56,3.388131807937537e-21
2019-04-04 13:17:57,1.6940659039687686e-21
2019-04-04 13:17:58,8.470329519843843e-22
2019-04-04 13:17:59,4.235164759921921e-22
2019-04-04 13:18:00,2.1175823799609607e-22
2019-04-04 13:18:01,1.0587911899804804e-22
2019-04-04 13:18:02,5.293955949902402e-23
2019-04-04 13:18:03,2.646977974951201e-23
2019-04-04 13:18:04,1.3234889874756004e-23
2019-04-04 13:18:05,6.617444937378002e-24
2019-04-04 13:18:06,3.308722468689001e-24
2019-04-04 13:18:07,1.6543612343445006e-24
2019-04-04 13:18:08,8.271806171722503e-25
2019-04-04 13:18:09,4.135903085861251e-25
2019-04-04 13:18:10,2.0679515429306257e-25
2019-04-04 13:18:11,1.0339757714653128e-25
2019-04-04 13:18:12,5.169878857326564e-26
2019-04-04 13:18:13,2.584939428663282e-26
2019-04-04 13:18:14,1.292469714331641e-26
2019-04-04 13:18:15,6.462348571658205e-27
2019-04-04 13:18:16,-2.0
2019-04-04 13:18:17,-1.0
2019-04-04 13:18:18,-0.5
2019-04-04 13:18:19,-0.25
2019-04-04 13:18:20,-1.125
2019-04-04 13:18:21,-0.5625
2019-04-04 13:18:22,-0.28125
2019-04-04 13:18:23,-0.140625
2019-04-04 13:18:24,-0.0703125
2019-04-04 13:18:25,-0.03515625
2019-04-04 13:18:26,-0.017578125
2019-04-04 13:18:27,-0.0087890625
2019-04-04 13:18:28,-0.00439453125
2019-04-04 13:18:29,-0.002197265625
2019-04-04 13:18:30,-0.0010986328125
2019-04-04 13:18:31,-0.00054931640625
2019-04-04 13:18:32,-0.000274658203125
2019-04-04 13:18:33,-0.0001373291015625
2019-04-04 13:18:34,-6.866455078125e-05
2019-04-04 13:18:35,-3.4332275390625e-05
2019-04-04 13:18:36,-1.71661376953125e-05
2019-04-04 13:18:37,-8.58306884765625e-06
2019-04-04 13:18:38,-4.291534423828125e-06
2019-04-04 13:18:39,-2.1457672119140625e-06
2019-04-04 13:18:40,-1.0728836059570312e-06
2019-04-04 13:18:41,-5.364418029785156e-07
2019-04-04 13:18:42,-2.682209014892578e-07
2019-04-04 13:18:43,-1.341104507446289e-07
2019-04-04 13:18:44,-6.705522537231445e-08
2019-04-04 13:18:45,-3.3527612686157227e-08
2019-04-04 13:18:46,-1.6763806343078613e-08
2019-04-04 13:18:47,-8.381903171539307e-09
2019-04-04 13:18:48,-4.190951585769653e-09
2019-04-04 13:18:49,-2.0954757928848267e-09
2019-04-04 13:18:50,-1.0477378964424133e-09
2019-04-04 13:18:51,-5.238689482212067e-10
2019-04-04 13:18:52,-2.6193447411060333e-10
2019-04-04 13:18:53,-1.3096723705530167e-10
2019-04-04 13:18:54,-6.548361852765083e-11
2019-04-04 13:18:55,-3.2741809263825417e-11
2019-04-04 13:18:56,-1.6370904631912708e-11
2019-04-04 13:18:57,-8.185452315956354e-12
2019-04-04 13:18:58,-4.092726157978177e-12
2019-04-04 13:18:59,-2.0463630789890885e-12
2019-04-04 13:19:00,-1.0231815394945443e-12
2019-04-04 13:19:01,-5.115907697472721e-13
2019-04-04 13:19:02,-2.5579538487363607e-13
2019-04-04 13:19:03,-1.2789769243681803e-13
2019-04-04 13:19:04,-6.394884621840902e-14
2019-04-04 13:19:05,-3.197442310920451e-14
2019-04-04 13:19:06,-1.5987211554602254e-14
2019-04-04 13:19:07,-7.993605777301127e-15
2019-04-04 13:19:08,-3.9968028886505635e-15
2019-04-04 13:19:09,-1.9984014443252818e-15
2019-04-04 13:19:10,-1.0000000000000009
2019-04-04 13:19:11,-0.5000000000000004
2019-04-04 13:19:12,-0.2500000000000002
2019-04-04 13:19:13,-0.1250000000000001
2019-04-04 13:19:14,-0.06250000000000006
2019-04-04 13:19:15,-0.03125000000000003
2019-04-04 13:19:16,-0.015625000000000014
2019-04-04 13:19:17,-0.007812500000000007
2019-04-04 13:19:18,-0.0039062500000000035
2019-04-04 13:19:19,-0.0019531250000000017
2019-04-04 13:19:20,-0.0009765625000000009
2019-04-04 13:19:21,-0.0004882812500000004
2019-04-04 13:19:22,-0.0002441406250000002
2019-04-04 13:19:23,-0.5001220703125
2019-04-04 13:19:24,-0.25006103515625
2019-04-04 13:19:25,-0.125030517578125
2019-04-04 13:19:26,-0.0625152587890625
2019-04-04 13:19:27,-0.03125762939453125
2019-04-04 13:19:28,-0.015628814697265625
2019-04-04 13:19:29,-0.007814407348632812
2019-04-04 13:19:30,-0.003907203674316406
2019-04-04 13:19:31,-0.001953601837158203
2019-04-04 13:19:32,-0.0009768009185791016
2019-04-04 13:19:33,-0.5004884004592896
2019-04-04 13:19:34,-0.2502442002296448
2019-04-04 13:19:35,-0.1251221001148224
2019-04-04 13:19:36,-0.0625610500574112
2019-04-04 13:19:37,-0.0312805250287056
2019-04-04 13:19:38,-0.0156402625143528
2019-04-04 13:19:39,-0.0078201312571764
2019-04-04 13:19:40,-0.0039100656285882
2019-04-04 13:19:41,-0.0019550328142941
2019-04-04 13:19:42,-0.00097751640714705
2019-04-04 13:19:43,-0.000488758203573525
2019-04-04 13:19:44,-0.0002443791017867625
2019-04-04 13:19:45,-0.00012218955089338124
2019-04-04 13:19:46,-6.109477544669062e-05
2019-04-04 13:19:47,-3.054738772334531e-05
2019-04-04 13:19:48,-1.5273693861672655e-05
2019-04-04 13:19:49,-7.636846930836327e-06
2019-04-04 13:19:50,-0.5000038184234654
2019-04-04 13:19:51,-1.2500019092117327
2019-04-04 13:19:52,-0.6250009546058664
2019-04-04 13:19:53,-0.3125004773029332
2019-04-04 13:19:54,-0.1562502386514666
2019-04-04 13:19:55,-0.0781251193257333
2019-04-04 13:19:56,-0.03906255966286665
2019-04-04 13:19:57,-0.019531279831433324
2019-04-04 13:19:58,-0.009765639915716662
2019-04-04 13:19:59,-0.004882819957858331
2019-04-04 13:20:00,-0.0024414099789291654
2019-04-04 13:20:01,-0.0012207049894645827
2019-04-04 13:20:02,-0.0006103524947322914
2019-04-04 13:20:03,-0.0003051762473661457
2019-04-04 13:20:04,-0.00015258812368307284
2019-04-04 13:20:05,-7.629406184153642e-05
2019-04-04 13:20:06,-3.814703092076821e-05
2019-04-04 13:20:07,-1.9073515460384105e-05
2019-04-04 13:20:08,-9.536757730192053e-06
2019-04-04 13:20:09,-4.768378865096026e-06
2019-04-04 13:20:10,-2.384189432548013e-06
2019-04-04 13:20:11,-1.1920947162740066e-06
2019-04-04 13:20:12,-5.960473581370033e-07
2019-04-04 13:20:13,-2.9802367906850164e-07
2019-04-04 13:20:14,-1.4901183953425082e-07
2019-04-04 13:20:15,-7.450591976712541e-08
2019-04-04 13:20:16,-3.7252959883562705e-08
2019-04-04 13:20:17,-1.8626479941781353e-08
2019-04-04 13:20:18,-9.313239970890676e-09
2019-04-04 13:20:19,-4.656619985445338e-09
2019-04-04 13:20:20,-2.328309992722669e-09
2019-04-04 13:20:21,-1.1641549963613345e-09
2019-04-04 13:20:22,-5.820774981806673e-10
2019-04-04 13:20:23,-2.9103874909033363e-10
2019-04-04 13:20:24,-9.50000000014552
2019-04-04 13:20:25,-5.25000000007276
2019-04-04 13:20:26,-2.62500000003638
2019-04-04 13:20:27,0.1874999999818101
2019-04-04 13:20:28,-0.40625000000909495
2019-04-04 13:20:29,-0.20312500000454747
2019-04-04 13:20:30,-0.10156250000227374
2019-04-04 13:20:31,-0.05078125000113687
2019-04-04 13:20:32,-0.025390625000568434
2019-04-04 13:20:33,-0.012695312500284217
2019-04-04 13:20:34,-0.0063476562501421085
2019-04-04 13:20:35,-0.0031738281250710543
2019-04-04 13:20:36,-0.0015869140625355271
2019-04-04 13:20:37,-0.0007934570312677636
2019-04-04 13:20:38,-0.0003967285156338818
2019-04-04 13:20:39,-0.0001983642578169409
2019-04-04 13:20:40,-9.918212890847045e-05
2019-04-04 13:20:41,-4.959106445423522e-05
2019-04-04 13:20:42,-2.479553222711761e-05
2019-04-04 13:20:43,-1.2397766113558806e-05
2019-04-04 13:20:44,-6.198883056779403e-06
2019-04-04 13:20:45,-3.0994415283897014e-06
2019-04-04 13:20:46,-1.5497207641948507e-06
2019-04-04 13:20:47,-7.748603820974254e-07
2019-04-04 13:20:48,-3.874301910487127e-07
2019-04-04 13:20:49,-1.9371509552435634e-07
2019-04-04 13:20:50,-9.685754776217817e-08
2019-04-04 13:20:51,-4.8428773881089085e-08
2019-04-04 13:20:52,-2.4214386940544542e-08
2019-04-04 13:20:53,-1.2107193470272271e-08
2019-04-04 13:20:54,-6.053596735136136e-09
2019-04-04 13:20:55,-3.026798367568068e-09
2019-04-04 13:20:56,-1.513399183784034e-09
2019-04-04 13:20:57,-7.56699591892017e-10
2019-04-04 13:20:58,-3.783497959460085e-10
2019-04-04 13:20:59,-1.8917489797300424e-10
2019-04-04 13:21:00,-9.458744898650212e-11
2019-04-04 13:21:01,-4.729372449325106e-11
2019-04-04 13:21:02,-2.364686224662553e-11
2019-04-04 13:21:03,-1.1823431123312765e-11
2019-04-04 13:21:04,-5.9117155616563824e-12
2019-04-04 13:21:05,-2.9558577808281912e-12
2019-04-04 13:21:06,-1.4779288904140956e-12
2019-04-04 13:21:07,-7.389644452070478e-13
2019-04-04 13:21:08,-3.694822226035239e-13
2019-04-04 13:21:09,-1.8474111130176195e-13
2019-04-04 13:21:10,-9.237055565088098e-14
2019-04-04 13:21:11,-4.618527782544049e-14
2019-04-04 13:21:12,-2.3092638912720244e-14
2019-04-04 13:21:13,-1.1546319456360122e-14
2019-04-04 13:21:14,-5.773159728180061e-15
2019-04-04 13:21:15,-2.8865798640900305e-15
2019-04-04 13:21:16,-1.4432899320450152e-15
2019-04-04 13:21:17,-7.216449660225076e-16
2019-04-04 13:21:18,-3.608224830112538e-16
2019-04-04 13:21:19,-1.804112415056269e-16
2019-04-04 13:21:20,-9.020562075281345e-17
2019-04-04 13:21:21,-4.5102810376406726e-17
2019-04-04 13:21:22,-2.2551405188203363e-17
2019-04-04 13:21:23,-1.1275702594101682e-17
2019-04-04 13:21:24,-5.637851297050841e-18
2019-04-04 13:21:25,-2.8189256485254204e-18
2019-04-04 13:21:26,-1.4094628242627102e-18
2019-04-04 13:21:27,-7.047314121313551e-19
2019-04-04 13:21:28,3.5
2019-04-04 13:21:29,1.75
2019-04-04 13:21:30,0.875
2019-04-04 13:21:31,0.4375
2019-04-04 13:21:32,0.21875
2019-04-04 13:21:33,0.109375
2019-04-04 13:21:34,0.0546875
2019-04-04 13:21:35,0.02734375
2019-04-04 13:21:36,0.013671875
2019-04-04 13:21:37,0.0068359375
2019-04-04 13:21:38,0.00341796875
2019-04-04 13:21:39,0.001708984375
2019-04-04 13:21:40,0.0008544921875
2019-04-04 13:21:41,0.00042724609375
2019-04-04 13:21:42,0.000213623046875
2019-04-04 13:21:43,0.0001068115234375
2019-04-04 13:21:44,5.340576171875e-05
2019-04-04 13:21:45,2.6702880859375e-05
2019-04-04 13:21:46,-0.4999866485595703
2019-04-04 13:21:47,-0.24999332427978516
2019-04-04 13:21:48,-0.12499666213989258
2019-04-04 13:21:49,-0.06249833106994629
2019-04-04 13:21:50,-0.031249165534973145
2019-04-04 13:21:51,-0.015624582767486572
2019-04-04 13:21:52,-0.007812291383743286
2019-04-04 13:21:53,-0.003906145691871643
2019-04-04 13:21:54,-0.0019530728459358215
2019-04-04 13:21:55,-0.0009765364229679108
2019-04-04 13:21:56,-0.0004882682114839554
2019-04-04 13:21:57,-0.500244134105742
2019-04-04 13:21:58,-0.250122067052871
2019-04-04 13:21:59,-0.1250610335264355
2019-04-04 13:22:00,-0.06253051676321775
2019-04-04 13:22:01,-0.031265258381608874
2019-04-04 13:22:02,-0.015632629190804437
2019-04-04 13:22:03,-0.007816314595402218
2019-04-04 13:22:04,-0.003908157297701109
2019-04-04 13:22:05,-0.0019540786488505546
2019-04-04 13:22:06,-0.0009770393244252773
2019-04-04 13:22:07,-0.0004885196622126387
2019-04-04 13:22:08,-0.0002442598311063193
2019-04-04 13:22:09,-0.00012212991555315966
2019-04-04 13:22:10,-6.106495777657983e-05
2019-04-04 13:22:11,-3.0532478888289916e-05
2019-04-04 13:22:12,-1.5266239444144958e-05
2019-04-04 13:22:13,-7.633119722072479e-06
2019-04-04 13:22:14,-3.8165598610362395e-06
2019-04-04 13:22:15,-1.9082799305181197e-06
2019-04-04 13:22:16,-9.541399652590599e-07
2019-04-04 13:22:17,-4.770699826295299e-07
2019-04-04 13:22:18,-2.3853499131476497e-07
2019-04-04 13:22:19,-1.1926749565738248e-07
2019-04-04 13:22:20,-5.963374782869124e-08
2019-04-04 13:22:21,-2.981687391434562e-08
2019-04-04 13:22:22,-1.490843695717281e-08
2019-04-04 13:22:23,-7.454218478586405e-09
2019-04-04 13:22:24,-3.727109239293203e-09
2019-04-04 13:22:25,-1.8635546196466013e-09
2019-04-04 13:22:26,-9.317773098233006e-10
2019-04-04 13:22:27,-4.658886549116503e-10
2019-04-04 13:22:28,-2.3294432745582516e-10
2019-04-04 13:22:29,-1.1647216372791258e-10
2019-04-04 13:22:30,-5.823608186395629e-11
2019-04-04 13:22:31,-2.9118040931978145e-11
2019-04-04 13:22:32,-2.000000000014559
2019-04-04 13:22:33,-1.0000000000072795
2019-04-04 13:22:34,-0.5000000000036398
2019-04-04 13:22:35,-0.2500000000018199
2019-04-04 13:22:36,-0.12500000000090994
2019-04-04 13:22:37,-0.06250000000045497
2019-04-04 13:22:38,-0.031250000000227485
2019-04-04 13:22:39,-0.015625000000113742
2019-04-04 13:22:40,-0.007812500000056871
2019-04-04 13:22:41,-0.003906250000028436
2019-04-04 13:22:42,-0.001953125000014218
2019-04-04 13:22:43,-0.000976562500007109
2019-04-04 13:22:44,-0.0004882812500035544
2019-04-04 13:22:45,-0.0002441406250017772
2019-04-04 13:22:46,-0.0001220703125008886
2019-04-04 13:22:47,-6.10351562504443e-05
2019-04-04 13:22:48,-3.051757812522215e-05
2019-04-04 13:22:49,-1.5258789062611077e-05
2019-04-04 13:22:50,-7.629394531305538e-06
2019-04-04 13:22:51,-3.814697265652769e-06
2019-04-04 13:22:52,-1.9073486328263846e-06
2019-04-04 13:22:53,-9.536743164131923e-07
2019-04-04 13:22:54,-4.768371582065961e-07
2019-04-04 13:22:55,-2.3841857910329807e-07
2019-04-04 13:22:56,-1.1920928955164904e-07
2019-04-04 13:22:57,-5.960464477582452e-08
2019-04-04 13:22:58,-2.980232238791226e-08
2019-04-04 13:22:59,-1.490116119395613e-08
2019-04-04 13:23:00,-7.450580596978065e-09
2019-04-04 13:23:01,-3.725290298489032e-09
2019-04-04 13:23:02,-1.862645149244516e-09
2019-04-04 13:23:03,-9.31322574622258e-10
2019-04-04 13:23:04,-4.65661287311129e-10
2019-04-04 13:23:05,-2.328306436555645e-10
2019-04-04 13:23:06,-1.1641532182778226e-10
2019-04-04 13:23:07,-5.820766091389113e-11
2019-04-04 13:23:08,-2.9103830456945565e-11
2019-04-04 13:23:09,-1.4551915228472783e-11
2019-04-04 13:23:10,-7.275957614236391e-12
2019-04-04 13:23:11,-3.637978807118196e-12
2019-04-04 13:23:12,-1.818989403559098e-12
2019-04-04 13:23:13,-9.09494701779549e-13
2019-04-04 13:23:14,-4.547473508897745e-13
2019-04-04 13:23:15,-2.2737367544488723e-13
2019-04-04 13:23:16,-1.1368683772244361e-13
2019-04-04 13:23:17,-5.684341886122181e-14
2019-04-04 13:23:18,-2.8421709430610904e-14
2019-04-04 13:23:19,-1.4210854715305452e-14
2019-04-04 13:23:20,-7.105427357652726e-15
2019-04-04 13:23:21,-3.552713678826363e-15
2019-04-04 13:23:22,-1.7763568394131815e-15
2019-04-04 13:23:23,-8.881784197065907e-16
2019-04-04 13:23:24,-4.440892098532954e-16
2019-04-04 13:23:25,-2.220446049266477e-16
2019-04-04 13:23:26,-1.1102230246332384e-16
2019-04-04 13:23:27,-5.551115123166192e-17
2019-04-04 13:23:28,-2.775557561583096e-17
2019-04-04 13:23:29,-1.387778780791548e-17
2019-04-04 13:23:30,-6.93889390395774e-18
2019-04-04 13:23:31,-3.46944695197887e-18
2019-04-04 13:23:32,-1.734723475989435e-18
2019-04-04 13:23:33,-8.673617379947175e-19
2019-04-04 13:23:34,-4.336808689973588e-19
2019-04-04 13:23:35,1.5
2019-04-04 13:23:36,0.75
2019-04-04 13:23:37,0.375
2019-04-04 13:23:38,0.1875
2019-04-04 13:23:39,-0.40625
2019-04-04 13:23:40,-0.203125
2019-04-04 13:23:41,-0.1015625
2019-04-04 13:23:42,-0.05078125
2019-04-04 13:23:43,0.474609375
2019-04-04 13:23:44,0.2373046875
2019-04-04 13:23:45,0.11865234375
2019-04-04 13:23:46,0.059326171875
2019-04-04 13:23:47,0.0296630859375
2019-04-04 13:23:48,0.01483154296875
2019-04-04 13:23:49,0.007415771484375
2019-04-04 13:23:50,0.0037078857421875
2019-04-04 13:23:51,0.00185394287109375
2019-04-04 13:23:52,0.000926971435546875
2019-04-04 13:23:53,0.0004634857177734375
2019-04-04 13:23:54,0.00023174285888671875
2019-04-04 13:23:55,0.00011587142944335938
2019-04-04 13:23:56,5.793571472167969e-05
2019-04-04 13:23:57,2.8967857360839844e-05
2019-04-04 13:23:58,1.4483928680419922e-05
2019-04-04 13:23:59,7.241964340209961e-06
2019-04-04 13:24:00,3.6209821701049805e-06
2019-04-04 13:24:01,1.8104910850524902e-06
2019-04-04 13:24:02,9.052455425262451e-07
2019-04-04 13:24:03,4.5262277126312256e-07
2019-04-04 13:24:04,2.2631138563156128e-07
2019-04-04 13:24:05,1.1315569281578064e-07
2019-04-04 13:24:06,-0.4999999434221536
2019-04-04 13:24:07,-0.2499999717110768
2019-04-04 13:24:08,-0.1249999858555384
2019-04-04 13:24:09,-0.0624999929277692
2019-04-04 13:24:10,-0.0312499964638846
2019-04-04 13:24:11,-0.0156249982319423
2019-04-04 13:24:12,-0.00781249911597115
2019-04-04 13:24:13,-0.003906249557985575
2019-04-04 13:24:14,-0.0019531247789927875
2019-04-04 13:24:15,-0.0009765623894963937
2019-04-04 13:24:16,-0.00048828119474819687
2019-04-04 13:24:17,-0.00024414059737409843
2019-04-04 13:24:18,-0.00012207029868704922
2019-04-04 13:24:19,-6.103514934352461e-05
2019-04-04 13:24:20,-3.0517574671762304e-05
2019-04-04 13:24:21,-1.5258787335881152e-05
2019-04-04 13:24:22,-7.629393667940576e-06
2019-04-04 13:24:23,-3.814696833970288e-06
2019-04-04 13:24:24,-1.907348416985144e-06
2019-04-04 13:24:25,-9.53674208492572e-07
2019-04-04 13:24:26,-4.76837104246286e-07
2019-04-04 13:24:27,-2.38418552123143e-07
2019-04-04 13:24:28,-1.192092760615715e-07
2019-04-04 13:24:29,-5.960463803078575e-08
2019-04-04 13:24:30,-2.9802319015392875e-08
2019-04-04 13:24:31,-1.4901159507696438e-08
2019-04-04 13:24:32,-7.450579753848219e-09
2019-04-04 13:24:33,-3.7252898769241094e-09
2019-04-04 13:24:34,-1.8626449384620547e-09
2019-04-04 13:24:35,-9.313224692310274e-10
2019-04-04 13:24:36,-4.656612346155137e-10
2019-04-04 13:24:37,-2.3283061730775684e-10
2019-04-04 13:24:38,-1.1641530865387842e-10
2019-04-04 13:24:39,-5.820765432693921e-11
2019-04-04 13:24:40,-2.9103827163469605e-11
2019-04-04 13:24:41,-1.4551913581734802e-11
2019-04-04 13:24:42,-7.275956790867401e-12
2019-04-04 13:24:43,-3.6379783954337006e-12
2019-04-04 13:24:44,-1.8189891977168503e-12
2019-04-04 13:24:45,-9.094945988584251e-13
2019-04-04 13:24:46,-4.5474729942921257e-13
2019-04-04 13:24:47,-2.2737364971460629e-13
2019-04-04 13:24:48,-1.1368682485730314e-13
2019-04-04 13:24:49,-5.684341242865157e-14
2019-04-04 13:24:50,-2.8421706214325786e-14
2019-04-04 13:24:51,-1.4210853107162893e-14
2019-04-04 13:24:52,-7.1054265535814465e-15
2019-04-04 13:24:53,-3.5527132767907232e-15
2019-04-04 13:24:54,-1.7763566383953616e-15
2019-04-04 13:24:55,-8.881783191976808e-16
2019-04-04 13:24:56,-4.440891595988404e-16
2019-04-04 13:24:57,-2.220445797994202e-16
2019-04-04 13:24:58,-1.110222898997101e-16
2019-04-04 13:24:59,-5.551114494985505e-17
2019-04-04 13:25:00,-2.7755572474927525e-17
2019-04-04 13:25:01,-1.3877786237463763e-17
2019-04-04 13:25:02,-6.938893118731881e-18
2019-04-04 13:25:03,1.0
2019-04-04 13:25:04,0.5
2019-04-04 13:25:05,0.25
2019-04-04 13:25:06,0.125
2019-04-04 13:25:07,0.0625
2019-04-04 13:25:08,0.03125
2019-04-04 13:25:09,0.015625
2019-04-04 13:25:10,0.0078125
2019-04-04 13:25:11,0.00390625
2019-04-04 13:25:12,0.001953125
2019-04-04 13:25:13,0.0009765625
2019-04-04 13:25:14,0.00048828125
2019-04-04 13:25:15,0.000244140625
2019-04-04 13:25:16,0.0001220703125
2019-04-04 13:25:17,6.103515625e-05
2019-04-04 13:25:18,3.0517578125e-05
2019-04-04 13:25:19,1.52587890625e-05
2019-04-04 13:25:20,7.62939453125e-06
2019-04-04 13:25:21,3.814697265625e-06
2019-04-04 13:25:22,1.9073486328125e-06
2019-04-04 13:25:23,9.5367431640625e-07
2019-04-04 13:25:24,4.76837158203125e-07
2019-04-04 13:25:25,2.384185791015625e-07
2019-04-04 13:25:26,1.1920928955078125e-07
2019-04-04 13:25:27,5.960464477539063e-08
2019-04-04 13:25:28,2.9802322387695312e-08
2019-04-04 13:25:29,1.4901161193847656e-08
2019-04-04 13:25:30,7.450580596923828e-09
2019-04-04 13:25:31,3.725290298461914e-09
2019-04-04 13:25:32,1.862645149230957e-09
2019-04-04 13:25:33,9.313225746154785e-10
2019-04-04 13:25:34,4.656612873077393e-10
2019-04-04 13:25:35,2.3283064365386963e-10
2019-04-04 13:25:36,1.1641532182693481e-10
2019-04-04 13:25:37,5.820766091346741e-11
2019-04-04 13:25:38,2.9103830456733704e-11
2019-04-04 13:25:39,1.4551915228366852e-11
2019-04-04 13:25:40,7.275957614183426e-12
2019-04-04 13:25:41,3.637978807091713e-12
2019-04-04 13:25:42,1.8189894035458565e-12
2019-04-04 13:25:43,9.094947017729282e-13
2019-04-04 13:25:44,4.547473508864641e-13
2019-04-04 13:25:45,2.2737367544323206e-13
2019-04-04 13:25:46,1.1368683772161603e-13
2019-04-04 13:25:47,5.684341886080802e-14
2019-04-04 13:25:48,2.842170943040401e-14
2019-04-04 13:25:49,1.4210854715202004e-14
2019-04-04 13:25:50,7.105427357601002e-15
2019-04-04 13:25:51,3.552713678800501e-15
2019-04-04 13:25:52,1.7763568394002505e-15
2019-04-04 13:25:53,8.881784197001252e-16
2019-04-04 13:25:54,4.440892098500626e-16
2019-04-04 13:25:55,2.220446049250313e-16
2019-04-04 13:25:56,1.1102230246251565e-16
2019-04-04 13:25:57,5.551115123125783e-17
2019-04-04 13:25:58,2.7755575615628914e-17
2019-04-04 13:25:59,1.3877787807814457e-17
2019-04-04 13:26:00,2.0
2019-04-04 13:26:01,1.0
2019-04-04 13:26:02,0.5
2019-04-04 13:26:03,0.25
2019-04-04 13:26:04,0.125
2019-04-04 13:26:05,0.0625
2019-04-04 13:26:06,0.03125
2019-04-04 13:26:07,0.015625
2019-04-04 13:26:08,0.0078125
2019-04-04 13:26:09,0.00390625
2019-04-04 13:26:10,0.001953125
2019-04-04 13:26:11,-0.4990234375
2019-04-04 13:26:12,-0.24951171875
2019-04-04 13:26:13,-0.124755859375
2019-04-04 13:26:14,-0.0623779296875
2019-04-04 13:26:15,-0.03118896484375
2019-04-04 13:26:16,-0.015594482421875
2019-04-04 13:26:17,-0.0077972412109375
2019-04-04 13:26:18,-0.00389862060546875
2019-04-04 13:26:19,-0.001949310302734375
2019-04-04 13:26:20,-0.0009746551513671875
2019-04-04 13:26:21,-0.00048732757568359375
2019-04-04 13:26:22,-0.00024366378784179688
2019-04-04 13:26:23,-0.00012183189392089844
2019-04-04 13:26:24,-6.091594696044922e-05
2019-04-04 13:26:25,-3.045797348022461e-05
2019-04-04 13:26:26,-1.5228986740112305e-05
2019-04-04 13:26:27,-7.614493370056152e-06
2019-04-04 13:26:28,-3.807246685028076e-06
2019-04-04 13:26:29,-1.903623342514038e-06
2019-04-04 13:26:30,-9.51811671257019e-07
2019-04-04 13:26:31,-4.759058356285095e-07
2019-04-04 13:26:32,-2.3795291781425476e-07
2019-04-04 13:26:33,-1.1897645890712738e-07
2019-04-04 13:26:34,-5.948822945356369e-08
2019-04-04 13:26:35,-2.9744114726781845e-08
2019-04-04 13:26:36,-1.4872057363390923e-08
2019-04-04 13:26:37,-7.436028681695461e-09
2019-04-04 13:26:38,-3.7180143408477306e-09
2019-04-04 13:26:39,-1.8590071704238653e-09
2019-04-04 13:26:40,-9.295035852119327e-10
2019-04-04 13:26:41,-4.6475179260596633e-10
2019-04-04 13:26:42,-2.3237589630298316e-10
2019-04-04 13:26:43,-1.1618794815149158e-10
2019-04-04 13:26:44,-5.809397407574579e-11
2019-04-04 13:26:45,-2.9046987037872896e-11
2019-04-04 13:26:46,-1.4523493518936448e-11
2019-04-04 13:26:47,-7.261746759468224e-12
2019-04-04 13:26:48,-3.630873379734112e-12
2019-04-04 13:26:49,-1.815436689867056e-12
2019-04-04 13:26:50,-9.07718344933528e-13
2019-04-04 13:26:51,-4.53859172466764e-13
2019-04-04 13:26:52,-2.26929586233382e-13
2019-04-04 13:26:53,-1.13464793116691e-13
2019-04-04 13:26:54,-5.67323965583455e-14
2019-04-04 13:26:55,-2.836619827917275e-14
2019-04-04 13:26:56,-1.4183099139586375e-14
2019-04-04 13:26:57,-7.0915495697931874e-15
2019-04-04 13:26:58,-3.5457747848965937e-15
2019-04-04 13:26:59,-1.7728873924482969e-15
2019-04-04 13:27:00,-8.864436962241484e-16
2019-04-04 13:27:01,-4.432218481120742e-16
2019-04-04 13:27:02,-2.216109240560371e-16
2019-04-04 13:27:03,-1.1080546202801855e-16
2019-04-04 13:27:04,-5.5402731014009277e-17
2019-04-04 13:27:05,-2.7701365507004638e-17
2019-04-04 13:27:06,-1.3850682753502319e-17
2019-04-04 13:27:07,-6.9253413767511596e-18
2019-04-04 13:27:08,-3.4626706883755798e-18
2019-04-04 13:27:09,-1.7313353441877899e-18
2019-04-04 13:27:10,-8.656676720938949e-19
2019-04-04 13:27:11,-0.5
2019-04-04 13:27:12,-0.25
2019-04-04 13:27:13,-0.125
2019-04-04 13:27:14,-0.0625
2019-04-04 13:27:15,-0.03125
2019-04-04 13:27:16,-0.015625
2019-04-04 13:27:17,-0.0078125
2019-04-04 13:27:18,-0.00390625
2019-04-04 13:27:19,-0.001953125
2019-04-04 13:27:20,-0.0009765625
2019-04-04 13:27:21,-0.00048828125
2019-04-04 13:27:22,-0.000244140625
2019-04-04 13:27:23,-0.0001220703125
2019-04-04 13:27:24,-6.103515625e-05
2019-04-04 13:27:25,-3.0517578125e-05
2019-04-04 13:27:26,-1.52587890625e-05
2019-04-04 13:27:27,-7.62939453125e-06
2019-04-04 13:27:28,-3.814697265625e-06
2019-04-04 13:27:29,-1.9073486328125e-06
2019-04-04 13:27:30,-9.5367431640625e-07
2019-04-04 13:27:31,-4.76837158203125e-07
2019-04-04 13:27:32,-2.384185791015625e-07
2019-04-04 13:27:33,-1.1920928955078125e-07
2019-04-04 13:27:34,-5.960464477539063e-08
2019-04-04 13:27:35,-2.9802322387695312e-08
2019-04-04 13:27:36,-1.4901161193847656e-08
2019-04-04 13:27:37,-7.450580596923828e-09
2019-04-04 13:27:38,-3.725290298461914e-09
2019-04-04 13:27:39,-1.862645149230957e-09
2019-04-04 13:27:40,-9.313225746154785e-10
2019-04-04 13:27:41,-4.656612873077393e-10
2019-04-04 13:27:42,-2.3283064365386963e-10
2019-04-04 13:27:43,-1.1641532182693481e-10
2019-04-04 13:27:44,-5.820766091346741e-11
2019-04-04 13:27:45,-2.9103830456733704e-11
2019-04-04 13:27:46,-1.4551915228366852e-11
2019-04-04 13:27:47,-7.275957614183426e-12
2019-04-04 13:27:48,-3.637978807091713e-12
2019-04-04 13:27:49,-1.8189894035458565e-12
2019-04-04 13:27:50,-9.094947017729282e-13
2019-04-04 13:27:51,-4.547473508864641e-13
2019-04-04 13:27:52,-2.2737367544323206e-13
2019-04-04 13:27:53,-1.1368683772161603e-13
2019-04-04 13:27:54,-5.684341886080802e-14
2019-04-04 13:27:55,-2.842170943040401e-14
2019-04-04 13:27:56,-1.4210854715202004e-14
2019-04-04 13:27:57,-7.105427357601002e-15
2019-04-04 13:27:58,-3.552713678800501e-15
2019-04-04 13:27:59,-1.7763568394002505e-15
2019-04-04 13:28:00,-8.881784197001252e-16
2019-04-04 13:28:01,-4.440892098500626e-16
2019-04-04 13:28:02,-2.220446049250313e-16
2019-04-04 13:28:03,-1.1102230246251565e-16
2019-04-04 13:28:04,-5.551115123125783e-17
2019-04-04 13:28:05,-2.7755575615628914e-17
2019-04-04 13:28:06,-1.3877787807814457e-17
2019-04-04 13:28:07,-6.938893903907228e-18
2019-04-04 13:28:08,-3.469446951953614e-18
2019-04-04 13:28:09,-1.734723475976807e-18
2019-04-04 13:28:10,-8.673617379884035e-19
2019-04-04 13:28:11,-4.336808689942018e-19
2019-04-04 13:28:12,-2.168404344971009e-19
2019-04-04 13:28:13,-1.0842021724855044e-19
2019-04-04 13:28:14,-5.421010862427522e-20
2019-04-04 13:28:15,-2.710505431213761e-20
2019-04-04 13:28:16,-1.3552527156068805e-20
2019-04-04 13:28:17,-6.776263578034403e-21
2019-04-04 13:28:18,-3.3881317890172014e-21
2019-04-04 13:28:19,-0.5
2019-04-04 13:28:20,-0.25
2019-04-04 13:28:21,-0.125
2019-04-04 13:28:22,-2.5625
2019-04-04 13:28:23,-1.28125
2019-04-04 13:28:24,-0.640625
2019-04-04 13:28:25,-0.3203125
2019-04-04 13:28:26,-2.66015625
2019-04-04 13:28:27,-1.330078125
2019-04-04 13:28:28,-0.6650390625
2019-04-04 13:28:29,-0.33251953125
2019-04-04 13:28:30,-0.166259765625
2019-04-04 13:28:31,-0.0831298828125
2019-04-04 13:28:32,-0.04156494140625
2019-04-04 13:28:33,-0.020782470703125
2019-04-04 13:28:34,-0.0103912353515625
2019-04-04 13:28:35,-0.00519561767578125
2019-04-04 13:28:36,-0.002597808837890625
2019-04-04 13:28:37,-0.0012989044189453125
2019-04-04 13:28:38,-0.0006494522094726562
2019-04-04 13:28:39,-0.0003247261047363281
2019-04-04 13:28:40,-0.00016236305236816406
2019-04-04 13:28:41,-8.118152618408203e-05
2019-04-04 13:28:42,-2.000040590763092
2019-04-04 13:28:43,-1.000020295381546
2019-04-04 13:28:44,-0.500010147690773
2019-04-04 13:28:45,-0.2500050738453865
2019-04-04 13:28:46,-0.12500253692269325
2019-04-04 13:28:47,-0.06250126846134663
2019-04-04 13:28:48,-0.03125063423067331
2019-04-04 13:28:49,-0.015625317115336657
2019-04-04 13:28:50,-0.007812658557668328
2019-04-04 13:28:51,-0.003906329278834164
2019-04-04 13:28:52,-0.001953164639417082
2019-04-04 13:28:53,-0.000976582319708541
2019-04-04 13:28:54,-0.5004882911598543
2019-04-04 13:28:55,-0.25024414557992714
2019-04-04 13:28:56,-0.12512207278996357
2019-04-04 13:28:57,-0.06256103639498178
2019-04-04 13:28:58,-0.03128051819749089
2019-04-04 13:28:59,-0.015640259098745446
2019-04-04 13:29:00,-0.007820129549372723
2019-04-04 13:29:01,0.49608993522531364
2019-04-04 13:29:02,0.24804496761265682
2019-04-04 13:29:03,0.12402248380632841
2019-04-04 13:29:04,0.062011241903164205
2019-04-04 13:29:05,0.031005620951582102
2019-04-04 13:29:06,0.015502810475791051
2019-04-04 13:29:07,0.007751405237895526
2019-04-04 13:29:08,0.003875702618947763
2019-04-04 13:29:09,0.0019378513094738814
2019-04-04 13:29:10,0.0009689256547369407
2019-04-04 13:29:11,0.00048446282736847035
2019-04-04 13:29:12,0.00024223141368423518
2019-04-04 13:29:13,0.00012111570684211759
2019-04-04 13:29:14,6.0557853421058794e-05
2019-04-04 13:29:15,3.0278926710529397e-05
2019-04-04 13:29:16,1.5139463355264698e-05
2019-04-04 13:29:17,7.569731677632349e-06
2019-04-04 13:29:18,3.7848658388161746e-06
2019-04-04 13:29:19,1.8924329194080873e-06
2019-04-04 13:29:20,9.462164597040437e-07
2019-04-04 13:29:21,4.731082298520218e-07
2019-04-04 13:29:22,2.365541149260109e-07
2019-04-04 13:29:23,1.1827705746300546e-07
2019-04-04 13:29:24,5.913852873150273e-08
2019-04-04 13:29:25,2.9569264365751364e-08
2019-04-04 13:29:26,1.4784632182875682e-08
2019-04-04 13:29:27,7.392316091437841e-09
2019-04-04 13:29:28,-0.49999999630384195
2019-04-04 13:29:29,-0.24999999815192098
2019-04-04 13:29:30,-0.12499999907596049
2019-04-04 13:29:31,-0.062499999537980244
2019-04-04 13:29:32,-0.031249999768990122
2019-04-04 13:29:33,-0.015624999884495061
2019-04-04 13:29:34,-0.0078124999422475305
2019-04-04 13:29:35,-0.0039062499711237653
2019-04-04 13:29:36,-0.0019531249855618826
2019-04-04 13:29:37,-0.0009765624927809413
2019-04-04 13:29:38,-0.00048828124639047066
2019-04-04 13:29:39,-0.00024414062319523533
2019-04-04 13:29:40,-0.00012207031159761766
2019-04-04 13:29:41,-6.103515579880883e-05
2019-04-04 13:29:42,-3.0517577899404416e-05
2019-04-04 13:29:43,-1.5258788949702208e-05
2019-04-04 13:29:44,-7.629394474851104e-06
2019-04-04 13:29:45,-3.814697237425552e-06
2019-04-04 13:29:46,-1.907348618712776e-06
2019-04-04 13:29:47,-9.53674309356388e-07
2019-04-04 13:29:48,-4.76837154678194e-07
2019-04-04 13:29:49,-2.38418577339097e-07
2019-04-04 13:29:50,-1.192092886695485e-07
2019-04-04 13:29:51,-5.960464433477425e-08
2019-04-04 13:29:52,-2.9802322167387125e-08
2019-04-04 13:29:53,-1.4901161083693563e-08
2019-04-04 13:29:54,-7.450580541846781e-09
2019-04-04 13:29:55,-3.7252902709233906e-09
2019-04-04 13:29:56,-1.8626451354616953e-09
2019-04-04 13:29:57,-9.313225677308477e-10
2019-04-04 13:29:58,-4.6566128386542383e-10
2019-04-04 13:29:59,-2.3283064193271191e-10
2019-04-04 13:30:00,-1.1641532096635596e-10
2019-04-04 13:30:01,-5.820766048317798e-11
2019-04-04 13:30:02,-2.910383024158899e-11
2019-04-04 13:30:03,-1.4551915120794495e-11
2019-04-04 13:30:04,-7.275957560397247e-12
2019-04-04 13:30:05,-3.6379787801986237e-12
2019-04-04 13:30:06,-1.8189893900993118e-12
2019-04-04 13:30:07,-9.094946950496559e-13
2019-04-04 13:30:08,-4.5474734752482796e-13
2019-04-04 13:30:09,-2.2737367376241398e-13
2019-04-04 13:30:10,-1.1368683688120699e-13
2019-04-04 13:30:11,-5.6843418440603495e-14
2019-04-04 13:30:12,-2.8421709220301747e-14
2019-04-04 13:30:13,-1.4210854610150874e-14
2019-04-04 13:30:14,-7.105427305075437e-15
2019-04-04 13:30:15,-3.5527136525377184e-15
2019-04-04 13:30:16,-1.7763568262688592e-15
2019-04-04 13:30:17,-8.881784131344296e-16
2019-04-04 13:30:18,-4.440892065672148e-16
2019-04-04 13:30:19,-2.220446032836074e-16
2019-04-04 13:30:20,-1.110223016418037e-16
2019-04-04 13:30:21,-5.551115082090185e-17
2019-04-04 13:30:22,-2.7755575410450925e-17
2019-04-04 13:30:23,-1.3877787705225463e-17
2019-04-04 13:30:24,-6.938893852612731e-18
2019-04-04 13:30:25,-3.4694469263063657e-18
2019-04-04 13:30:26,-1.7347234631531828e-18
2019-04-04 13:30:27,-8.673617315765914e-19
2019-04-04 13:30:28,-4.336808657882957e-19
2019-04-04 13:30:29,-2.1684043289414785e-19
2019-04-04 13:30:30,-1.0842021644707393e-19
2019-04-04 13:30:31,-5.4210108223536963e-20
2019-04-04 13:30:32,-2.7105054111768482e-20
2019-04-04 13:30:33,-1.3552527055884241e-20
2019-04-04 13:30:34,-6.7762635279421204e-21
2019-04-04 13:30:35,-3.3881317639710602e-21
2019-04-04 13:30:36,2.5
2019-04-04 13:30:37,1.25
2019-04-04 13:30:38,0.625
2019-04-04 13:30:39,0.3125
2019-04-04 13:30:40,0.15625
2019-04-04 13:30:41,0.078125
2019-04-04 13:30:42,0.0390625
2019-04-04 13:30:43,0.01953125
2019-04-04 13:30:44,0.009765625
2019-04-04 13:30:45,0.0048828125
2019-04-04 13:30:46,0.00244140625
2019-04-04 13:30:47,0.001220703125
2019-04-04 13:30:48,0.0006103515625
2019-04-04 13:30:49,0.00030517578125
2019-04-04 13:30:50,0.000152587890625
2019-04-04 13:30:51,7.62939453125e-05
2019-04-04 13:30:52,3.814697265625e-05
2019-04-04 13:30:53,1.9073486328125e-05
2019-04-04 13:30:54,9.5367431640625e-06
2019-04-04 13:30:55,4.76837158203125e-06
2019-04-04 13:30:56,2.384185791015625e-06
2019-04-04 13:30:57,1.1920928955078125e-06
2019-04-04 13:30:58,5.960464477539062e-07
2019-04-04 13:30:59,2.980232238769531e-07
2019-04-04 13:31:00,1.4901161193847656e-07
2019-04-04 13:31:01,7.450580596923828e-08
2019-04-04 13:31:02,-1.999999962747097
2019-04-04 13:31:03,-0.9999999813735485
2019-04-04 13:31:04,-0.9999999906867743
2019-04-04 13:31:05,-0.4999999953433871
2019-04-04 13:31:06,-0.24999999767169356
2019-04-04 13:31:07,2.375000001164153
2019-04-04 13:31:08,1.1875000005820766
2019-04-04 13:31:09,0.5937500002910383
2019-04-04 13:31:10,0.29687500014551915
2019-04-04 13:31:11,0.14843750007275958
2019-04-04 13:31:12,0.07421875003637979
2019-04-04 13:31:13,-0.4628906249818101
2019-04-04 13:31:14,-0.23144531249090505
2019-04-04 13:31:15,-0.11572265624545253
2019-04-04 13:31:16,-0.05786132812272626
2019-04-04 13:31:17,-0.02893066406136313
2019-04-04 13:31:18,-0.014465332030681566
2019-04-04 13:31:19,-0.007232666015340783
2019-04-04 13:31:20,-0.0036163330076703915
2019-04-04 13:31:21,-0.0018081665038351957
2019-04-04 13:31:22,-0.0009040832519175979
2019-04-04 13:31:23,-0.00045204162595879893
2019-04-04 13:31:24,-0.00022602081297939947
2019-04-04 13:31:25,-0.00011301040648969973
2019-04-04 13:31:26,-5.6505203244849866e-05
2019-04-04 13:31:27,-2.8252601622424933e-05
2019-04-04 13:31:28,-1.4126300811212467e-05
2019-04-04 13:31:29,-0.5000070631504057
2019-04-04 13:31:30,-0.25000353157520283
2019-04-04 13:31:31,0.3749982342123986
2019-04-04 13:31:32,0.1874991171061993
2019-04-04 13:31:33,0.09374955855309965
2019-04-04 13:31:34,0.5468747792765498
2019-04-04 13:31:35,0.2734373896382749
2019-04-04 13:31:36,0.13671869481913745
2019-04-04 13:31:37,0.06835934740956873
2019-04-04 13:31:38,0.034179673704784364
2019-04-04 13:31:39,0.017089836852392182
2019-04-04 13:31:40,0.008544918426196091
2019-04-04 13:31:41,0.0042724592130980454
2019-04-04 13:31:42,0.0021362296065490227
2019-04-04 13:31:43,0.0010681148032745114
2019-04-04 13:31:44,0.0005340574016372557
2019-04-04 13:31:45,0.00026702870081862784
2019-04-04 13:31:46,0.00013351435040931392
2019-04-04 13:31:47,6.675717520465696e-05
2019-04-04 13:31:48,3.337858760232848e-05
2019-04-04 13:31:49,1.668929380116424e-05
2019-04-04 13:31:50,8.34464690058212e-06
2019-04-04 13:31:51,4.17232345029106e-06
2019-04-04 13:31:52,2.08616172514553e-06
2019-04-04 13:31:53,1.043080862572765e-06
2019-04-04 13:31:54,5.215404312863825e-07
2019-04-04 13:31:55,2.6077021564319125e-07
2019-04-04 13:31:56,1.3038510782159562e-07
2019-04-04 13:31:57,6.519255391079781e-08
2019-04-04 13:31:58,3.2596276955398906e-08
2019-04-04 13:31:59,1.6298138477699453e-08
2019-04-04 13:32:00,8.149069238849727e-09
2019-04-04 13:32:01,4.074534619424863e-09
2019-04-04 13:32:02,2.0372673097124316e-09
2019-04-04 13:32:03,1.0186336548562158e-09
2019-04-04 13:32:04,5.093168274281079e-10
2019-04-04 13:32:05,2.5465841371405395e-10
2019-04-04 13:32:06,1.2732920685702698e-10
2019-04-04 13:32:07,6.366460342851349e-11
2019-04-04 13:32:08,3.1832301714256744e-11
2019-04-04 13:32:09,1.5916150857128372e-11
2019-04-04 13:32:10,7.958075428564186e-12
2019-04-04 13:32:11,3.979037714282093e-12
2019-04-04 13:32:12,1.9895188571410465e-12
2019-04-04 13:32:13,9.947594285705233e-13
2019-04-04 13:32:14,4.973797142852616e-13
2019-04-04 13:32:15,2.486898571426308e-13
2019-04-04 13:32:16,1.243449285713154e-13
2019-04-04 13:32:17,6.21724642856577e-14
2019-04-04 13:32:18,3.108623214282885e-14
2019-04-04 13:32:19,1.5543116071414426e-14
2019-04-04 13:32:20,7.771558035707213e-15
2019-04-04 13:32:21,3.8857790178536065e-15
2019-04-04 13:32:22,1.9428895089268032e-15
2019-04-04 13:32:23,9.714447544634016e-16
2019-04-04 13:32:24,4.857223772317008e-16
2019-04-04 13:32:25,2.428611886158504e-16
2019-04-04 13:32:26,1.214305943079252e-16
2019-04-04 13:32:27,6.07152971539626e-17
2019-04-04 13:32:28,3.03576485769813e-17
2019-04-04 13:32:29,1.517882428849065e-17
2019-04-04 13:32:30,7.589412144245325e-18
2019-04-04 13:32:31,3.7947060721226626e-18
2019-04-04 13:32:32,1.8973530360613313e-18
2019-04-04 13:32:33,9.486765180306656e-19
2019-04-04 13:32:34,4.743382590153328e-19
2019-04-04 13:32:35,2.371691295076664e-19
2019-04-04 13:32:36,1.185845647538332e-19
2019-04-04 13:32:37,5.92922823769166e-20
2019-04-04 13:32:38,2.96461411884583e-20
2019-04-04 13:32:39,1.482307059422915e-20
2019-04-04 13:32:40,7.411535297114575e-21
2019-04-04 13:32:41,3.705767648557288e-21
2019-04-04 13:32:42,1.852883824278644e-21
2019-04-04 13:32:43,9.26441912139322e-22
2019-04-04 13:32:44,4.63220956069661e-22
2019-04-04 13:32:45,2.316104780348305e-22
2019-04-04 13:32:46,1.1580523901741524e-22
2019-04-04 13:32:47,5.790261950870762e-23
2019-04-04 13:32:48,2.895130975435381e-23
2019-04-04 13:32:49,1.4475654877176905e-23
2019-04-04 13:32:50,7.237827438588453e-24
2019-04-04 13:32:51,-0.5
2019-04-04 13:32:52,-0.25
2019-04-04 13:32:53,-0.125
2019-04-04 13:32:54,-0.0625
2019-04-04 13:32:55,-0.03125
2019-04-04 13:32:56,-0.015625
2019-04-04 13:32:57,-0.0078125
2019-04-04 13:32:58,-0.00390625
2019-04-04 13:32:59,-0.001953125
2019-04-04 13:33:00,-0.0009765625
2019-04-04 13:33:01,-0.00048828125
2019-04-04 13:33:02,-0.000244140625
2019-04-04 13:33:03,-0.0001220703125
2019-04-04 13:33:04,-6.103515625e-05
2019-04-04 13:33:05,-3.0517578125e-05
2019-04-04 13:33:06,-1.52587890625e-05
2019-04-04 13:33:07,-7.62939453125e-06
2019-04-04 13:33:08,-3.814697265625e-06
2019-04-04 13:33:09,-1.9073486328125e-06
2019-04-04 13:33:10,-9.5367431640625e-07
2019-04-04 13:33:11,-4.76837158203125e-07
2019-04-04 13:33:12,-2.384185791015625e-07
2019-04-04 13:33:13,-1.1920928955078125e-07
2019-04-04 13:33:14,-5.960464477539063e-08
2019-04-04 13:33:15,-2.9802322387695312e-08
2019-04-04 13:33:16,-1.4901161193847656e-08
2019-04-04 13:33:17,-7.450580596923828e-09
2019-04-04 13:33:18,-3.725290298461914e-09
2019-04-04 13:33:19,-1.862645149230957e-09
2019-04-04 13:33:20,-9.313225746154785e-10
2019-04-04 13:33:21,-4.656612873077393e-10
2019-04-04 13:33:22,-2.3283064365386963e-10
2019-04-04 13:33:23,-1.1641532182693481e-10
2019-04-04 13:33:24,-5.820766091346741e-11
2019-04-04 13:33:25,-2.9103830456733704e-11
2019-04-04 13:33:26,-1.4551915228366852e-11
2019-04-04 13:33:27,-7.275957614183426e-12
2019-04-04 13:33:28,-3.637978807091713e-12
2019-04-04 13:33:29,-1.8189894035458565e-12
2019-04-04 13:33:30,-9.094947017729282e-13
2019-04-04 13:33:31,-4.547473508864641e-13
2019-04-04 13:33:32,-2.2737367544323206e-13
2019-04-04 13:33:33,-1.1368683772161603e-13
2019-04-04 13:33:34,-5.684341886080802e-14
2019-04-04 13:33:35,-2.842170943040401e-14
2019-04-04 13:33:36,-1.4210854715202004e-14
2019-04-04 13:33:37,-7.105427357601002e-15
2019-04-04 13:33:38,-3.552713678800501e-15
2019-04-04 13:33:39,-1.7763568394002505e-15
2019-04-04 13:33:40,-8.881784197001252e-16
2019-04-04 13:33:41,-4.440892098500626e-16
2019-04-04 13:33:42,-2.220446049250313e-16
2019-04-04 13:33:43,-1.1102230246251565e-16
2019-04-04 13:33:44,-5.551115123125783e-17
2019-04-04 13:33:45,-2.7755575615628914e-17
2019-04-04 13:33:46,-1.3877787807814457e-17
2019-04-04 13:33:47,-6.938893903907228e-18
2019-04-04 13:33:48,-3.469446951953614e-18
2019-04-04 13:33:49,-1.734723475976807e-18
2019-04-04 13:33:50,-8.673617379884035e-19
2019-04-04 13:33:51,-4.336808689942018e-19
2019-04-04 13:33:52,-2.168404344971009e-19
2019-04-04 13:33:53,-1.0842021724855044e-19
2019-04-04 13:33:54,-5.421010862427522e-20
2019-04-04 13:33:55,-2.710505431213761e-20
2019-04-04 13:33:56,-1.3552527156068805e-20
2019-04-04 13:33:57,-6.776263578034403e-21
2019-04-04 13:33:58,-3.3881317890172014e-21
2019-04-04 13:33:59,-1.6940658945086007e-21
2019-04-04 13:34:00,-8.470329472543003e-22
2019-04-04 13:34:01,-4.235164736271502e-22
2019-04-04 13:34:02,-2.117582368135751e-22
2019-04-04 13:34:03,-1.0587911840678754e-22
2019-04-04 13:34:04,-5.293955920339377e-23
2019-04-04 13:34:05,-2.6469779601696886e-23
2019-04-04 13:34:06,-1.3234889800848443e-23
2019-04-04 13:34:07,-6.617444900424222e-24
2019-04-04 13:34:08,-3.308722450212111e-24
2019-04-04 13:34:09,-1.6543612251060553e-24
2019-04-04 13:34:10,-8.271806125530277e-25
2019-04-04 13:34:11,-4.1359030627651384e-25
2019-04-04 13:34:12,-2.0679515313825692e-25
2019-04-04 13:34:13,-1.0339757656912846e-25
2019-04-04 13:34:14,-5.169878828456423e-26
2019-04-04 13:34:15,-2.5849394142282115e-26
2019-04-04 13:34:16,-1.2924697071141057e-26
2019-04-04 13:34:17,-6.462348535570529e-27
2019-04-04 13:34:18,-3.2311742677852644e-27
2019-04-04 13:34:19,-1.6155871338926322e-27
2019-04-04 13:34:20,-8.077935669463161e-28
2019-04-04 13:34:21,-4.0389678347315804e-28
2019-04-04 13:34:22,-2.0194839173657902e-28
2019-04-04 13:34:23,-1.0097419586828951e-28
2019-04-04 13:34:24,-5.048709793414476e-29
2019-04-04 13:34:25,-2.524354896707238e-29
2019-04-04 13:34:26,-1.262177448353619e-29
2019-04-04 13:34:27,-6.310887241768095e-30
2019-04-04 13:34:28,-3.1554436208840472e-30
2019-04-04 13:34:29,-1.5777218104420236e-30
2019-04-04 13:34:30,-7.888609052210118e-31
2019-04-04 13:34:31,-3.944304526105059e-31
2019-04-04 13:34:32,-1.9721522630525295e-31
2019-04-04 13:34:33,-9.860761315262648e-32
2019-04-04 13:34:34,-4.930380657631324e-32
2019-04-04 13:34:35,-2.465190328815662e-32
2019-04-04 13:34:36,-1.232595164407831e-32
2019-04-04 13:34:37,-6.162975822039155e-33
2019-04-04 13:34:38,-3.0814879110195774e-33
2019-04-04 13:34:39,-1.5407439555097887e-33
2019-04-04 13:34:40,-1.0
2019-04-04 13:34:41,-0.5
2019-04-04 13:34:42,-0.25
2019-04-04 13:34:43,-0.625
2019-04-04 13:34:44,-0.3125
2019-04-04 13:34:45,-0.15625
2019-04-04 13:34:46,-0.078125
2019-04-04 13:34:47,-0.0390625
2019-04-04 13:34:48,-0.01953125
2019-04-04 13:34:49,-0.009765625
2019-04-04 13:34:50,-0.0048828125
2019-04-04 13:34:51,-0.00244140625
2019-04-04 13:34:52,-0.001220703125
2019-04-04 13:34:53,-0.0006103515625
2019-04-04 13:34:54,-0.00030517578125
2019-04-04 13:34:55,-0.000152587890625
2019-04-04 13:34:56,-7.62939453125e-05
2019-04-04 13:34:57,-3.814697265625e-05
2019-04-04 13:34:58,-1.9073486328125e-05
2019-04-04 13:34:59,-9.5367431640625e-06
2019-04-04 13:35:00,-4.76837158203125e-06
2019-04-04 13:35:01,-2.384185791015625e-06
2019-04-04 13:35:02,-1.1920928955078125e-06
2019-04-04 13:35:03,-5.960464477539062e-07
2019-04-04 13:35:04,-2.980232238769531e-07
2019-04-04 13:35:05,-1.4901161193847656e-07
2019-04-04 13:35:06,-7.450580596923828e-08
2019-04-04 13:35:07,-3.725290298461914e-08
2019-04-04 13:35:08,-1.862645149230957e-08
2019-04-04 13:35:09,-3.5000000093132257
2019-04-04 13:35:10,-1.7500000046566129
2019-04-04 13:35:11,-0.8750000023283064
2019-04-04 13:35:12,-0.4375000011641532
2019-04-04 13:35:13,-0.2187500005820766
2019-04-04 13:35:14,0.8906249997089617
2019-04-04 13:35:15,0.44531249985448085
2019-04-04 13:35:16,-0.2773437500727596
2019-04-04 13:35:17,-0.1386718750363798
2019-04-04 13:35:18,-0.0693359375181899
2019-04-04 13:35:19,-0.03466796875909495
2019-04-04 13:35:20,-0.017333984379547474
2019-04-04 13:35:21,-0.008666992189773737
2019-04-04 13:35:22,-0.004333496094886868
2019-04-04 13:35:23,-0.002166748047443434
2019-04-04 13:35:24,-0.001083374023721717
2019-04-04 13:35:25,-0.0005416870118608585
2019-04-04 13:35:26,-0.0002708435059304293
2019-04-04 13:35:27,-0.00013542175296521464
2019-04-04 13:35:28,-6.771087648260732e-05
2019-04-04 13:35:29,-3.385543824130366e-05
2019-04-04 13:35:30,-1.692771912065183e-05
2019-04-04 13:35:31,-8.463859560325915e-06
2019-04-04 13:35:32,-4.231929780162957e-06
2019-04-04 13:35:33,-2.1159648900814787e-06
2019-04-04 13:35:34,-1.0579824450407393e-06
2019-04-04 13:35:35,-5.289912225203697e-07
2019-04-04 13:35:36,-2.6449561126018484e-07
2019-04-04 13:35:37,-1.3224780563009242e-07
2019-04-04 13:35:38,-6.612390281504621e-08
2019-04-04 13:35:39,-3.3061951407523105e-08
2019-04-04 13:35:40,-1.6530975703761552e-08
2019-04-04 13:35:41,-8.265487851880776e-09
2019-04-04 13:35:42,-4.132743925940388e-09
2019-04-04 13:35:43,-2.066371962970194e-09
2019-04-04 13:35:44,-1.033185981485097e-09
2019-04-04 13:35:45,-5.165929907425485e-10
2019-04-04 13:35:46,0.4999999997417035
2019-04-04 13:35:47,0.24999999987085175
2019-04-04 13:35:48,0.12499999993542588
2019-04-04 13:35:49,0.06249999996771294
2019-04-04 13:35:50,0.03124999998385647
2019-04-04 13:35:51,0.015624999991928235
2019-04-04 13:35:52,0.007812499995964117
2019-04-04 13:35:53,0.0039062499979820586
2019-04-04 13:35:54,0.0019531249989910293
2019-04-04 13:35:55,0.0009765624994955147
2019-04-04 13:35:56,0.00048828124974775733
2019-04-04 13:35:57,0.00024414062487387866
2019-04-04 13:35:58,0.00012207031243693933
2019-04-04 13:35:59,6.1035156218469666e-05
2019-04-04 13:36:00,3.0517578109234833e-05
2019-04-04 13:36:01,1.5258789054617417e-05
2019-04-04 13:36:02,7.629394527308708e-06
2019-04-04 13:36:03,3.814697263654354e-06
2019-04-04 13:36:04,0.5000019073486318
2019-04-04 13:36:05,0.2500009536743159
2019-04-04 13:36:06,0.12500047683715795
2019-04-04 13:36:07,0.06250023841857898
2019-04-04 13:36:08,0.03125011920928949
2019-04-04 13:36:09,0.015625059604644744
2019-04-04 13:36:10,0.007812529802322372
2019-04-04 13:36:11,0.003906264901161186
2019-04-04 13:36:12,0.001953132450580593
2019-04-04 13:36:13,-10.99902343377471
2019-04-04 13:36:14,-5.499511716887355
2019-04-04 13:36:15,-2.7497558584436774
2019-04-04 13:36:16,-1.3748779292218387
2019-04-04 13:36:17,-0.6874389646109194
2019-04-04 13:36:18,-0.3437194823054597
2019-04-04 13:36:19,-0.17185974115272984
2019-04-04 13:36:20,-0.08592987057636492
2019-04-04 13:36:21,-0.04296493528818246
2019-04-04 13:36:22,-0.02148246764409123
2019-04-04 13:36:23,-0.010741233822045615
2019-04-04 13:36:24,-0.0053706169110228075
2019-04-04 13:36:25,-0.0026853084555114037
2019-04-04 13:36:26,-0.0013426542277557019
2019-04-04 13:36:27,-0.0006713271138778509
2019-04-04 13:36:28,-0.00033566355693892547
2019-04-04 13:36:29,-0.00016783177846946273
2019-04-04 13:36:30,-8.391588923473137e-05
2019-04-04 13:36:31,-4.195794461736568e-05
2019-04-04 13:36:32,-2.097897230868284e-05
2019-04-04 13:36:33,-1.048948615434142e-05
2019-04-04 13:36:34,-5.24474307717071e-06
2019-04-04 13:36:35,-2.622371538585355e-06
2019-04-04 13:36:36,2.9999986888142307
2019-04-04 13:36:37,1.4999993444071154
2019-04-04 13:36:38,0.7499996722035577
2019-04-04 13:36:39,0.37499983610177884
2019-04-04 13:36:40,0.18749991805088942
2019-04-04 13:36:41,0.09374995902544471
2019-04-04 13:36:42,0.046874979512722355
2019-04-04 13:36:43,0.023437489756361177
2019-04-04 13:36:44,0.011718744878180589
2019-04-04 13:36:45,0.005859372439090294
2019-04-04 13:36:46,-4.497070313780455
2019-04-04 13:36:47,-2.2485351568902274
2019-04-04 13:36:48,-1.1242675784451137
2019-04-04 13:36:49,-0.5621337892225569
2019-04-04 13:36:50,-0.28106689461127843
2019-04-04 13:36:51,-0.14053344730563921
2019-04-04 13:36:52,-0.07026672365281961
2019-04-04 13:36:53,-0.035133361826409804
2019-04-04 13:36:54,-0.017566680913204902
2019-04-04 13:36:55,-0.008783340456602451
2019-04-04 13:36:56,-0.0043916702283012254
2019-04-04 13:36:57,-0.0021958351141506127
2019-04-04 13:36:58,-0.0010979175570753064
2019-04-04 13:36:59,-0.5005489587785377
2019-04-04 13:37:00,-0.25027447938926883
2019-04-04 13:37:01,-0.12513723969463442
2019-04-04 13:37:02,-0.06256861984731721
2019-04-04 13:37:03,-0.5312843099236586
2019-04-04 13:37:04,-0.2656421549618293
2019-04-04 13:37:05,-0.13282107748091465
2019-04-04 13:37:06,-0.06641053874045733
2019-04-04 13:37:07,-0.03320526937022866
2019-04-04 13:37:08,-0.01660263468511433
2019-04-04 13:37:09,-0.008301317342557166
2019-04-04 13:37:10,-0.004150658671278583
2019-04-04 13:37:11,-0.0020753293356392914
2019-04-04 13:37:12,-0.0010376646678196457
2019-04-04 13:37:13,-0.0005188323339098229
2019-04-04 13:37:14,-0.00025941616695491143
2019-04-04 13:37:15,-0.00012970808347745571
2019-04-04 13:37:16,-6.485404173872786e-05
2019-04-04 13:37:17,-3.242702086936393e-05
2019-04-04 13:37:18,-1.6213510434681964e-05
2019-04-04 13:37:19,-8.106755217340982e-06
2019-04-04 13:37:20,-4.053377608670491e-06
2019-04-04 13:37:21,-2.0266888043352455e-06
2019-04-04 13:37:22,-1.0133444021676228e-06
2019-04-04 13:37:23,-5.066722010838114e-07
2019-04-04 13:37:24,-2.533361005419057e-07
2019-04-04 13:37:25,-1.2666805027095285e-07
2019-04-04 13:37:26,-6.333402513547642e-08
2019-04-04 13:37:27,-3.166701256773821e-08
2019-04-04 13:37:28,-1.5833506283869106e-08
2019-04-04 13:37:29,-7.916753141934553e-09
2019-04-04 13:37:30,-3.9583765709672764e-09
2019-04-04 13:37:31,-1.9791882854836382e-09
2019-04-04 13:37:32,-9.895941427418191e-10
2019-04-04 13:37:33,-4.947970713709096e-10
2019-04-04 13:37:34,-2.473985356854548e-10
2019-04-04 13:37:35,-1.236992678427274e-10
2019-04-04 13:37:36,-6.18496339213637e-11
2019-04-04 13:37:37,-3.092481696068185e-11
2019-04-04 13:37:38,-1.5462408480340924e-11
2019-04-04 13:37:39,-7.731204240170462e-12
2019-04-04 13:37:40,-3.865602120085231e-12
2019-04-04 13:37:41,-1.9328010600426154e-12
2019-04-04 13:37:42,-9.664005300213077e-13
2019-04-04 13:37:43,-4.832002650106539e-13
2019-04-04 13:37:44,-2.4160013250532693e-13
2019-04-04 13:37:45,-1.2080006625266347e-13
2019-04-04 13:37:46,-6.040003312633173e-14
2019-04-04 13:37:47,-3.0200016563165866e-14
2019-04-04 13:37:48,-1.5100008281582933e-14
2019-04-04 13:37:49,-7.550004140791467e-15
2019-04-04 13:37:50,-1.5000000000000038
2019-04-04 13:37:51,-0.7500000000000019
2019-04-04 13:37:52,-0.37500000000000094
2019-04-04 13:37:53,-0.18750000000000047
2019-04-04 13:37:54,-0.09375000000000024
2019-04-04 13:37:55,-0.04687500000000012
2019-04-04 13:37:56,-0.02343750000000006
2019-04-04 13:37:57,-0.01171875000000003
2019-04-04 13:37:58,-0.005859375000000015
2019-04-04 13:37:59,-0.0029296875000000074
2019-04-04 13:38:00,-0.0014648437500000037
2019-04-04 13:38:01,-0.0007324218750000018
2019-04-04 13:38:02,-0.0003662109375000009
2019-04-04 13:38:03,-0.00018310546875000046
2019-04-04 13:38:04,-9.155273437500023e-05
2019-04-04 13:38:05,-4.5776367187500115e-05
2019-04-04 13:38:06,-2.2888183593750058e-05
2019-04-04 13:38:07,-1.1444091796875029e-05
2019-04-04 13:38:08,-5.722045898437514e-06
2019-04-04 13:38:09,-2.861022949218757e-06
2019-04-04 13:38:10,-1.4305114746093786e-06
2019-04-04 13:38:11,-7.152557373046893e-07
2019-04-04 13:38:12,-3.5762786865234465e-07
2019-04-04 13:38:13,-1.7881393432617232e-07
2019-04-04 13:38:14,-8.940696716308616e-08
2019-04-04 13:38:15,-4.470348358154308e-08
2019-04-04 13:38:16,-2.235174179077154e-08
2019-04-04 13:38:17,-1.117587089538577e-08
2019-04-04 13:38:18,-5.587935447692885e-09
2019-04-04 13:38:19,-2.7939677238464426e-09
2019-04-04 13:38:20,-1.0000000013969839
2019-04-04 13:38:21,-0.5000000006984919
2019-04-04 13:38:22,-0.25000000034924597
2019-04-04 13:38:23,-0.12500000017462298
2019-04-04 13:38:24,-0.06250000008731149
2019-04-04 13:38:25,-0.031250000043655746
2019-04-04 13:38:26,-0.015625000021827873
2019-04-04 13:38:27,-0.007812500010913936
2019-04-04 13:38:28,-0.503906250005457
2019-04-04 13:38:29,-0.2519531250027285
2019-04-04 13:38:30,-0.12597656250136424
2019-04-04 13:38:31,-0.06298828125068212
2019-04-04 13:38:32,-0.03149414062534106
2019-04-04 13:38:33,-0.01574707031267053
2019-04-04 13:38:34,-0.007873535156335265
2019-04-04 13:38:35,-0.0039367675781676326
2019-04-04 13:38:36,-0.0019683837890838163
2019-04-04 13:38:37,-0.0009841918945419081
2019-04-04 13:38:38,-0.0004920959472709541
2019-04-04 13:38:39,-0.00024604797363547704
2019-04-04 13:38:40,-0.00012302398681773852
2019-04-04 13:38:41,-6.151199340886926e-05
2019-04-04 13:38:42,-3.075599670443463e-05
2019-04-04 13:38:43,-1.5377998352217315e-05
2019-04-04 13:38:44,-7.688999176108657e-06
2019-04-04 13:38:45,-3.844499588054329e-06
2019-04-04 13:38:46,-1.9222497940271643e-06
2019-04-04 13:38:47,-9.611248970135822e-07
2019-04-04 13:38:48,-1.5000004805624485
2019-04-04 13:38:49,-0.7500002402812243
2019-04-04 13:38:50,-0.3750001201406121
2019-04-04 13:38:51,-0.18750006007030606
2019-04-04 13:38:52,-0.09375003003515303
2019-04-04 13:38:53,-0.046875015017576516
2019-04-04 13:38:54,-0.023437507508788258
2019-04-04 13:38:55,-0.011718753754394129
2019-04-04 13:38:56,-0.0058593768771970645
2019-04-04 13:38:57,-0.0029296884385985322
2019-04-04 13:38:58,-0.0014648442192992661
2019-04-04 13:38:59,-0.0007324221096496331
2019-04-04 13:39:00,-0.00036621105482481653
2019-04-04 13:39:01,-0.00018310552741240826
2019-04-04 13:39:02,-9.155276370620413e-05
2019-04-04 13:39:03,-4.500045776381853
2019-04-04 13:39:04,-2.2500228881909266
2019-04-04 13:39:05,-1.1250114440954633
2019-04-04 13:39:06,-0.5625057220477316
2019-04-04 13:39:07,-0.2812528610238658
2019-04-04 13:39:08,-0.1406264305119329
2019-04-04 13:39:09,-0.07031321525596645
2019-04-04 13:39:10,-0.03515660762798323
2019-04-04 13:39:11,-0.017578303813991614
2019-04-04 13:39:12,-0.008789151906995807
2019-04-04 13:39:13,-0.004394575953497903
2019-04-04 13:39:14,-0.0021972879767489517
2019-04-04 13:39:15,-0.0010986439883744759
2019-04-04 13:39:16,-0.0005493219941872379
2019-04-04 13:39:17,-0.00027466099709361896
2019-04-04 13:39:18,-0.00013733049854680948
2019-04-04 13:39:19,-6.866524927340474e-05
2019-04-04 13:39:20,-3.433262463670237e-05
2019-04-04 13:39:21,-1.7166312318351185e-05
2019-04-04 13:39:22,-8.583156159175593e-06
2019-04-04 13:39:23,-4.291578079587796e-06
2019-04-04 13:39:24,-2.145789039793898e-06
2019-04-04 13:39:25,-1.072894519896949e-06
2019-04-04 13:39:26,-5.364472599484745e-07
2019-04-04 13:39:27,-2.6822362997423727e-07
2019-04-04 13:39:28,-1.3411181498711863e-07
2019-04-04 13:39:29,-6.705590749355932e-08
2019-04-04 13:39:30,-3.352795374677966e-08
2019-04-04 13:39:31,-1.676397687338983e-08
2019-04-04 13:39:32,-8.381988436694915e-09
2019-04-04 13:39:33,-4.190994218347457e-09
2019-04-04 13:39:34,-2.0954971091737287e-09
2019-04-04 13:39:35,-1.0477485545868643e-09
2019-04-04 13:39:36,-5.238742772934322e-10
2019-04-04 13:39:37,-2.619371386467161e-10
2019-04-04 13:39:38,-1.3096856932335804e-10
2019-04-04 13:39:39,-6.548428466167902e-11
2019-04-04 13:39:40,-3.274214233083951e-11
2019-04-04 13:39:41,-1.6371071165419755e-11
2019-04-04 13:39:42,-8.185535582709878e-12
2019-04-04 13:39:43,-4.092767791354939e-12
2019-04-04 13:39:44,-2.0463838956774694e-12
2019-04-04 13:39:45,-2.000000000001023
2019-04-04 13:39:46,-1.0000000000005116
2019-04-04 13:39:47,-0.5000000000002558
2019-04-04 13:39:48,-0.2500000000001279
2019-04-04 13:39:49,-0.12500000000006395
2019-04-04 13:39:50,-0.06250000000003197
2019-04-04 13:39:51,-0.03125000000001599
2019-04-04 13:39:52,-0.015625000000007994
2019-04-04 13:39:53,-0.007812500000003997
2019-04-04 13:39:54,-0.003906250000001998
2019-04-04 13:39:55,-0.001953125000000999
2019-04-04 13:39:56,-0.0009765625000004996
2019-04-04 13:39:57,-0.0004882812500002498
2019-04-04 13:39:58,-0.5002441406250001
2019-04-04 13:39:59,-0.25012207031250006
2019-04-04 13:40:00,-0.12506103515625003
2019-04-04 13:40:01,-0.06253051757812501
2019-04-04 13:40:02,-0.03126525878906251
2019-04-04 13:40:03,-0.015632629394531253
2019-04-04 13:40:04,3.4921836853027344
2019-04-04 13:40:05,1.7460918426513672
2019-04-04 13:40:06,0.8730459213256836
2019-04-04 13:40:07,0.4365229606628418
2019-04-04 13:40:08,0.2182614803314209
2019-04-04 13:40:09,0.10913074016571045
2019-04-04 13:40:10,0.054565370082855225
2019-04-04 13:40:11,1.0272826850414276
2019-04-04 13:40:12,0.5136413425207138
2019-04-04 13:40:13,0.2568206712603569
2019-04-04 13:40:14,0.12841033563017845
2019-04-04 13:40:15,0.06420516781508923
2019-04-04 13:40:16,0.03210258390754461
2019-04-04 13:40:17,0.016051291953772306
2019-04-04 13:40:18,0.008025645976886153
2019-04-04 13:40:19,0.004012822988443077
2019-04-04 13:40:20,0.0020064114942215383
2019-04-04 13:40:21,0.0010032057471107692
2019-04-04 13:40:22,0.0005016028735553846
2019-04-04 13:40:23,0.0002508014367776923
2019-04-04 13:40:24,0.00012540071838884614
2019-04-04 13:40:25,6.270035919442307e-05
2019-04-04 13:40:26,3.1350179597211536e-05
2019-04-04 13:40:27,1.5675089798605768e-05
2019-04-04 13:40:28,7.837544899302884e-06
2019-04-04 13:40:29,3.918772449651442e-06
2019-04-04 13:40:30,1.959386224825721e-06
2019-04-04 13:40:31,9.796931124128605e-07
2019-04-04 13:40:32,4.898465562064303e-07
2019-04-04 13:40:33,2.449232781032151e-07
2019-04-04 13:40:34,1.2246163905160756e-07
2019-04-04 13:40:35,6.123081952580378e-08
2019-04-04 13:40:36,3.061540976290189e-08
2019-04-04 13:40:37,1.5307704881450945e-08
2019-04-04 13:40:38,7.653852440725473e-09
2019-04-04 13:40:39,3.826926220362736e-09
2019-04-04 13:40:40,1.913463110181368e-09
2019-04-04 13:40:41,9.56731555090684e-10
2019-04-04 13:40:42,4.78365777545342e-10
2019-04-04 13:40:43,2.39182888772671e-10
2019-04-04 13:40:44,1.195914443863355e-10
2019-04-04 13:40:45,5.979572219316776e-11
2019-04-04 13:40:46,2.989786109658388e-11
2019-04-04 13:40:47,1.494893054829194e-11
2019-04-04 13:40:48,7.47446527414597e-12
2019-04-04 13:40:49,3.737232637072985e-12
2019-04-04 13:40:50,1.8686163185364923e-12
2019-04-04 13:40:51,9.343081592682462e-13
2019-04-04 13:40:52,4.671540796341231e-13
2019-04-04 13:40:53,2.3357703981706154e-13
2019-04-04 13:40:54,1.1678851990853077e-13
2019-04-04 13:40:55,5.839425995426539e-14
2019-04-04 13:40:56,2.919712997713269e-14
2019-04-04 13:40:57,-0.4999999999999854
2019-04-04 13:40:58,-0.2499999999999927
2019-04-04 13:40:59,-0.12499999999999635
2019-04-04 13:41:00,-0.062499999999998175
2019-04-04 13:41:01,-0.031249999999999088
2019-04-04 13:41:02,-0.015624999999999544
2019-04-04 13:41:03,-0.007812499999999772
2019-04-04 13:41:04,-0.003906249999999886
2019-04-04 13:41:05,-0.001953124999999943
2019-04-04 13:41:06,-0.0009765624999999715
2019-04-04 13:41:07,-0.00048828124999998574
2019-04-04 13:41:08,-0.00024414062499999287
2019-04-04 13:41:09,-0.00012207031249999644
2019-04-04 13:41:10,-6.103515624999822e-05
2019-04-04 13:41:11,-3.051757812499911e-05
2019-04-04 13:41:12,-1.5258789062499554e-05
2019-04-04 13:41:13,-7.629394531249777e-06
2019-04-04 13:41:14,-3.8146972656248886e-06
2019-04-04 13:41:15,-1.9073486328124443e-06
2019-04-04 13:41:16,-9.536743164062222e-07
2019-04-04 13:41:17,-4.768371582031111e-07
2019-04-04 13:41:18,-2.3841857910155554e-07
2019-04-04 13:41:19,-1.1920928955077777e-07
2019-04-04 13:41:20,-5.9604644775388885e-08
2019-04-04 13:41:21,-2.9802322387694442e-08
2019-04-04 13:41:22,-1.4901161193847221e-08
2019-04-04 13:41:23,-7.4505805969236106e-09
2019-04-04 13:41:24,-3.7252902984618053e-09
2019-04-04 13:41:25,-1.8626451492309026e-09
2019-04-04 13:41:26,-9.313225746154513e-10
2019-04-04 13:41:27,-4.6566128730772566e-10
2019-04-04 13:41:28,-0.5000000002328306
2019-04-04 13:41:29,-0.2500000001164153
2019-04-04 13:41:30,-0.12500000005820766
2019-04-04 13:41:31,-0.06250000002910383
2019-04-04 13:41:32,-0.031250000014551915
2019-04-04 13:41:33,-0.015625000007275958
2019-04-04 13:41:34,-0.007812500003637979
2019-04-04 13:41:35,-0.503906250001819
2019-04-04 13:41:36,-0.2519531250009095
2019-04-04 13:41:37,-0.12597656250045475
2019-04-04 13:41:38,-0.06298828125022737
2019-04-04 13:41:39,-0.03149414062511369
2019-04-04 13:41:40,-0.015747070312556843
2019-04-04 13:41:41,-0.007873535156278422
2019-04-04 13:41:42,-0.003936767578139211
2019-04-04 13:41:43,-0.0019683837890696054
2019-04-04 13:41:44,-0.0009841918945348027
2019-04-04 13:41:45,-0.0004920959472674014
2019-04-04 13:41:46,-0.0002460479736337007
2019-04-04 13:41:47,-0.00012302398681685034
2019-04-04 13:41:48,-6.151199340842517e-05
2019-04-04 13:41:49,-3.0755996704212585e-05
2019-04-04 13:41:50,-1.5377998352106292e-05
2019-04-04 13:41:51,-0.500007688999176
2019-04-04 13:41:52,-0.250003844499588
2019-04-04 13:41:53,-0.125001922249794
2019-04-04 13:41:54,-0.062500961124897
2019-04-04 13:41:55,-0.0312504805624485
2019-04-04 13:41:56,-0.01562524028122425
2019-04-04 13:41:57,-0.007812620140612125
2019-04-04 13:41:58,-0.003906310070306063
2019-04-04 13:41:59,-0.0019531550351530313
2019-04-04 13:42:00,-0.0009765775175765157
2019-04-04 13:42:01,-0.0004882887587882578
2019-04-04 13:42:02,-0.0002441443793941289
2019-04-04 13:42:03,-0.00012207218969706446
2019-04-04 13:42:04,-6.103609484853223e-05
2019-04-04 13:42:05,-3.0518047424266115e-05
2019-04-04 13:42:06,-1.5259023712133057e-05
2019-04-04 13:42:07,-7.629511856066529e-06
2019-04-04 13:42:08,-3.814755928033264e-06
2019-04-04 13:42:09,-1.907377964016632e-06
2019-04-04 13:42:10,-9.53688982008316e-07
2019-04-04 13:42:11,-4.76844491004158e-07
2019-04-04 13:42:12,-2.38422245502079e-07
2019-04-04 13:42:13,-1.192111227510395e-07
2019-04-04 13:42:14,-5.960556137551976e-08
2019-04-04 13:42:15,-2.980278068775988e-08
2019-04-04 13:42:16,-1.490139034387994e-08
2019-04-04 13:42:17,-7.45069517193997e-09
2019-04-04 13:42:18,-3.725347585969985e-09
2019-04-04 13:42:19,-1.8626737929849924e-09
2019-04-04 13:42:20,-9.313368964924962e-10
2019-04-04 13:42:21,-4.656684482462481e-10
2019-04-04 13:42:22,1.4999999997671658
2019-04-04 13:42:23,0.7499999998835829
2019-04-04 13:42:24,0.37499999994179145
2019-04-04 13:42:25,0.18749999997089573
2019-04-04 13:42:26,0.09374999998544786
2019-04-04 13:42:27,0.04687499999272393
2019-04-04 13:42:28,0.023437499996361966
2019-04-04 13:42:29,0.011718749998180983
2019-04-04 13:42:30,1.5058593749990905
2019-04-04 13:42:31,0.7529296874995453
2019-04-04 13:42:32,0.3764648437497726
2019-04-04 13:42:33,0.1882324218748863
2019-04-04 13:42:34,0.09411621093744316
2019-04-04 13:42:35,0.04705810546872158
2019-04-04 13:42:36,0.02352905273436079
2019-04-04 13:42:37,0.011764526367180395
2019-04-04 13:42:38,0.005882263183590197
2019-04-04 13:42:39,0.0029411315917950986
2019-04-04 13:42:40,0.0014705657958975493
2019-04-04 13:42:41,0.0007352828979487747
2019-04-04 13:42:42,0.00036764144897438733
2019-04-04 13:42:43,0.00018382072448719367
2019-04-04 13:42:44,9.191036224359683e-05
2019-04-04 13:42:45,4.5955181121798416e-05
2019-04-04 13:42:46,2.2977590560899208e-05
2019-04-04 13:42:47,1.1488795280449604e-05
2019-04-04 13:42:48,5.744397640224802e-06
2019-04-04 13:42:49,2.872198820112401e-06
2019-04-04 13:42:50,1.4360994100562005e-06
2019-04-04 13:42:51,7.180497050281003e-07
2019-04-04 13:42:52,3.5902485251405013e-07
2019-04-04 13:42:53,1.7951242625702506e-07
2019-04-04 13:42:54,8.975621312851253e-08
2019-04-04 13:42:55,4.4878106564256266e-08
2019-04-04 13:42:56,2.2439053282128133e-08
2019-04-04 13:42:57,1.1219526641064066e-08
2019-04-04 13:42:58,5.609763320532033e-09
2019-04-04 13:42:59,2.8048816602660166e-09
2019-04-04 13:43:00,1.4024408301330083e-09
2019-04-04 13:43:01,7.012204150665042e-10
2019-04-04 13:43:02,3.506102075332521e-10
2019-04-04 13:43:03,1.7530510376662604e-10
2019-04-04 13:43:04,8.765255188331302e-11
2019-04-04 13:43:05,4.382627594165651e-11
2019-04-04 13:43:06,2.1913137970828255e-11
2019-04-04 13:43:07,1.0956568985414127e-11
2019-04-04 13:43:08,5.478284492707064e-12
2019-04-04 13:43:09,-0.49999999999726086
2019-04-04 13:43:10,-0.24999999999863043
2019-04-04 13:43:11,-0.12499999999931521
2019-04-04 13:43:12,-0.06249999999965761
2019-04-04 13:43:13,-0.031249999999828804
2019-04-04 13:43:14,-2.0156249999999143
2019-04-04 13:43:15,-1.0078124999999571
2019-04-04 13:43:16,-0.5039062499999786
2019-04-04 13:43:17,-0.2519531249999893
2019-04-04 13:43:18,-0.12597656249999464
2019-04-04 13:43:19,-0.06298828124999732
2019-04-04 13:43:20,-0.03149414062499866
2019-04-04 13:43:21,-0.01574707031249933
2019-04-04 13:43:22,-0.007873535156249665
2019-04-04 13:43:23,-0.003936767578124833
2019-04-04 13:43:24,-0.0019683837890624163
2019-04-04 13:43:25,-0.0009841918945312081
2019-04-04 13:43:26,-0.0004920959472656041
2019-04-04 13:43:27,-0.00024604797363280204
2019-04-04 13:43:28,-0.00012302398681640102
2019-04-04 13:43:29,-6.151199340820051e-05
2019-04-04 13:43:30,-3.0755996704100255e-05
2019-04-04 13:43:31,-1.5377998352050127e-05
2019-04-04 13:43:32,-7.688999176025064e-06
2019-04-04 13:43:33,-3.844499588012532e-06
2019-04-04 13:43:34,-1.922249794006266e-06
2019-04-04 13:43:35,-9.61124897003133e-07
2019-04-04 13:43:36,-4.805624485015665e-07
2019-04-04 13:43:37,-2.4028122425078324e-07
2019-04-04 13:43:38,-1.2014061212539162e-07
2019-04-04 13:43:39,-6.007030606269581e-08
2019-04-04 13:43:40,-3.0035153031347905e-08
2019-04-04 13:43:41,-1.5017576515673952e-08
2019-04-04 13:43:42,-7.508788257836976e-09
2019-04-04 13:43:43,-3.754394128918488e-09
2019-04-04 13:43:44,-1.877197064459244e-09
2019-04-04 13:43:45,-9.38598532229622e-10
2019-04-04 13:43:46,-4.69299266114811e-10
2019-04-04 13:43:47,-2.346496330574055e-10
2019-04-04 13:43:48,-1.1732481652870275e-10
2019-04-04 13:43:49,-5.866240826435138e-11
2019-04-04 13:43:50,-2.933120413217569e-11
2019-04-04 13:43:51,-1.4665602066087844e-11
2019-04-04 13:43:52,-7.332801033043922e-12
2019-04-04 13:43:53,-3.666400516521961e-12
2019-04-04 13:43:54,-1.8332002582609805e-12
2019-04-04 13:43:55,-9.166001291304903e-13
2019-04-04 13:43:56,-4.583000645652451e-13
2019-04-04 13:43:57,-2.2915003228262257e-13
2019-04-04 13:43:58,-1.1457501614131128e-13
2019-04-04 13:43:59,-5.728750807065564e-14
2019-04-04 13:44:00,-2.864375403532782e-14
2019-04-04 13:44:01,-1.432187701766391e-14
2019-04-04 13:44:02,-7.160938508831955e-15
2019-04-04 13:44:03,-3.5804692544159776e-15
2019-04-04 13:44:04,-1.7902346272079888e-15
2019-04-04 13:44:05,-8.951173136039944e-16
2019-04-04 13:44:06,-4.475586568019972e-16
2019-04-04 13:44:07,-2.237793284009986e-16
2019-04-04 13:44:08,-1.118896642004993e-16
2019-04-04 13:44:09,-5.594483210024965e-17
2019-04-04 13:44:10,-2.7972416050124825e-17
2019-04-04 13:44:11,-1.3986208025062412e-17
2019-04-04 13:44:12,-6.993104012531206e-18
2019-04-04 13:44:13,-3.496552006265603e-18
2019-04-04 13:44:14,-1.7482760031328016e-18
2019-04-04 13:44:15,-8.741380015664008e-19
2019-04-04 13:44:16,-4.370690007832004e-19
2019-04-04 13:44:17,-2.185345003916002e-19
2019-04-04 13:44:18,-1.092672501958001e-19
2019-04-04 13:44:19,-5.463362509790005e-20
2019-04-04 13:44:20,-2.7316812548950024e-20
2019-04-04 13:44:21,-1.3658406274475012e-20
2019-04-04 13:44:22,-6.829203137237506e-21
2019-04-04 13:44:23,-3.414601568618753e-21
2019-04-04 13:44:24,-1.7073007843093765e-21
2019-04-04 13:44:25,-8.536503921546883e-22
2019-04-04 13:44:26,-4.268251960773441e-22
2019-04-04 13:44:27,-2.1341259803867207e-22
2019-04-04 13:44:28,-1.0670629901933603e-22
2019-04-04 13:44:29,-5.335314950966802e-23
2019-04-04 13:44:30,-2.667657475483401e-23
2019-04-04 13:44:31,-1.3338287377417004e-23
2019-04-04 13:44:32,-6.669143688708502e-24
2019-04-04 13:44:33,-3.334571844354251e-24
2019-04-04 13:44:34,-1.6672859221771255e-24
2019-04-04 13:44:35,-8.336429610885628e-25
2019-04-04 13:44:36,-4.168214805442814e-25
2019-04-04 13:44:37,-2.084107402721407e-25
2019-04-04 13:44:38,-1.0420537013607034e-25
2019-04-04 13:44:39,-5.210268506803517e-26
2019-04-04 13:44:40,-2.6051342534017586e-26
2019-04-04 13:44:41,-1.3025671267008793e-26
2019-04-04 13:44:42,-6.512835633504397e-27
2019-04-04 13:44:43,-3.256417816752198e-27
2019-04-04 13:44:44,-1.628208908376099e-27
2019-04-04 13:44:45,-8.141044541880496e-28
2019-04-04 13:44:46,-0.5
2019-04-04 13:44:47,-0.25
2019-04-04 13:44:48,-0.125
2019-04-04 13:44:49,-0.0625
2019-04-04 13:44:50,-1.53125
2019-04-04 13:44:51,-0.765625
2019-04-04 13:44:52,-0.3828125
2019-04-04 13:44:53,-0.19140625
2019-04-04 13:44:54,-0.095703125
2019-04-04 13:44:55,-0.0478515625
2019-04-04 13:44:56,-0.02392578125
2019-04-04 13:44:57,-0.011962890625
2019-04-04 13:44:58,-0.0059814453125
2019-04-04 13:44:59,-0.00299072265625
2019-04-04 13:45:00,-0.001495361328125
2019-04-04 13:45:01,-0.0007476806640625
2019-04-04 13:45:02,-0.00037384033203125
2019-04-04 13:45:03,-0.000186920166015625
2019-04-04 13:45:04,-9.34600830078125e-05
2019-04-04 13:45:05,-4.673004150390625e-05
2019-04-04 13:45:06,-2.3365020751953125e-05
2019-04-04 13:45:07,-1.1682510375976562e-05
2019-04-04 13:45:08,-5.841255187988281e-06
2019-04-04 13:45:09,-2.9206275939941406e-06
2019-04-04 13:45:10,-1.4603137969970703e-06
2019-04-04 13:45:11,-7.301568984985352e-07
2019-04-04 13:45:12,-3.650784492492676e-07
2019-04-04 13:45:13,-1.825392246246338e-07
2019-04-04 13:45:14,-9.12696123123169e-08
2019-04-04 13:45:15,-4.563480615615845e-08
2019-04-04 13:45:16,-2.2817403078079224e-08
2019-04-04 13:45:17,-1.1408701539039612e-08
2019-04-04 13:45:18,-5.704350769519806e-09
2019-04-04 13:45:19,-2.852175384759903e-09
2019-04-04 13:45:20,-1.4260876923799515e-09
2019-04-04 13:45:21,-7.130438461899757e-10
2019-04-04 13:45:22,-3.5652192309498787e-10
2019-04-04 13:45:23,-1.7826096154749393e-10
2019-04-04 13:45:24,-8.913048077374697e-11
2019-04-04 13:45:25,-4.4565240386873484e-11
2019-04-04 13:45:26,-2.2282620193436742e-11
2019-04-04 13:45:27,-1.1141310096718371e-11
2019-04-04 13:45:28,-5.5706550483591855e-12
2019-04-04 13:45:29,-2.0000000000027853
2019-04-04 13:45:30,-1.0000000000013927
2019-04-04 13:45:31,-0.5000000000006963
2019-04-04 13:45:32,-0.25000000000034817
2019-04-04 13:45:33,-0.12500000000017408
2019-04-04 13:45:34,-0.06250000000008704
2019-04-04 13:45:35,-0.03125000000004352
2019-04-04 13:45:36,-0.01562500000002176
2019-04-04 13:45:37,2.4921874999999893
2019-04-04 13:45:38,1.2460937499999947
2019-04-04 13:45:39,0.6230468749999973
2019-04-04 13:45:40,0.31152343749999867
2019-04-04 13:45:41,0.15576171874999933
2019-04-04 13:45:42,0.07788085937499967
2019-04-04 13:45:43,0.03894042968749983
2019-04-04 13:45:44,0.5194702148437499
2019-04-04 13:45:45,0.25973510742187494
2019-04-04 13:45:46,0.12986755371093747
2019-04-04 13:45:47,0.06493377685546874
2019-04-04 13:45:48,0.03246688842773437
2019-04-04 13:45:49,0.016233444213867184
2019-04-04 13:45:50,0.008116722106933592
2019-04-04 13:45:51,0.004058361053466796
2019-04-04 13:45:52,0.002029180526733398
2019-04-04 13:45:53,0.001014590263366699
2019-04-04 13:45:54,0.0005072951316833495
2019-04-04 13:45:55,0.00025364756584167475
2019-04-04 13:45:56,0.00012682378292083738
2019-04-04 13:45:57,6.341189146041869e-05
2019-04-04 13:45:58,3.1705945730209344e-05
2019-04-04 13:45:59,1.5852972865104672e-05
2019-04-04 13:46:00,7.926486432552336e-06
2019-04-04 13:46:01,3.963243216276168e-06
2019-04-04 13:46:02,1.981621608138084e-06
2019-04-04 13:46:03,9.90810804069042e-07
2019-04-04 13:46:04,4.95405402034521e-07
2019-04-04 13:46:05,2.477027010172605e-07
2019-04-04 13:46:06,1.2385135050863025e-07
2019-04-04 13:46:07,6.192567525431512e-08
2019-04-04 13:46:08,3.096283762715756e-08
2019-04-04 13:46:09,1.548141881357878e-08
2019-04-04 13:46:10,7.74070940678939e-09
2019-04-04 13:46:11,3.870354703394695e-09
2019-04-04 13:46:12,1.9351773516973476e-09
2019-04-04 13:46:13,9.675886758486738e-10
2019-04-04 13:46:14,4.837943379243369e-10
2019-04-04 13:46:15,2.4189716896216846e-10
2019-04-04 13:46:16,1.2094858448108423e-10
2019-04-04 13:46:17,6.047429224054211e-11
2019-04-04 13:46:18,3.023714612027106e-11
2019-04-04 13:46:19,1.511857306013553e-11
2019-04-04 13:46:20,7.559286530067764e-12
2019-04-04 13:46:21,3.779643265033882e-12
2019-04-04 13:46:22,1.889821632516941e-12
2019-04-04 13:46:23,9.449108162584705e-13
2019-04-04 13:46:24,4.724554081292353e-13
2019-04-04 13:46:25,2.3622770406461763e-13
2019-04-04 13:46:26,1.1811385203230882e-13
2019-04-04 13:46:27,5.905692601615441e-14
2019-04-04 13:46:28,2.9528463008077204e-14
2019-04-04 13:46:29,1.4764231504038602e-14
2019-04-04 13:46:30,7.382115752019301e-15
2019-04-04 13:46:31,3.6910578760096505e-15
2019-04-04 13:46:32,1.8455289380048253e-15
2019-04-04 13:46:33,9.227644690024126e-16
2019-04-04 13:46:34,4.613822345012063e-16
2019-04-04 13:46:35,2.3069111725060316e-16
2019-04-04 13:46:36,1.1534555862530158e-16
2019-04-04 13:46:37,5.767277931265079e-17
2019-04-04 13:46:38,2.8836389656325395e-17
2019-04-04 13:46:39,1.4418194828162697e-17
2019-04-04 13:46:40,7.209097414081349e-18
2019-04-04 13:46:41,1.0
2019-04-04 13:46:42,0.5
2019-04-04 13:46:43,0.25
2019-04-04 13:46:44,0.125
2019-04-04 13:46:45,0.0625
2019-04-04 13:46:46,0.03125
2019-04-04 13:46:47,0.015625
2019-04-04 13:46:48,0.0078125
2019-04-04 13:46:49,0.00390625
2019-04-04 13:46:50,0.001953125
2019-04-04 13:46:51,0.0009765625
2019-04-04 13:46:52,-2.49951171875
2019-04-04 13:46:53,-1.249755859375
2019-04-04 13:46:54,-0.6248779296875
2019-04-04 13:46:55,-0.31243896484375
2019-04-04 13:46:56,-0.156219482421875
2019-04-04 13:46:57,-0.0781097412109375
2019-04-04 13:46:58,-0.03905487060546875
2019-04-04 13:46:59,-0.019527435302734375
2019-04-04 13:47:00,-0.009763717651367188
2019-04-04 13:47:01,-0.004881858825683594
2019-04-04 13:47:02,-0.002440929412841797
2019-04-04 13:47:03,-0.0012204647064208984
2019-04-04 13:47:04,-0.0006102323532104492
2019-04-04 13:47:05,-0.0003051161766052246
2019-04-04 13:47:06,-0.0001525580883026123
2019-04-04 13:47:07,-7.627904415130615e-05
2019-04-04 13:47:08,-2.0000381395220757
2019-04-04 13:47:09,-1.0000190697610378
2019-04-04 13:47:10,-0.5000095348805189
2019-04-04 13:47:11,-0.25000476744025946
2019-04-04 13:47:12,-0.12500238372012973
2019-04-04 13:47:13,-0.06250119186006486
2019-04-04 13:47:14,-0.03125059593003243
2019-04-04 13:47:15,-0.015625297965016216
2019-04-04 13:47:16,-0.007812648982508108
2019-04-04 13:47:17,-0.003906324491254054
2019-04-04 13:47:18,-0.001953162245627027
2019-04-04 13:47:19,-0.0009765811228135135
2019-04-04 13:47:20,-0.0004882905614067568
2019-04-04 13:47:21,-0.0002441452807033784
2019-04-04 13:47:22,-0.0001220726403516892
2019-04-04 13:47:23,-6.10363201758446e-05
2019-04-04 13:47:24,-3.05181600879223e-05
2019-04-04 13:47:25,-1.525908004396115e-05
2019-04-04 13:47:26,-7.629540021980574e-06
2019-04-04 13:47:27,-3.814770010990287e-06
2019-04-04 13:47:28,-1.9073850054951436e-06
2019-04-04 13:47:29,-9.536925027475718e-07
2019-04-04 13:47:30,-4.768462513737859e-07
2019-04-04 13:47:31,-2.3842312568689294e-07
2019-04-04 13:47:32,-1.1921156284344647e-07
2019-04-04 13:47:33,-5.960578142172324e-08
2019-04-04 13:47:34,-2.980289071086162e-08
2019-04-04 13:47:35,-1.490144535543081e-08
2019-04-04 13:47:36,-7.450722677715405e-09
2019-04-04 13:47:37,-3.725361338857702e-09
2019-04-04 13:47:38,-1.862680669428851e-09
2019-04-04 13:47:39,-9.313403347144256e-10
2019-04-04 13:47:40,-4.656701673572128e-10
2019-04-04 13:47:41,-2.328350836786064e-10
2019-04-04 13:47:42,-1.164175418393032e-10
2019-04-04 13:47:43,-5.82087709196516e-11
2019-04-04 13:47:44,-2.91043854598258e-11
2019-04-04 13:47:45,-1.45521927299129e-11
2019-04-04 13:47:46,-7.27609636495645e-12
2019-04-04 13:47:47,-3.638048182478225e-12
2019-04-04 13:47:48,-1.8190240912391124e-12
2019-04-04 13:47:49,-9.095120456195562e-13
2019-04-04 13:47:50,-4.547560228097781e-13
2019-04-04 13:47:51,-2.2737801140488905e-13
2019-04-04 13:47:52,-1.1368900570244453e-13
2019-04-04 13:47:53,-5.684450285122226e-14
2019-04-04 13:47:54,-2.842225142561113e-14
2019-04-04 13:47:55,-1.4211125712805566e-14
2019-04-04 13:47:56,-7.105562856402783e-15
2019-04-04 13:47:57,-3.5527814282013915e-15
2019-04-04 13:47:58,-1.7763907141006957e-15
2019-04-04 13:47:59,-8.881953570503479e-16
2019-04-04 13:48:00,-0.5000000000000004
2019-04-04 13:48:01,-0.2500000000000002
2019-04-04 13:48:02,-0.1250000000000001
2019-04-04 13:48:03,-0.06250000000000006
2019-04-04 13:48:04,-0.03125000000000003
2019-04-04 13:48:05,-0.015625000000000014
2019-04-04 13:48:06,-0.007812500000000007
2019-04-04 13:48:07,-0.0039062500000000035
2019-04-04 13:48:08,-0.0019531250000000017
2019-04-04 13:48:09,-0.0009765625000000009
2019-04-04 13:48:10,-0.0004882812500000004
2019-04-04 13:48:11,-0.0002441406250000002
2019-04-04 13:48:12,0.4998779296875
2019-04-04 13:48:13,0.24993896484375
2019-04-04 13:48:14,0.124969482421875
2019-04-04 13:48:15,0.0624847412109375
2019-04-04 13:48:16,-0.9687576293945312
2019-04-04 13:48:17,-0.4843788146972656
2019-04-04 13:48:18,-0.2421894073486328
2019-04-04 13:48:19,-0.1210947036743164
2019-04-04 13:48:20,-0.0605473518371582
2019-04-04 13:48:21,-0.0302736759185791
2019-04-04 13:48:22,-0.01513683795928955
2019-04-04 13:48:23,-0.007568418979644775
2019-04-04 13:48:24,-0.0037842094898223877
2019-04-04 13:48:25,-0.0018921047449111938
2019-04-04 13:48:26,-0.0009460523724555969
2019-04-04 13:48:27,-0.00047302618622779846
2019-04-04 13:48:28,-0.00023651309311389923
2019-04-04 13:48:29,-0.00011825654655694962
2019-04-04 13:48:30,-5.912827327847481e-05
2019-04-04 13:48:31,-2.9564136639237404e-05
2019-04-04 13:48:32,-1.4782068319618702e-05
2019-04-04 13:48:33,-7.391034159809351e-06
2019-04-04 13:48:34,-3.6955170799046755e-06
2019-04-04 13:48:35,-1.8477585399523377e-06
2019-04-04 13:48:36,-9.238792699761689e-07
2019-04-04 13:48:37,-4.6193963498808444e-07
2019-04-04 13:48:38,-2.3096981749404222e-07
2019-04-04 13:48:39,-1.1548490874702111e-07
2019-04-04 13:48:40,-5.7742454373510554e-08
2019-04-04 13:48:41,-2.8871227186755277e-08
2019-04-04 13:48:42,-1.4435613593377639e-08
2019-04-04 13:48:43,-3.000000007217807
2019-04-04 13:48:44,-1.5000000036089034
2019-04-04 13:48:45,-0.7500000018044517
2019-04-04 13:48:46,-0.37500000090222585
2019-04-04 13:48:47,-0.18750000045111292
2019-04-04 13:48:48,-0.09375000022555646
2019-04-04 13:48:49,-0.04687500011277823
2019-04-04 13:48:50,-0.023437500056389116
2019-04-04 13:48:51,-0.011718750028194558
2019-04-04 13:48:52,-0.005859375014097279
2019-04-04 13:48:53,-0.0029296875070486394
2019-04-04 13:48:54,-0.0014648437535243197
2019-04-04 13:48:55,-0.0007324218767621599
2019-04-04 13:48:56,-0.00036621093838107993
2019-04-04 13:48:57,-0.00018310546919053997
2019-04-04 13:48:58,-9.155273459526998e-05
2019-04-04 13:48:59,-4.577636729763499e-05
2019-04-04 13:49:00,-2.2888183648817496e-05
2019-04-04 13:49:01,-1.1444091824408748e-05
2019-04-04 13:49:02,-5.722045912204374e-06
2019-04-04 13:49:03,-2.861022956102187e-06
2019-04-04 13:49:04,-1.4305114780510935e-06
2019-04-04 13:49:05,-7.152557390255467e-07
2019-04-04 13:49:06,-3.5762786951277337e-07
2019-04-04 13:49:07,-1.7881393475638669e-07
2019-04-04 13:49:08,-8.940696737819334e-08
2019-04-04 13:49:09,-4.470348368909667e-08
2019-04-04 13:49:10,-2.2351741844548336e-08
2019-04-04 13:49:11,-1.1175870922274168e-08
2019-04-04 13:49:12,-5.587935461137084e-09
2019-04-04 13:49:13,-2.793967730568542e-09
2019-04-04 13:49:14,-1.396983865284271e-09
2019-04-04 13:49:15,-6.984919326421355e-10
2019-04-04 13:49:16,-3.4924596632106774e-10
2019-04-04 13:49:17,-1.7462298316053387e-10
2019-04-04 13:49:18,-8.731149158026694e-11
2019-04-04 13:49:19,-4.365574579013347e-11
2019-04-04 13:49:20,-2.1827872895066734e-11
2019-04-04 13:49:21,-1.0913936447533367e-11
2019-04-04 13:49:22,-5.4569682237666835e-12
2019-04-04 13:49:23,-2.7284841118833418e-12
2019-04-04 13:49:24,-1.3642420559416709e-12
2019-04-04 13:49:25,-6.821210279708354e-13
2019-04-04 13:49:26,-3.410605139854177e-13
2019-04-04 13:49:27,-1.7053025699270886e-13
2019-04-04 13:49:28,-8.526512849635443e-14
2019-04-04 13:49:29,-4.2632564248177215e-14
2019-04-04 13:49:30,-2.1316282124088607e-14
2019-04-04 13:49:31,-1.0658141062044304e-14
2019-04-04 13:49:32,-5.329070531022152e-15
2019-04-04 13:49:33,-2.664535265511076e-15
2019-04-04 13:49:34,-1.332267632755538e-15
2019-04-04 13:49:35,-6.66133816377769e-16
2019-04-04 13:49:36,-3.330669081888845e-16
2019-04-04 13:49:37,-1.6653345409444225e-16
2019-04-04 13:49:38,-8.326672704722112e-17
2019-04-04 13:49:39,-4.163336352361056e-17
2019-04-04 13:49:40,-2.081668176180528e-17
2019-04-04 13:49:41,-1.040834088090264e-17
2019-04-04 13:49:42,-5.20417044045132e-18
2019-04-04 13:49:43,-2.60208522022566e-18
2019-04-04 13:49:44,-1.30104261011283e-18
2019-04-04 13:49:45,-6.50521305056415e-19
2019-04-04 13:49:46,-3.252606525282075e-19
2019-04-04 13:49:47,-1.6263032626410376e-19
2019-04-04 13:49:48,-8.131516313205188e-20
2019-04-04 13:49:49,-4.065758156602594e-20
2019-04-04 13:49:50,-2.032879078301297e-20
2019-04-04 13:49:51,-1.0164395391506485e-20
2019-04-04 13:49:52,-5.082197695753242e-21
2019-04-04 13:49:53,-2.541098847876621e-21
2019-04-04 13:49:54,-1.2705494239383106e-21
2019-04-04 13:49:55,-2.0
2019-04-04 13:49:56,-1.0
2019-04-04 13:49:57,-0.5
2019-04-04 13:49:58,-0.25
2019-04-04 13:49:59,-0.125
2019-04-04 13:50:00,-0.0625
2019-04-04 13:50:01,-0.03125
2019-04-04 13:50:02,-0.015625
2019-04-04 13:50:03,-0.0078125
2019-04-04 13:50:04,-0.00390625
2019-04-04 13:50:05,-0.001953125
2019-04-04 13:50:06,-0.0009765625
2019-04-04 13:50:07,-0.00048828125
2019-04-04 13:50:08,-0.000244140625
2019-04-04 13:50:09,-0.0001220703125
2019-04-04 13:50:10,-6.103515625e-05
2019-04-04 13:50:11,-3.0517578125e-05
2019-04-04 13:50:12,-1.52587890625e-05
2019-04-04 13:50:13,-7.62939453125e-06
2019-04-04 13:50:14,-3.814697265625e-06
2019-04-04 13:50:15,-1.9073486328125e-06
2019-04-04 13:50:16,-9.5367431640625e-07
2019-04-04 13:50:17,-4.76837158203125e-07
2019-04-04 13:50:18,-0.5000002384185791
2019-04-04 13:50:19,-0.25000011920928955
2019-04-04 13:50:20,-0.12500005960464478
2019-04-04 13:50:21,-0.06250002980232239
2019-04-04 13:50:22,-0.031250014901161194
2019-04-04 13:50:23,-0.015625007450580597
2019-04-04 13:50:24,-0.007812503725290298
2019-04-04 13:50:25,-0.003906251862645149
2019-04-04 13:50:26,-0.0019531259313225746
2019-04-04 13:50:27,-0.0009765629656612873
2019-04-04 13:50:28,-0.0004882814828306437
2019-04-04 13:50:29,-0.0002441407414153218
2019-04-04 13:50:30,-0.0001220703707076609
2019-04-04 13:50:31,-6.103518535383046e-05
2019-04-04 13:50:32,-3.051759267691523e-05
2019-04-04 13:50:33,-1.5258796338457614e-05
2019-04-04 13:50:34,-7.629398169228807e-06
2019-04-04 13:50:35,-3.8146990846144035e-06
2019-04-04 13:50:36,-1.9073495423072018e-06
2019-04-04 13:50:37,-9.536747711536009e-07
2019-04-04 13:50:38,-4.768373855768004e-07
2019-04-04 13:50:39,-2.384186927884002e-07
2019-04-04 13:50:40,-1.192093463942001e-07
2019-04-04 13:50:41,-5.960467319710006e-08
2019-04-04 13:50:42,-2.980233659855003e-08
2019-04-04 13:50:43,-1.4901168299275014e-08
2019-04-04 13:50:44,-7.450584149637507e-09
2019-04-04 13:50:45,-3.7252920748187535e-09
2019-04-04 13:50:46,-1.8626460374093767e-09
2019-04-04 13:50:47,-9.313230187046884e-10
2019-04-04 13:50:48,-4.656615093523442e-10
2019-04-04 13:50:49,-2.328307546761721e-10
2019-04-04 13:50:50,-1.1641537733808605e-10
2019-04-04 13:50:51,-5.820768866904302e-11
2019-04-04 13:50:52,-2.910384433452151e-11
2019-04-04 13:50:53,-1.4551922167260756e-11
2019-04-04 13:50:54,-7.275961083630378e-12
2019-04-04 13:50:55,-3.637980541815189e-12
2019-04-04 13:50:56,-1.8189902709075945e-12
2019-04-04 13:50:57,-9.094951354537972e-13
2019-04-04 13:50:58,-4.547475677268986e-13
2019-04-04 13:50:59,-2.273737838634493e-13
2019-04-04 13:51:00,-1.1368689193172465e-13
2019-04-04 13:51:01,-5.684344596586233e-14
2019-04-04 13:51:02,-2.8421722982931164e-14
2019-04-04 13:51:03,-1.4210861491465582e-14
2019-04-04 13:51:04,-7.105430745732791e-15
2019-04-04 13:51:05,-2.5000000000000036
2019-04-04 13:51:06,-1.2500000000000018
2019-04-04 13:51:07,-0.6250000000000009
2019-04-04 13:51:08,-0.31250000000000044
2019-04-04 13:51:09,-0.15625000000000022
2019-04-04 13:51:10,-0.07812500000000011
2019-04-04 13:51:11,-0.039062500000000056
2019-04-04 13:51:12,-0.019531250000000028
2019-04-04 13:51:13,-0.009765625000000014
2019-04-04 13:51:14,-0.004882812500000007
2019-04-04 13:51:15,-0.0024414062500000035
2019-04-04 13:51:16,-0.0012207031250000017
2019-04-04 13:51:17,-0.0006103515625000009
2019-04-04 13:51:18,-0.00030517578125000043
2019-04-04 13:51:19,-0.00015258789062500022
2019-04-04 13:51:20,-7.629394531250011e-05
2019-04-04 13:51:21,-3.8146972656250054e-05
2019-04-04 13:51:22,-1.9073486328125027e-05
2019-04-04 13:51:23,-9.536743164062514e-06
2019-04-04 13:51:24,-4.768371582031257e-06
2019-04-04 13:51:25,-2.3841857910156284e-06
2019-04-04 13:51:26,-1.1920928955078142e-06
2019-04-04 13:51:27,-5.960464477539071e-07
2019-04-04 13:51:28,-2.9802322387695355e-07
2019-04-04 13:51:29,-1.4901161193847677e-07
2019-04-04 13:51:30,-7.450580596923839e-08
2019-04-04 13:51:31,-1.000000037252903
2019-04-04 13:51:32,-0.5000000186264515
2019-04-04 13:51:33,-0.25000000931322575
2019-04-04 13:51:34,-0.12500000465661287
2019-04-04 13:51:35,-0.06250000232830644
2019-04-04 13:51:36,-0.03125000116415322
2019-04-04 13:51:37,-0.01562500058207661
2019-04-04 13:51:38,-0.007812500291038305
2019-04-04 13:51:39,-0.003906250145519152
2019-04-04 13:51:40,-0.001953125072759576
2019-04-04 13:51:41,-0.000976562536379788
2019-04-04 13:51:42,-0.000488281268189894
2019-04-04 13:51:43,-0.000244140634094947
2019-04-04 13:51:44,-0.0001220703170474735
2019-04-04 13:51:45,-6.103515852373675e-05
2019-04-04 13:51:46,-3.051757926186838e-05
2019-04-04 13:51:47,-1.525878963093419e-05
2019-04-04 13:51:48,-7.629394815467094e-06
2019-04-04 13:51:49,-3.814697407733547e-06
2019-04-04 13:51:50,-1.9073487038667736e-06
2019-04-04 13:51:51,-9.536743519333868e-07
2019-04-04 13:51:52,-4.768371759666934e-07
2019-04-04 13:51:53,-2.384185879833467e-07
2019-04-04 13:51:54,-1.1920929399167335e-07
2019-04-04 13:51:55,4.4999999403953534
2019-04-04 13:51:56,2.2499999701976767
2019-04-04 13:51:57,1.1249999850988384
2019-04-04 13:51:58,0.5624999925494192
2019-04-04 13:51:59,0.2812499962747096
2019-04-04 13:52:00,0.1406249981373548
2019-04-04 13:52:01,0.0703124990686774
2019-04-04 13:52:02,0.0351562495343387
2019-04-04 13:52:03,0.01757812476716935
2019-04-04 13:52:04,0.008789062383584675
2019-04-04 13:52:05,0.004394531191792337
2019-04-04 13:52:06,0.0021972655958961687
2019-04-04 13:52:07,0.0010986327979480843
2019-04-04 13:52:08,0.0005493163989740422
2019-04-04 13:52:09,0.0002746581994870211
2019-04-04 13:52:10,0.00013732909974351054
2019-04-04 13:52:11,6.866454987175527e-05
2019-04-04 13:52:12,3.4332274935877636e-05
2019-04-04 13:52:13,1.7166137467938818e-05
2019-04-04 13:52:14,8.583068733969409e-06
2019-04-04 13:52:15,4.2915343669847044e-06
2019-04-04 13:52:16,2.1457671834923522e-06
2019-04-04 13:52:17,1.0728835917461761e-06
2019-04-04 13:52:18,5.364417958730881e-07
2019-04-04 13:52:19,2.6822089793654403e-07
2019-04-04 13:52:20,-0.49999986588955103
2019-04-04 13:52:21,-0.24999993294477552
2019-04-04 13:52:22,-0.12499996647238776
2019-04-04 13:52:23,-0.06249998323619388
2019-04-04 13:52:24,-0.03124999161809694
2019-04-04 13:52:25,-0.01562499580904847
2019-04-04 13:52:26,-0.5078124979045242
2019-04-04 13:52:27,-0.2539062489522621
2019-04-04 13:52:28,-0.12695312447613105
2019-04-04 13:52:29,-0.06347656223806553
2019-04-04 13:52:30,-0.03173828111903276
2019-04-04 13:52:31,-0.01586914055951638
2019-04-04 13:52:32,-0.00793457027975819
2019-04-04 13:52:33,-0.003967285139879095
2019-04-04 13:52:34,-0.0019836425699395477
2019-04-04 13:52:35,-0.0009918212849697738
2019-04-04 13:52:36,-0.0004959106424848869
2019-04-04 13:52:37,-0.00024795532124244346
2019-04-04 13:52:38,-3.500123977660621
2019-04-04 13:52:39,-1.7500619888303106
2019-04-04 13:52:40,-0.8750309944151553
2019-04-04 13:52:41,-0.43751549720757765
2019-04-04 13:52:42,-0.21875774860378883
2019-04-04 13:52:43,-0.10937887430189441
2019-04-04 13:52:44,-0.05468943715094721
2019-04-04 13:52:45,-0.027344718575473603
2019-04-04 13:52:46,-0.013672359287736802
2019-04-04 13:52:47,-0.006836179643868401
2019-04-04 13:52:48,-0.0034180898219342004
2019-04-04 13:52:49,-0.0017090449109671002
2019-04-04 13:52:50,-0.0008545224554835501
2019-04-04 13:52:51,-0.00042726122774177505
2019-04-04 13:52:52,-0.00021363061387088753
2019-04-04 13:52:53,-0.00010681530693544376
2019-04-04 13:52:54,-5.340765346772188e-05
2019-04-04 13:52:55,-2.670382673386094e-05
2019-04-04 13:52:56,-1.335191336693047e-05
2019-04-04 13:52:57,-6.675956683465235e-06
2019-04-04 13:52:58,-3.3379783417326176e-06
2019-04-04 13:52:59,-1.6689891708663088e-06
2019-04-04 13:53:00,-8.344945854331544e-07
2019-04-04 13:53:01,-4.172472927165772e-07
2019-04-04 13:53:02,-2.086236463582886e-07
2019-04-04 13:53:03,-1.043118231791443e-07
2019-04-04 13:53:04,-5.215591158957215e-08
2019-04-04 13:53:05,-6.000000026077956
2019-04-04 13:53:06,-3.000000013038978
2019-04-04 13:53:07,-1.500000006519489
2019-04-04 13:53:08,-0.7500000032597445
2019-04-04 13:53:09,-0.37500000162987224
2019-04-04 13:53:10,-0.18750000081493612
2019-04-04 13:53:11,-0.09375000040746806
2019-04-04 13:53:12,-0.04687500020373403
2019-04-04 13:53:13,-0.023437500101867015
2019-04-04 13:53:14,-0.011718750050933507
2019-04-04 13:53:15,-0.005859375025466754
2019-04-04 13:53:16,-0.002929687512733377
2019-04-04 13:53:17,-0.0014648437563666884
2019-04-04 13:53:18,-0.0007324218781833442
2019-04-04 13:53:19,-0.0003662109390916721
2019-04-04 13:53:20,-0.00018310546954583605
2019-04-04 13:53:21,-9.155273477291803e-05
2019-04-04 13:53:22,-4.577636738645901e-05
2019-04-04 13:53:23,-2.2888183693229507e-05
2019-04-04 13:53:24,-1.1444091846614753e-05
2019-04-04 13:53:25,-5.722045923307377e-06
2019-04-04 13:53:26,-2.8610229616536883e-06
2019-04-04 13:53:27,-1.4305114808268442e-06
2019-04-04 13:53:28,-7.152557404134221e-07
2019-04-04 13:53:29,-3.5762787020671104e-07
2019-04-04 13:53:30,-1.7881393510335552e-07
2019-04-04 13:53:31,-8.940696755167776e-08
2019-04-04 13:53:32,0.4999999552965162
2019-04-04 13:53:33,0.2499999776482581
2019-04-04 13:53:34,0.12499998882412905
2019-04-04 13:53:35,0.062499994412064525
2019-04-04 13:53:36,0.031249997206032262
2019-04-04 13:53:37,0.015624998603016131
2019-04-04 13:53:38,0.007812499301508066
2019-04-04 13:53:39,0.003906249650754033
2019-04-04 13:53:40,0.0019531248253770164
2019-04-04 13:53:41,0.0009765624126885082
2019-04-04 13:53:42,0.0004882812063442541
2019-04-04 13:53:43,0.00024414060317212705
2019-04-04 13:53:44,0.00012207030158606352
2019-04-04 13:53:45,6.103515079303176e-05
2019-04-04 13:53:46,3.051757539651588e-05
2019-04-04 13:53:47,1.525878769825794e-05
2019-04-04 13:53:48,7.62939384912897e-06
2019-04-04 13:53:49,3.814696924564485e-06
2019-04-04 13:53:50,1.9073484622822426e-06
2019-04-04 13:53:51,9.536742311411213e-07
2019-04-04 13:53:52,4.7683711557056064e-07
2019-04-04 13:53:53,2.3841855778528032e-07
2019-04-04 13:53:54,1.1920927889264016e-07
2019-04-04 13:53:55,5.960463944632008e-08
2019-04-04 13:53:56,2.980231972316004e-08
2019-04-04 13:53:57,1.490115986158002e-08
2019-04-04 13:53:58,7.45057993079001e-09
2019-04-04 13:53:59,3.725289965395005e-09
2019-04-04 13:54:00,1.8626449826975025e-09
2019-04-04 13:54:01,9.313224913487513e-10
2019-04-04 13:54:02,4.6566124567437563e-10
2019-04-04 13:54:03,2.3283062283718781e-10
2019-04-04 13:54:04,1.1641531141859391e-10
2019-04-04 13:54:05,5.8207655709296953e-11
2019-04-04 13:54:06,2.9103827854648477e-11
2019-04-04 13:54:07,1.4551913927324238e-11
2019-04-04 13:54:08,7.275956963662119e-12
2019-04-04 13:54:09,3.6379784818310596e-12
2019-04-04 13:54:10,1.8189892409155298e-12
2019-04-04 13:54:11,9.094946204577649e-13
2019-04-04 13:54:12,4.5474731022888245e-13
2019-04-04 13:54:13,2.2737365511444122e-13
2019-04-04 13:54:14,1.1368682755722061e-13
2019-04-04 13:54:15,5.6843413778610306e-14
2019-04-04 13:54:16,2.8421706889305153e-14
2019-04-04 13:54:17,1.4210853444652577e-14
2019-04-04 13:54:18,7.105426722326288e-15
2019-04-04 13:54:19,3.552713361163144e-15
2019-04-04 13:54:20,1.776356680581572e-15
2019-04-04 13:54:21,8.88178340290786e-16
2019-04-04 13:54:22,4.44089170145393e-16
2019-04-04 13:54:23,2.220445850726965e-16
2019-04-04 13:54:24,1.1102229253634825e-16
2019-04-04 13:54:25,5.551114626817413e-17
2019-04-04 13:54:26,2.7755573134087064e-17
2019-04-04 13:54:27,1.3877786567043532e-17
2019-04-04 13:54:28,6.938893283521766e-18
2019-04-04 13:54:29,3.469446641760883e-18
2019-04-04 13:54:30,1.7347233208804415e-18
2019-04-04 13:54:31,8.673616604402207e-19
2019-04-04 13:54:32,4.3368083022011037e-19
2019-04-04 13:54:33,2.1684041511005518e-19
2019-04-04 13:54:34,1.0842020755502759e-19
2019-04-04 13:54:35,5.4210103777513796e-20
2019-04-04 13:54:36,2.7105051888756898e-20
2019-04-04 13:54:37,1.3552525944378449e-20
2019-04-04 13:54:38,6.7762629721892245e-21
2019-04-04 13:54:39,3.3881314860946122e-21
2019-04-04 13:54:40,1.6940657430473061e-21
2019-04-04 13:54:41,8.470328715236531e-22
2019-04-04 13:54:42,4.2351643576182653e-22
2019-04-04 13:54:43,2.1175821788091327e-22
2019-04-04 13:54:44,1.0587910894045663e-22
2019-04-04 13:54:45,5.2939554470228316e-23
2019-04-04 13:54:46,2.6469777235114158e-23
2019-04-04 13:54:47,1.3234888617557079e-23
2019-04-04 13:54:48,6.6174443087785395e-24
2019-04-04 13:54:49,3.3087221543892698e-24
2019-04-04 13:54:50,1.6543610771946349e-24
2019-04-04 13:54:51,8.271805385973174e-25
2019-04-04 13:54:52,4.135902692986587e-25
2019-04-04 13:54:53,2.0679513464932936e-25
2019-04-04 13:54:54,1.0339756732466468e-25
2019-04-04 13:54:55,5.169878366233234e-26
2019-04-04 13:54:56,2.584939183116617e-26
2019-04-04 13:54:57,1.2924695915583085e-26
2019-04-04 13:54:58,6.4623479577915425e-27
2019-04-04 13:54:59,3.2311739788957713e-27
2019-04-04 13:55:00,1.6155869894478856e-27
2019-04-04 13:55:01,8.077934947239428e-28
2019-04-04 13:55:02,4.038967473619714e-28
2019-04-04 13:55:03,2.019483736809857e-28
2019-04-04 13:55:04,1.0097418684049285e-28
2019-04-04 13:55:05,5.0487093420246426e-29
2019-04-04 13:55:06,2.5243546710123213e-29
2019-04-04 13:55:07,0.5
2019-04-04 13:55:08,0.25
2019-04-04 13:55:09,0.125
2019-04-04 13:55:10,0.0625
2019-04-04 13:55:11,0.03125
2019-04-04 13:55:12,0.015625
2019-04-04 13:55:13,0.0078125
2019-04-04 13:55:14,0.00390625
2019-04-04 13:55:15,0.001953125
2019-04-04 13:55:16,0.0009765625
2019-04-04 13:55:17,1.00048828125
2019-04-04 13:55:18,0.500244140625
2019-04-04 13:55:19,0.2501220703125
2019-04-04 13:55:20,1.12506103515625
2019-04-04 13:55:21,-0.437469482421875
2019-04-04 13:55:22,-0.2187347412109375
2019-04-04 13:55:23,-0.10936737060546875
2019-04-04 13:55:24,-0.054683685302734375
2019-04-04 13:55:25,-0.5273418426513672
2019-04-04 13:55:26,-0.2636709213256836
2019-04-04 13:55:27,-0.1318354606628418
2019-04-04 13:55:28,-0.0659177303314209
2019-04-04 13:55:29,-0.03295886516571045
2019-04-04 13:55:30,-0.016479432582855225
2019-04-04 13:55:31,-0.008239716291427612
2019-04-04 13:55:32,-2.004119858145714
2019-04-04 13:55:33,-1.002059929072857
2019-04-04 13:55:34,-0.5010299645364285
2019-04-04 13:55:35,-0.2505149822682142
2019-04-04 13:55:36,-0.1252574911341071
2019-04-04 13:55:37,-0.06262874556705356
2019-04-04 13:55:38,-0.03131437278352678
2019-04-04 13:55:39,-0.01565718639176339
2019-04-04 13:55:40,-0.007828593195881695
2019-04-04 13:55:41,-0.003914296597940847
2019-04-04 13:55:42,-0.0019571482989704236
2019-04-04 13:55:43,-0.0009785741494852118
2019-04-04 13:55:44,-0.0004892870747426059
2019-04-04 13:55:45,-0.00024464353737130295
2019-04-04 13:55:46,-0.00012232176868565148
2019-04-04 13:55:47,-6.116088434282574e-05
2019-04-04 13:55:48,-3.058044217141287e-05
2019-04-04 13:55:49,-1.5290221085706435e-05
2019-04-04 13:55:50,-7.645110542853217e-06
2019-04-04 13:55:51,-3.822555271426609e-06
2019-04-04 13:55:52,-1.9112776357133043e-06
2019-04-04 13:55:53,-9.556388178566522e-07
2019-04-04 13:55:54,-4.778194089283261e-07
2019-04-04 13:55:55,-2.3890970446416304e-07
2019-04-04 13:55:56,-1.1945485223208152e-07
2019-04-04 13:55:57,-5.972742611604076e-08
2019-04-04 13:55:58,-2.986371305802038e-08
2019-04-04 13:55:59,-1.493185652901019e-08
2019-04-04 13:56:00,-7.465928264505095e-09
2019-04-04 13:56:01,-3.7329641322525475e-09
2019-04-04 13:56:02,-1.8664820661262738e-09
2019-04-04 13:56:03,-9.332410330631369e-10
2019-04-04 13:56:04,-4.666205165315684e-10
2019-04-04 13:56:05,-2.333102582657842e-10
2019-04-04 13:56:06,-1.166551291328921e-10
2019-04-04 13:56:07,-5.832756456644606e-11
2019-04-04 13:56:08,-2.916378228322303e-11
2019-04-04 13:56:09,-1.4581891141611514e-11
2019-04-04 13:56:10,-7.290945570805757e-12
2019-04-04 13:56:11,-3.6454727854028784e-12
2019-04-04 13:56:12,-0.5000000000018228
2019-04-04 13:56:13,-0.2500000000009114
2019-04-04 13:56:14,-0.1250000000004557
2019-04-04 13:56:15,-0.06250000000022785
2019-04-04 13:56:16,-0.03125000000011392
2019-04-04 13:56:17,-0.01562500000005696
2019-04-04 13:56:18,-0.00781250000002848
2019-04-04 13:56:19,-0.00390625000001424
2019-04-04 13:56:20,-0.00195312500000712
2019-04-04 13:56:21,-0.00097656250000356
2019-04-04 13:56:22,-0.00048828125000178
2019-04-04 13:56:23,-0.00024414062500089
2019-04-04 13:56:24,-0.000122070312500445
2019-04-04 13:56:25,-6.10351562502225e-05
2019-04-04 13:56:26,3.499969482421875
2019-04-04 13:56:27,1.7499847412109375
2019-04-04 13:56:28,0.8749923706054688
2019-04-04 13:56:29,0.4374961853027344
2019-04-04 13:56:30,0.2187480926513672
2019-04-04 13:56:31,0.1093740463256836
2019-04-04 13:56:32,0.0546870231628418
2019-04-04 13:56:33,0.0273435115814209
2019-04-04 13:56:34,0.01367175579071045
2019-04-04 13:56:35,0.006835877895355225
2019-04-04 13:56:36,0.0034179389476776123
2019-04-04 13:56:37,0.0017089694738388062
2019-04-04 13:56:38,0.0008544847369194031
2019-04-04 13:56:39,0.00042724236845970154
2019-04-04 13:56:40,0.00021362118422985077
2019-04-04 13:56:41,0.00010681059211492538
2019-04-04 13:56:42,5.340529605746269e-05
2019-04-04 13:56:43,0.5000267026480287
2019-04-04 13:56:44,0.25001335132401437
2019-04-04 13:56:45,0.12500667566200718
2019-04-04 13:56:46,0.06250333783100359
2019-04-04 13:56:47,0.031251668915501796
2019-04-04 13:56:48,0.015625834457750898
2019-04-04 13:56:49,0.007812917228875449
2019-04-04 13:56:50,0.0039064586144377245
2019-04-04 13:56:51,0.0019532293072188622
2019-04-04 13:56:52,0.0009766146536094311
2019-04-04 13:56:53,0.0004883073268047156
2019-04-04 13:56:54,0.0002441536634023578
2019-04-04 13:56:55,0.0001220768317011789
2019-04-04 13:56:56,6.103841585058944e-05
2019-04-04 13:56:57,1.0000305192079253
2019-04-04 13:56:58,0.5000152596039626
2019-04-04 13:56:59,0.2500076298019813
2019-04-04 13:57:00,0.12500381490099066
2019-04-04 13:57:01,0.06250190745049533
2019-04-04 13:57:02,0.031250953725247665
2019-04-04 13:57:03,0.015625476862623833
2019-04-04 13:57:04,0.007812738431311916
2019-04-04 13:57:05,0.003906369215655958
2019-04-04 13:57:06,0.001953184607827979
2019-04-04 13:57:07,0.0009765923039139895
2019-04-04 13:57:08,0.0004882961519569948
2019-04-04 13:57:09,0.0002441480759784974
2019-04-04 13:57:10,0.0001220740379892487
2019-04-04 13:57:11,-0.4999389629810054
2019-04-04 13:57:12,-0.2499694814905027
2019-04-04 13:57:13,-0.12498474074525134
2019-04-04 13:57:14,-0.06249237037262567
2019-04-04 13:57:15,-0.031246185186312836
2019-04-04 13:57:16,-0.015623092593156418
2019-04-04 13:57:17,-0.007811546296578209
2019-04-04 13:57:18,-0.0039057731482891045
2019-04-04 13:57:19,-0.0019528865741445522
2019-04-04 13:57:20,-0.0009764432870722761
2019-04-04 13:57:21,-0.00048822164353613806
2019-04-04 13:57:22,-0.00024411082176806903
2019-04-04 13:57:23,-0.00012205541088403452
2019-04-04 13:57:24,-6.102770544201726e-05
2019-04-04 13:57:25,-3.051385272100863e-05
2019-04-04 13:57:26,-1.5256926360504314e-05
2019-04-04 13:57:27,-7.628463180252157e-06
2019-04-04 13:57:28,-3.8142315901260786e-06
2019-04-04 13:57:29,-1.9071157950630393e-06
2019-04-04 13:57:30,-9.535578975315197e-07
2019-04-04 13:57:31,-4.767789487657598e-07
2019-04-04 13:57:32,-2.383894743828799e-07
2019-04-04 13:57:33,-1.1919473719143996e-07
2019-04-04 13:57:34,-5.959736859571998e-08
2019-04-04 13:57:35,-2.979868429785999e-08
2019-04-04 13:57:36,-1.4899342148929995e-08
2019-04-04 13:57:37,-7.449671074464997e-09
2019-04-04 13:57:38,-3.7248355372324986e-09
2019-04-04 13:57:39,-1.8624177686162493e-09
2019-04-04 13:57:40,-9.312088843081247e-10
2019-04-04 13:57:41,-4.6560444215406233e-10
2019-04-04 13:57:42,-2.3280222107703116e-10
2019-04-04 13:57:43,-1.1640111053851558e-10
2019-04-04 13:57:44,-5.820055526925779e-11
2019-04-04 13:57:45,-2.9100277634628896e-11
2019-04-04 13:57:46,-1.4550138817314448e-11
2019-04-04 13:57:47,-7.275069408657224e-12
2019-04-04 13:57:48,-3.637534704328612e-12
2019-04-04 13:57:49,-1.818767352164306e-12
2019-04-04 13:57:50,-9.09383676082153e-13
2019-04-04 13:57:51,-4.546918380410765e-13
2019-04-04 13:57:52,-2.2734591902053825e-13
2019-04-04 13:57:53,-1.1367295951026912e-13
2019-04-04 13:57:54,-5.683647975513456e-14
2019-04-04 13:57:55,-2.841823987756728e-14
2019-04-04 13:57:56,-1.420911993878364e-14
2019-04-04 13:57:57,-7.10455996939182e-15
2019-04-04 13:57:58,-3.5000000000000036
2019-04-04 13:57:59,-2.2500000000000018
2019-04-04 13:58:00,-4.125000000000001
2019-04-04 13:58:01,-2.5625000000000004
2019-04-04 13:58:02,-1.2812500000000002
2019-04-04 13:58:03,-0.6406250000000001
2019-04-04 13:58:04,-0.32031250000000006
2019-04-04 13:58:05,-0.16015625000000003
2019-04-04 13:58:06,-0.08007812500000001
2019-04-04 13:58:07,-0.04003906250000001
2019-04-04 13:58:08,-0.020019531250000003
2019-04-04 13:58:09,-0.010009765625000002
2019-04-04 13:58:10,-0.005004882812500001
2019-04-04 13:58:11,-0.0025024414062500004
2019-04-04 13:58:12,-0.0012512207031250002
2019-04-04 13:58:13,-0.0006256103515625001
2019-04-04 13:58:14,-0.00031280517578125005
2019-04-04 13:58:15,-0.00015640258789062503
2019-04-04 13:58:16,-7.820129394531251e-05
2019-04-04 13:58:17,-3.910064697265626e-05
2019-04-04 13:58:18,-1.955032348632813e-05
2019-04-04 13:58:19,-9.775161743164064e-06
2019-04-04 13:58:20,-4.887580871582032e-06
2019-04-04 13:58:21,-2.443790435791016e-06
2019-04-04 13:58:22,-1.221895217895508e-06
2019-04-04 13:58:23,-6.10947608947754e-07
2019-04-04 13:58:24,-3.05473804473877e-07
2019-04-04 13:58:25,-1.527369022369385e-07
2019-04-04 13:58:26,-7.636845111846925e-08
2019-04-04 13:58:27,-3.8184225559234626e-08
2019-04-04 13:58:28,-1.9092112779617313e-08
2019-04-04 13:58:29,-9.546056389808656e-09
2019-04-04 13:58:30,0.4999999952269718
2019-04-04 13:58:31,0.2499999976134859
2019-04-04 13:58:32,0.12499999880674295
2019-04-04 13:58:33,0.062499999403371476
2019-04-04 13:58:34,0.031249999701685738
2019-04-04 13:58:35,0.015624999850842869
2019-04-04 13:58:36,0.0078124999254214345
2019-04-04 13:58:37,0.0039062499627107172
2019-04-04 13:58:38,0.0019531249813553586
2019-04-04 13:58:39,0.0009765624906776793
2019-04-04 13:58:40,0.00048828124533883965
2019-04-04 13:58:41,0.00024414062266941983
2019-04-04 13:58:42,0.00012207031133470991
2019-04-04 13:58:43,6.103515566735496e-05
2019-04-04 13:58:44,3.051757783367748e-05
2019-04-04 13:58:45,1.525878891683874e-05
2019-04-04 13:58:46,7.62939445841937e-06
2019-04-04 13:58:47,3.814697229209685e-06
2019-04-04 13:58:48,1.9073486146048424e-06
2019-04-04 13:58:49,9.536743073024212e-07
2019-04-04 13:58:50,4.768371536512106e-07
2019-04-04 13:58:51,2.384185768256053e-07
2019-04-04 13:58:52,1.1920928841280265e-07
2019-04-04 13:58:53,5.9604644206401325e-08
2019-04-04 13:58:54,2.9802322103200662e-08
2019-04-04 13:58:55,1.4901161051600331e-08
2019-04-04 13:58:56,-0.49999999254941946
2019-04-04 13:58:57,-0.24999999627470973
2019-04-04 13:58:58,-0.12499999813735486
2019-04-04 13:58:59,-0.06249999906867743
2019-04-04 13:59:00,-0.031249999534338716
2019-04-04 13:59:01,-0.015624999767169358
2019-04-04 13:59:02,-0.007812499883584679
2019-04-04 13:59:03,-0.0039062499417923395
2019-04-04 13:59:04,0.9980468750291038
2019-04-04 13:59:05,0.4990234375145519
2019-04-04 13:59:06,0.24951171875727596
2019-04-04 13:59:07,0.12475585937863798
2019-04-04 13:59:08,0.06237792968931899
2019-04-04 13:59:09,0.031188964844659495
2019-04-04 13:59:10,-0.48440551757767025
2019-04-04 13:59:11,-0.24220275878883513
2019-04-04 13:59:12,-0.12110137939441756
2019-04-04 13:59:13,-0.06055068969720878
2019-04-04 13:59:14,-0.03027534484860439
2019-04-04 13:59:15,-0.015137672424302195
2019-04-04 13:59:16,-0.007568836212151098
2019-04-04 13:59:17,-0.003784418106075549
2019-04-04 13:59:18,-0.0018922090530377744
2019-04-04 13:59:19,-0.0009461045265188872
2019-04-04 13:59:20,-0.0004730522632594436
2019-04-04 13:59:21,-0.0002365261316297218
2019-04-04 13:59:22,-0.0001182630658148609
2019-04-04 13:59:23,-5.913153290743045e-05
2019-04-04 13:59:24,-2.9565766453715225e-05
2019-04-04 13:59:25,-1.4782883226857613e-05
2019-04-04 13:59:26,-7.391441613428806e-06
2019-04-04 13:59:27,-3.695720806714403e-06
2019-04-04 13:59:28,-1.8478604033572016e-06
2019-04-04 13:59:29,-9.239302016786008e-07
2019-04-04 13:59:30,-4.619651008393004e-07
2019-04-04 13:59:31,-1.0000002309825504
2019-04-04 13:59:32,-0.5000001154912752
2019-04-04 13:59:33,-0.2500000577456376
2019-04-04 13:59:34,-0.1250000288728188
2019-04-04 13:59:35,-0.0625000144364094
2019-04-04 13:59:36,-0.0312500072182047
2019-04-04 13:59:37,-0.01562500360910235
2019-04-04 13:59:38,-0.007812501804551175
2019-04-04 13:59:39,-0.003906250902275588
2019-04-04 13:59:40,-0.001953125451137794
2019-04-04 13:59:41,-0.000976562725568897
2019-04-04 13:59:42,-3.0004882813627844
2019-04-04 13:59:43,-1.5002441406813922
2019-04-04 13:59:44,-0.7501220703406961
2019-04-04 13:59:45,-0.37506103517034806
2019-04-04 13:59:46,-0.18753051758517403
2019-04-04 13:59:47,-0.09376525879258701
2019-04-04 13:59:48,-0.04688262939629351
2019-04-04 13:59:49,-0.023441314698146754
2019-04-04 13:59:50,-0.011720657349073377
2019-04-04 13:59:51,-0.005860328674536688
2019-04-04 13:59:52,-0.002930164337268344
2019-04-04 13:59:53,-0.001465082168634172
2019-04-04 13:59:54,-0.000732541084317086
2019-04-04 13:59:55,-0.000366270542158543
2019-04-04 13:59:56,-0.0001831352710792715
2019-04-04 13:59:57,-9.156763553963576e-05
2019-04-04 13:59:58,-4.578381776981788e-05
2019-04-04 13:59:59,0.49997710809111506
2019-04-04 14:00:00,0.24998855404555753
2019-04-04 14:00:01,0.12499427702277877
2019-04-04 14:00:02,0.06249713851138938
2019-04-04 14:00:03,0.03124856925569469
2019-04-04 14:00:04,5.015624284627847
2019-04-04 14:00:05,2.5078121423139237
2019-04-04 14:00:06,1.2539060711569618
2019-04-04 14:00:07,0.6269530355784809
2019-04-04 14:00:08,0.31347651778924046
2019-04-04 14:00:09,0.15673825889462023
2019-04-04 14:00:10,0.07836912944731012
2019-04-04 14:00:11,0.03918456472365506
2019-04-04 14:00:12,-1.4804077176381725
2019-04-04 14:00:13,-0.7402038588190862
2019-04-04 14:00:14,-0.3701019294095431
2019-04-04 14:00:15,-0.18505096470477156
2019-04-04 14:00:16,-0.09252548235238578
2019-04-04 14:00:17,-0.04626274117619289
2019-04-04 14:00:18,-0.023131370588096445
2019-04-04 14:00:19,-0.011565685294048222
2019-04-04 14:00:20,-0.005782842647024111
2019-04-04 14:00:21,-0.0028914213235120556
2019-04-04 14:00:22,-0.0014457106617560278
2019-04-04 14:00:23,-0.0007228553308780139
2019-04-04 14:00:24,-0.00036142766543900695
2019-04-04 14:00:25,-0.00018071383271950348
2019-04-04 14:00:26,-9.035691635975174e-05
2019-04-04 14:00:27,-4.517845817987587e-05
2019-04-04 14:00:28,-2.2589229089937934e-05
2019-04-04 14:00:29,-1.1294614544968967e-05
2019-04-04 14:00:30,-5.647307272484484e-06
2019-04-04 14:00:31,-2.823653636242242e-06
2019-04-04 14:00:32,-1.411826818121121e-06
2019-04-04 14:00:33,-7.059134090605605e-07
2019-04-04 14:00:34,-3.529567045302802e-07
2019-04-04 14:00:35,-1.764783522651401e-07
2019-04-04 14:00:36,-8.823917613257006e-08
2019-04-04 14:00:37,-4.411958806628503e-08
2019-04-04 14:00:38,-2.2059794033142514e-08
2019-04-04 14:00:39,-1.1029897016571257e-08
2019-04-04 14:00:40,-5.5149485082856285e-09
2019-04-04 14:00:41,-2.7574742541428143e-09
2019-04-04 14:00:42,-1.3787371270714071e-09
2019-04-04 14:00:43,-6.893685635357036e-10
2019-04-04 14:00:44,-3.446842817678518e-10
2019-04-04 14:00:45,-1.723421408839259e-10
2019-04-04 14:00:46,-8.617107044196295e-11
2019-04-04 14:00:47,-4.308553522098147e-11
2019-04-04 14:00:48,-2.1542767610490736e-11
2019-04-04 14:00:49,-1.0771383805245368e-11
2019-04-04 14:00:50,-5.385691902622684e-12
2019-04-04 14:00:51,-2.692845951311342e-12
2019-04-04 14:00:52,-1.346422975655671e-12
2019-04-04 14:00:53,-6.732114878278355e-13
2019-04-04 14:00:54,-3.3660574391391776e-13
2019-04-04 14:00:55,-1.6830287195695888e-13
2019-04-04 14:00:56,-8.415143597847944e-14
2019-04-04 14:00:57,-4.207571798923972e-14
2019-04-04 14:00:58,-2.103785899461986e-14
2019-04-04 14:00:59,-1.051892949730993e-14
2019-04-04 14:01:00,-5.259464748654965e-15
2019-04-04 14:01:01,-2.6297323743274825e-15
2019-04-04 14:01:02,-1.3148661871637412e-15
2019-04-04 14:01:03,-6.574330935818706e-16
2019-04-04 14:01:04,-3.287165467909353e-16
2019-04-04 14:01:05,-1.6435827339546765e-16
2019-04-04 14:01:06,-4.0
2019-04-04 14:01:07,-2.0
2019-04-04 14:01:08,-1.0
2019-04-04 14:01:09,-0.5
2019-04-04 14:01:10,-0.25
2019-04-04 14:01:11,-0.125
2019-04-04 14:01:12,-0.0625
2019-04-04 14:01:13,-0.03125
2019-04-04 14:01:14,-0.015625
2019-04-04 14:01:15,-0.0078125
2019-04-04 14:01:16,-0.00390625
2019-04-04 14:01:17,-0.001953125
2019-04-04 14:01:18,-0.0009765625
2019-04-04 14:01:19,-0.00048828125
2019-04-04 14:01:20,-0.000244140625
2019-04-04 14:01:21,-0.0001220703125
2019-04-04 14:01:22,-6.103515625e-05
2019-04-04 14:01:23,-3.0517578125e-05
2019-04-04 14:01:24,-1.52587890625e-05
2019-04-04 14:01:25,-7.62939453125e-06
2019-04-04 14:01:26,-3.814697265625e-06
2019-04-04 14:01:27,-1.9073486328125e-06
2019-04-04 14:01:28,-9.5367431640625e-07
2019-04-04 14:01:29,-4.76837158203125e-07
2019-04-04 14:01:30,-2.384185791015625e-07
2019-04-04 14:01:31,-1.1920928955078125e-07
2019-04-04 14:01:32,-5.960464477539063e-08
2019-04-04 14:01:33,-2.9802322387695312e-08
2019-04-04 14:01:34,-1.4901161193847656e-08
2019-04-04 14:01:35,-7.450580596923828e-09
2019-04-04 14:01:36,-3.725290298461914e-09
2019-04-04 14:01:37,-1.862645149230957e-09
2019-04-04 14:01:38,-9.313225746154785e-10
2019-04-04 14:01:39,-4.656612873077393e-10
2019-04-04 14:01:40,-2.3283064365386963e-10
2019-04-04 14:01:41,-1.1641532182693481e-10
2019-04-04 14:01:42,-5.820766091346741e-11
2019-04-04 14:01:43,-2.9103830456733704e-11
2019-04-04 14:01:44,-1.4551915228366852e-11
2019-04-04 14:01:45,-7.275957614183426e-12
2019-04-04 14:01:46,-3.637978807091713e-12
2019-04-04 14:01:47,-1.8189894035458565e-12
2019-04-04 14:01:48,-9.094947017729282e-13
2019-04-04 14:01:49,-4.547473508864641e-13
2019-04-04 14:01:50,-2.2737367544323206e-13
2019-04-04 14:01:51,-1.1368683772161603e-13
2019-04-04 14:01:52,-5.684341886080802e-14
2019-04-04 14:01:53,-2.842170943040401e-14
2019-04-04 14:01:54,-1.4210854715202004e-14
2019-04-04 14:01:55,-7.105427357601002e-15
2019-04-04 14:01:56,-3.552713678800501e-15
2019-04-04 14:01:57,-1.7763568394002505e-15
2019-04-04 14:01:58,-8.881784197001252e-16
2019-04-04 14:01:59,-4.440892098500626e-16
2019-04-04 14:02:00,-2.220446049250313e-16
2019-04-04 14:02:01,-1.1102230246251565e-16
2019-04-04 14:02:02,-5.551115123125783e-17
2019-04-04 14:02:03,-2.7755575615628914e-17
2019-04-04 14:02:04,-1.3877787807814457e-17
2019-04-04 14:02:05,-6.938893903907228e-18
2019-04-04 14:02:06,-3.469446951953614e-18
2019-04-04 14:02:07,1.5
2019-04-04 14:02:08,0.75
2019-04-04 14:02:09,0.375
2019-04-04 14:02:10,0.1875
2019-04-04 14:02:11,-1.90625
2019-04-04 14:02:12,-0.953125
2019-04-04 14:02:13,-0.4765625
2019-04-04 14:02:14,-0.23828125
2019-04-04 14:02:15,-0.119140625
2019-04-04 14:02:16,-4.5595703125
2019-04-04 14:02:17,-5.77978515625
2019-04-04 14:02:18,-2.889892578125
2019-04-04 14:02:19,-1.4449462890625
2019-04-04 14:02:20,-1.22247314453125
2019-04-04 14:02:21,-0.611236572265625
2019-04-04 14:02:22,-0.3056182861328125
2019-04-04 14:02:23,-1.1528091430664062
2019-04-04 14:02:24,-0.5764045715332031
2019-04-04 14:02:25,-0.28820228576660156
2019-04-04 14:02:26,-0.14410114288330078
2019-04-04 14:02:27,-0.07205057144165039
2019-04-04 14:02:28,-0.036025285720825195
2019-04-04 14:02:29,-0.018012642860412598
2019-04-04 14:02:30,-0.009006321430206299
2019-04-04 14:02:31,-0.004503160715103149
2019-04-04 14:02:32,-0.0022515803575515747
2019-04-04 14:02:33,-0.0011257901787757874
2019-04-04 14:02:34,-0.0005628950893878937
2019-04-04 14:02:35,-0.00028144754469394684
2019-04-04 14:02:36,-0.00014072377234697342
2019-04-04 14:02:37,-7.036188617348671e-05
2019-04-04 14:02:38,-3.5180943086743355e-05
2019-04-04 14:02:39,-1.7590471543371677e-05
2019-04-04 14:02:40,-8.795235771685839e-06
2019-04-04 14:02:41,-4.397617885842919e-06
2019-04-04 14:02:42,-2.1988089429214597e-06
2019-04-04 14:02:43,-1.0994044714607298e-06
2019-04-04 14:02:44,-5.497022357303649e-07
2019-04-04 14:02:45,-2.7485111786518246e-07
2019-04-04 14:02:46,-1.3742555893259123e-07
2019-04-04 14:02:47,-6.871277946629561e-08
2019-04-04 14:02:48,-3.435638973314781e-08
2019-04-04 14:02:49,-1.7178194866573904e-08
2019-04-04 14:02:50,-8.589097433286952e-09
2019-04-04 14:02:51,-4.294548716643476e-09
2019-04-04 14:02:52,-2.147274358321738e-09
2019-04-04 14:02:53,-1.073637179160869e-09
2019-04-04 14:02:54,-5.368185895804345e-10
2019-04-04 14:02:55,-2.6840929479021725e-10
2019-04-04 14:02:56,-1.3420464739510862e-10
2019-04-04 14:02:57,-6.710232369755431e-11
2019-04-04 14:02:58,-3.3551161848777156e-11
2019-04-04 14:02:59,-1.6775580924388578e-11
2019-04-04 14:03:00,-8.387790462194289e-12
2019-04-04 14:03:01,-4.1938952310971445e-12
2019-04-04 14:03:02,-2.0969476155485722e-12
2019-04-04 14:03:03,-1.0484738077742861e-12
2019-04-04 14:03:04,-5.242369038871431e-13
2019-04-04 14:03:05,-2.6211845194357153e-13
2019-04-04 14:03:06,-1.3105922597178576e-13
2019-04-04 14:03:07,-6.552961298589288e-14
2019-04-04 14:03:08,-3.276480649294644e-14
2019-04-04 14:03:09,-1.638240324647322e-14
2019-04-04 14:03:10,-8.19120162323661e-15
2019-04-04 14:03:11,-4.095600811618305e-15
2019-04-04 14:03:12,-2.0478004058091526e-15
2019-04-04 14:03:13,-1.0239002029045763e-15
2019-04-04 14:03:14,-5.119501014522881e-16
2019-04-04 14:03:15,-2.5597505072614407e-16
2019-04-04 14:03:16,-1.2798752536307204e-16
2019-04-04 14:03:17,-6.399376268153602e-17
2019-04-04 14:03:18,-3.199688134076801e-17
2019-04-04 14:03:19,-1.5998440670384004e-17
2019-04-04 14:03:20,-7.999220335192002e-18
2019-04-04 14:03:21,-3.999610167596001e-18
2019-04-04 14:03:22,-1.9998050837980006e-18
2019-04-04 14:03:23,-9.999025418990003e-19
2019-04-04 14:03:24,-4.999512709495001e-19
2019-04-04 14:03:25,-2.4997563547475007e-19
2019-04-04 14:03:26,-1.2498781773737503e-19
2019-04-04 14:03:27,-6.249390886868752e-20
2019-04-04 14:03:28,-3.124695443434376e-20
2019-04-04 14:03:29,-1.562347721717188e-20
2019-04-04 14:03:30,-7.81173860858594e-21
2019-04-04 14:03:31,-3.90586930429297e-21
2019-04-04 14:03:32,-1.952934652146485e-21
2019-04-04 14:03:33,-9.764673260732425e-22
2019-04-04 14:03:34,-4.882336630366212e-22
2019-04-04 14:03:35,1.5
2019-04-04 14:03:36,0.75
2019-04-04 14:03:37,0.375
2019-04-04 14:03:38,0.1875
2019-04-04 14:03:39,0.09375
2019-04-04 14:03:40,0.046875
2019-04-04 14:03:41,0.0234375
2019-04-04 14:03:42,0.01171875
2019-04-04 14:03:43,0.005859375
2019-04-04 14:03:44,0.0029296875
2019-04-04 14:03:45,0.00146484375
2019-04-04 14:03:46,0.000732421875
2019-04-04 14:03:47,0.0003662109375
2019-04-04 14:03:48,0.00018310546875
2019-04-04 14:03:49,9.1552734375e-05
2019-04-04 14:03:50,4.57763671875e-05
2019-04-04 14:03:51,2.288818359375e-05
2019-04-04 14:03:52,1.1444091796875e-05
2019-04-04 14:03:53,5.7220458984375e-06
2019-04-04 14:03:54,2.86102294921875e-06
2019-04-04 14:03:55,1.430511474609375e-06
2019-04-04 14:03:56,7.152557373046875e-07
2019-04-04 14:03:57,3.5762786865234375e-07
2019-04-04 14:03:58,1.7881393432617188e-07
2019-04-04 14:03:59,8.940696716308594e-08
2019-04-04 14:04:00,4.470348358154297e-08
2019-04-04 14:04:01,2.2351741790771484e-08
2019-04-04 14:04:02,1.1175870895385742e-08
2019-04-04 14:04:03,5.587935447692871e-09
2019-04-04 14:04:04,2.7939677238464355e-09
2019-04-04 14:04:05,1.3969838619232178e-09
2019-04-04 14:04:06,-0.49999999930150807
2019-04-04 14:04:07,-0.24999999965075403
2019-04-04 14:04:08,-0.12499999982537702
2019-04-04 14:04:09,-0.06249999991268851
2019-04-04 14:04:10,-0.031249999956344254
2019-04-04 14:04:11,-0.015624999978172127
2019-04-04 14:04:12,-0.007812499989086064
2019-04-04 14:04:13,-0.003906249994543032
2019-04-04 14:04:14,-0.001953124997271516
2019-04-04 14:04:15,-0.000976562498635758
2019-04-04 14:04:16,-0.000488281249317879
2019-04-04 14:04:17,-0.0002441406246589395
2019-04-04 14:04:18,-0.00012207031232946974
2019-04-04 14:04:19,-6.103515616473487e-05
2019-04-04 14:04:20,-3.0517578082367436e-05
2019-04-04 14:04:21,-1.5258789041183718e-05
2019-04-04 14:04:22,-7.629394520591859e-06
2019-04-04 14:04:23,-3.8146972602959295e-06
2019-04-04 14:04:24,-1.9073486301479647e-06
2019-04-04 14:04:25,-9.536743150739824e-07
2019-04-04 14:04:26,-4.768371575369912e-07
2019-04-04 14:04:27,-2.384185787684956e-07
2019-04-04 14:04:28,-1.192092893842478e-07
2019-04-04 14:04:29,-2.5000000596046448
2019-04-04 14:04:30,-1.2500000298023224
2019-04-04 14:04:31,-0.6250000149011612
2019-04-04 14:04:32,-0.3125000074505806
2019-04-04 14:04:33,-0.1562500037252903
2019-04-04 14:04:34,-1.0781250018626451
2019-04-04 14:04:35,-0.5390625009313226
2019-04-04 14:04:36,-0.2695312504656613
2019-04-04 14:04:37,-0.13476562523283064
2019-04-04 14:04:38,-0.06738281261641532
2019-04-04 14:04:39,-0.03369140630820766
2019-04-04 14:04:40,-0.01684570315410383
2019-04-04 14:04:41,-0.008422851577051915
2019-04-04 14:04:42,-0.004211425788525958
2019-04-04 14:04:43,-0.002105712894262979
2019-04-04 14:04:44,-0.0010528564471314894
2019-04-04 14:04:45,-0.0005264282235657447
2019-04-04 14:04:46,-0.00026321411178287235
2019-04-04 14:04:47,-0.00013160705589143618
2019-04-04 14:04:48,-6.580352794571809e-05
2019-04-04 14:04:49,-3.2901763972859044e-05
2019-04-04 14:04:50,-1.6450881986429522e-05
2019-04-04 14:04:51,-8.225440993214761e-06
2019-04-04 14:04:52,-4.1127204966073805e-06
2019-04-04 14:04:53,-2.0563602483036902e-06
2019-04-04 14:04:54,-1.0281801241518451e-06
2019-04-04 14:04:55,-5.140900620759226e-07
2019-04-04 14:04:56,-2.570450310379613e-07
2019-04-04 14:04:57,-1.2852251551898064e-07
2019-04-04 14:04:58,-6.426125775949032e-08
2019-04-04 14:04:59,-3.213062887974516e-08
2019-04-04 14:05:00,-1.606531443987258e-08
2019-04-04 14:05:01,-8.03265721993629e-09
2019-04-04 14:05:02,-4.016328609968145e-09
2019-04-04 14:05:03,-2.0081643049840725e-09
2019-04-04 14:05:04,-1.0040821524920363e-09
2019-04-04 14:05:05,-5.020410762460181e-10
2019-04-04 14:05:06,-2.5102053812300906e-10
2019-04-04 14:05:07,-1.2551026906150453e-10
2019-04-04 14:05:08,-6.275513453075227e-11
2019-04-04 14:05:09,-3.137756726537613e-11
2019-04-04 14:05:10,-1.5000000000156888
2019-04-04 14:05:11,-1.7500000000078444
2019-04-04 14:05:12,-0.8750000000039222
2019-04-04 14:05:13,-0.4375000000019611
2019-04-04 14:05:14,-0.21875000000098055
2019-04-04 14:05:15,-0.10937500000049027
2019-04-04 14:05:16,-0.05468750000024514
2019-04-04 14:05:17,-0.02734375000012257
2019-04-04 14:05:18,-0.013671875000061284
2019-04-04 14:05:19,-0.5068359375000306
2019-04-04 14:05:20,-0.2534179687500153
2019-04-04 14:05:21,-0.12670898437500766
2019-04-04 14:05:22,-0.5633544921875038
2019-04-04 14:05:23,-0.2816772460937519
2019-04-04 14:05:24,-0.14083862304687594
2019-04-04 14:05:25,-0.07041931152343797
2019-04-04 14:05:26,-0.035209655761718986
2019-04-04 14:05:27,-0.017604827880859493
2019-04-04 14:05:28,-0.008802413940429746
2019-04-04 14:05:29,-0.004401206970214873
2019-04-04 14:05:30,-0.0022006034851074366
2019-04-04 14:05:31,-0.0011003017425537183
2019-04-04 14:05:32,-0.0005501508712768592
2019-04-04 14:05:33,-0.0002750754356384296
2019-04-04 14:05:34,-0.0001375377178192148
2019-04-04 14:05:35,-6.87688589096074e-05
2019-04-04 14:05:36,-3.43844294548037e-05
2019-04-04 14:05:37,-1.719221472740185e-05
2019-04-04 14:05:38,-8.596107363700924e-06
2019-04-04 14:05:39,-4.298053681850462e-06
2019-04-04 14:05:40,-2.149026840925231e-06
2019-04-04 14:05:41,-1.0745134204626155e-06
2019-04-04 14:05:42,-5.372567102313078e-07
2019-04-04 14:05:43,-1.0000002686283551
2019-04-04 14:05:44,-0.5000001343141776
2019-04-04 14:05:45,-0.2500000671570888
2019-04-04 14:05:46,-1.6250000335785444
2019-04-04 14:05:47,-0.8125000167892722
2019-04-04 14:05:48,-0.4062500083946361
2019-04-04 14:05:49,-0.20312500419731805
2019-04-04 14:05:50,-0.10156250209865902
2019-04-04 14:05:51,-0.05078125104932951
2019-04-04 14:05:52,-0.025390625524664756
2019-04-04 14:05:53,-0.012695312762332378
2019-04-04 14:05:54,-0.006347656381166189
2019-04-04 14:05:55,-0.0031738281905830945
2019-04-04 14:05:56,-0.0015869140952915473
2019-04-04 14:05:57,-0.0007934570476457736
2019-04-04 14:05:58,-0.0003967285238228868
2019-04-04 14:05:59,-0.0001983642619114434
2019-04-04 14:06:00,-9.91821309557217e-05
2019-04-04 14:06:01,-4.959106547786085e-05
2019-04-04 14:06:02,-2.4795532738930426e-05
2019-04-04 14:06:03,-1.2397766369465213e-05
2019-04-04 14:06:04,-6.1988831847326065e-06
2019-04-04 14:06:05,-3.0994415923663032e-06
2019-04-04 14:06:06,-1.5497207961831516e-06
2019-04-04 14:06:07,-7.748603980915758e-07
2019-04-04 14:06:08,-3.874301990457879e-07
2019-04-04 14:06:09,-1.9371509952289395e-07
2019-04-04 14:06:10,-9.685754976144698e-08
2019-04-04 14:06:11,-4.842877488072349e-08
2019-04-04 14:06:12,-2.4214387440361744e-08
2019-04-04 14:06:13,-1.2107193720180872e-08
2019-04-04 14:06:14,-6.053596860090436e-09
2019-04-04 14:06:15,-3.026798430045218e-09
2019-04-04 14:06:16,-1.513399215022609e-09
2019-04-04 14:06:17,-7.566996075113045e-10
2019-04-04 14:06:18,-3.7834980375565225e-10
2019-04-04 14:06:19,-1.8917490187782613e-10
2019-04-04 14:06:20,-1.5000000000945874
2019-04-04 14:06:21,-0.7500000000472937
2019-04-04 14:06:22,-0.37500000002364686
2019-04-04 14:06:23,-0.18750000001182343
2019-04-04 14:06:24,-0.09375000000591172
2019-04-04 14:06:25,-0.04687500000295586
2019-04-04 14:06:26,-0.02343750000147793
2019-04-04 14:06:27,-0.011718750000738964
2019-04-04 14:06:28,-0.005859375000369482
2019-04-04 14:06:29,-0.002929687500184741
2019-04-04 14:06:30,-0.0014648437500923706
2019-04-04 14:06:31,-0.0007324218750461853
2019-04-04 14:06:32,-0.00036621093752309264
2019-04-04 14:06:33,-0.00018310546876154632
2019-04-04 14:06:34,-9.155273438077316e-05
2019-04-04 14:06:35,-4.577636719038658e-05
2019-04-04 14:06:36,-2.288818359519329e-05
2019-04-04 14:06:37,-1.1444091797596645e-05
2019-04-04 14:06:38,-3.000005722045899
2019-04-04 14:06:39,-1.5000028610229494
2019-04-04 14:06:40,-0.7500014305114747
2019-04-04 14:06:41,-0.8750007152557373
2019-04-04 14:06:42,-0.43750035762786865
2019-04-04 14:06:43,-0.21875017881393433
2019-04-04 14:06:44,-0.10937508940696716
2019-04-04 14:06:45,-0.05468754470348358
2019-04-04 14:06:46,-0.02734377235174179
2019-04-04 14:06:47,-0.013671886175870895
2019-04-04 14:06:48,-0.006835943087935448
2019-04-04 14:06:49,-0.003417971543967724
2019-04-04 14:06:50,-0.001708985771983862
2019-04-04 14:06:51,-0.000854492885991931
2019-04-04 14:06:52,-0.0004272464429959655
2019-04-04 14:06:53,-0.00021362322149798274
2019-04-04 14:06:54,-0.00010681161074899137
2019-04-04 14:06:55,-5.3405805374495685e-05
2019-04-04 14:06:56,-2.6702902687247843e-05
2019-04-04 14:06:57,-1.3351451343623921e-05
2019-04-04 14:06:58,-6.675725671811961e-06
2019-04-04 14:06:59,-3.3378628359059803e-06
2019-04-04 14:07:00,-1.6689314179529902e-06
2019-04-04 14:07:01,-8.344657089764951e-07
2019-04-04 14:07:02,-4.1723285448824754e-07
2019-04-04 14:07:03,-2.0861642724412377e-07
2019-04-04 14:07:04,-1.0430821362206188e-07
2019-04-04 14:07:05,-5.215410681103094e-08
2019-04-04 14:07:06,-2.607705340551547e-08
2019-04-04 14:07:07,-1.3038526702757736e-08
2019-04-04 14:07:08,-6.519263351378868e-09
2019-04-04 14:07:09,-3.259631675689434e-09
2019-04-04 14:07:10,-1.629815837844717e-09
2019-04-04 14:07:11,-8.149079189223585e-10
2019-04-04 14:07:12,-0.500000000407454
2019-04-04 14:07:13,-0.250000000203727
2019-04-04 14:07:14,-0.1250000001018635
2019-04-04 14:07:15,-0.06250000005093174
2019-04-04 14:07:16,-0.03125000002546587
2019-04-04 14:07:17,-0.015625000012732936
2019-04-04 14:07:18,-0.007812500006366468
2019-04-04 14:07:19,-0.003906250003183234
2019-04-04 14:07:20,-0.001953125001591617
2019-04-04 14:07:21,-0.0009765625007958085
2019-04-04 14:07:22,-0.0004882812503979043
2019-04-04 14:07:23,-0.00024414062519895213
2019-04-04 14:07:24,-0.00012207031259947606
2019-04-04 14:07:25,-6.103515629973803e-05
2019-04-04 14:07:26,-3.0517578149869016e-05
2019-04-04 14:07:27,-1.5258789074934508e-05
2019-04-04 14:07:28,-7.629394537467254e-06
2019-04-04 14:07:29,-3.814697268733627e-06
2019-04-04 14:07:30,-1.9073486343668135e-06
2019-04-04 14:07:31,-9.536743171834068e-07
2019-04-04 14:07:32,-4.768371585917034e-07
2019-04-04 14:07:33,-2.384185792958517e-07
2019-04-04 14:07:34,-1.1920928964792584e-07
2019-04-04 14:07:35,-5.960464482396292e-08
2019-04-04 14:07:36,-1.0000000298023224
2019-04-04 14:07:37,-0.5000000149011612
2019-04-04 14:07:38,-0.2500000074505806
2019-04-04 14:07:39,-0.1250000037252903
2019-04-04 14:07:40,-0.06250000186264515
2019-04-04 14:07:41,-0.031250000931322575
2019-04-04 14:07:42,-0.015625000465661287
2019-04-04 14:07:43,-0.007812500232830644
2019-04-04 14:07:44,-0.003906250116415322
2019-04-04 14:07:45,-0.001953125058207661
2019-04-04 14:07:46,-0.0009765625291038305
2019-04-04 14:07:47,-0.0004882812645519152
2019-04-04 14:07:48,-0.0002441406322759576
2019-04-04 14:07:49,-0.0001220703161379788
2019-04-04 14:07:50,-6.10351580689894e-05
2019-04-04 14:07:51,-3.05175790344947e-05
2019-04-04 14:07:52,-1.525878951724735e-05
2019-04-04 14:07:53,-7.629394758623675e-06
2019-04-04 14:07:54,-3.814697379311838e-06
2019-04-04 14:07:55,-1.907348689655919e-06
2019-04-04 14:07:56,-9.536743448279594e-07
2019-04-04 14:07:57,-4.768371724139797e-07
2019-04-04 14:07:58,-2.3841858620698986e-07
2019-04-04 14:07:59,-2.500000119209293
2019-04-04 14:08:00,-1.2500000596046466
2019-04-04 14:08:01,-0.6250000298023233
2019-04-04 14:08:02,-2.3125000149011616
2019-04-04 14:08:03,3.8437499925494194
2019-04-04 14:08:04,1.4218749962747097
2019-04-04 14:08:05,1.7109374981373549
2019-04-04 14:08:06,0.8554687490686774
2019-04-04 14:08:07,0.4277343745343387
2019-04-04 14:08:08,0.21386718726716936
2019-04-04 14:08:09,0.10693359363358468
2019-04-04 14:08:10,0.05346679681679234
2019-04-04 14:08:11,0.02673339840839617
2019-04-04 14:08:12,0.013366699204198085
2019-04-04 14:08:13,0.006683349602099042
2019-04-04 14:08:14,0.003341674801049521
2019-04-04 14:08:15,0.0016708374005247606
2019-04-04 14:08:16,0.0008354187002623803
2019-04-04 14:08:17,0.00041770935013119015
2019-04-04 14:08:18,0.00020885467506559507
2019-04-04 14:08:19,0.00010442733753279754
2019-04-04 14:08:20,5.221366876639877e-05
2019-04-04 14:08:21,2.6106834383199384e-05
2019-04-04 14:08:22,1.3053417191599692e-05
2019-04-04 14:08:23,6.526708595799846e-06
2019-04-04 14:08:24,3.263354297899923e-06
2019-04-04 14:08:25,1.6316771489499615e-06
2019-04-04 14:08:26,8.158385744749808e-07
2019-04-04 14:08:27,4.079192872374904e-07
2019-04-04 14:08:28,2.039596436187452e-07
2019-04-04 14:08:29,1.019798218093726e-07
2019-04-04 14:08:30,-9.499999949010089
2019-04-04 14:08:31,-4.7499999745050445
2019-04-04 14:08:32,-2.3749999872525223
2019-04-04 14:08:33,-1.1874999936262611
2019-04-04 14:08:34,-0.5937499968131306
2019-04-04 14:08:35,-0.2968749984065653
2019-04-04 14:08:36,-0.14843749920328264
2019-04-04 14:08:37,-0.07421874960164132
2019-04-04 14:08:38,-0.03710937480082066
2019-04-04 14:08:39,-0.01855468740041033
2019-04-04 14:08:40,-0.009277343700205165
2019-04-04 14:08:41,-0.0046386718501025825
2019-04-04 14:08:42,-0.0023193359250512913
2019-04-04 14:08:43,-0.0011596679625256456
2019-04-04 14:08:44,-0.0005798339812628228
2019-04-04 14:08:45,-0.0002899169906314114
2019-04-04 14:08:46,-0.0001449584953157057
2019-04-04 14:08:47,-1.0000724792476579
2019-04-04 14:08:48,-0.5000362396238289
2019-04-04 14:08:49,-0.25001811981191446
2019-04-04 14:08:50,-0.12500905990595723
2019-04-04 14:08:51,-0.06250452995297862
2019-04-04 14:08:52,-0.03125226497648931
2019-04-04 14:08:53,-0.015626132488244654
2019-04-04 14:08:54,-0.007813066244122327
2019-04-04 14:08:55,-0.0039065331220611635
2019-04-04 14:08:56,-0.0019532665610305817
2019-04-04 14:08:57,-0.0009766332805152909
2019-04-04 14:08:58,-0.0004883166402576454
2019-04-04 14:08:59,-0.0002441583201288227
2019-04-04 14:09:00,-0.00012207916006441136
2019-04-04 14:09:01,4.499938960419968
2019-04-04 14:09:02,2.249969480209984
2019-04-04 14:09:03,1.124984740104992
2019-04-04 14:09:04,0.562492370052496
2019-04-04 14:09:05,0.281246185026248
2019-04-04 14:09:06,0.140623092513124
2019-04-04 14:09:07,0.070311546256562
2019-04-04 14:09:08,0.035155773128281
2019-04-04 14:09:09,0.0175778865641405
2019-04-04 14:09:10,0.00878894328207025
2019-04-04 14:09:11,0.004394471641035125
2019-04-04 14:09:12,-0.49780276417948244
2019-04-04 14:09:13,-0.24890138208974122
2019-04-04 14:09:14,-0.12445069104487061
2019-04-04 14:09:15,-0.062225345522435305
2019-04-04 14:09:16,-0.031112672761217652
2019-04-04 14:09:17,-0.5155563363806088
2019-04-04 14:09:18,-0.2577781681903044
2019-04-04 14:09:19,-0.1288890840951522
2019-04-04 14:09:20,-0.0644445420475761
2019-04-04 14:09:21,-0.03222227102378805
2019-04-04 14:09:22,-0.016111135511894026
2019-04-04 14:09:23,-0.008055567755947013
2019-04-04 14:09:24,-0.0040277838779735065
2019-04-04 14:09:25,-0.0020138919389867532
2019-04-04 14:09:26,-0.0010069459694933766
2019-04-04 14:09:27,-0.0005034729847466883
2019-04-04 14:09:28,-0.00025173649237334415
2019-04-04 14:09:29,-0.00012586824618667208
2019-04-04 14:09:30,-6.293412309333604e-05
2019-04-04 14:09:31,-3.146706154666802e-05
2019-04-04 14:09:32,-1.573353077333401e-05
2019-04-04 14:09:33,-7.866765386667005e-06
2019-04-04 14:09:34,-3.933382693333502e-06
2019-04-04 14:09:35,-1.966691346666751e-06
2019-04-04 14:09:36,-9.833456733333756e-07
2019-04-04 14:09:37,-4.916728366666878e-07
2019-04-04 14:09:38,-2.458364183333439e-07
2019-04-04 14:09:39,-1.5000001229182092
2019-04-04 14:09:40,-1.7500000614591045
2019-04-04 14:09:41,-0.8750000307295522
2019-04-04 14:09:42,-0.4375000153647761
2019-04-04 14:09:43,-0.21875000768238806
2019-04-04 14:09:44,-0.10937500384119403
2019-04-04 14:09:45,-0.054687501920597015
2019-04-04 14:09:46,-0.027343750960298507
2019-04-04 14:09:47,-0.013671875480149254
2019-04-04 14:09:48,-0.006835937740074627
2019-04-04 14:09:49,-0.0034179688700373134
2019-04-04 14:09:50,-0.0017089844350186567
2019-04-04 14:09:51,-0.0008544922175093284
2019-04-04 14:09:52,-0.0004272461087546642
2019-04-04 14:09:53,-0.0002136230543773321
2019-04-04 14:09:54,-0.00010681152718866604
2019-04-04 14:09:55,-5.340576359433302e-05
2019-04-04 14:09:56,-2.670288179716651e-05
2019-04-04 14:09:57,-1.3351440898583256e-05
2019-04-04 14:09:58,-6.675720449291628e-06
2019-04-04 14:09:59,-3.337860224645814e-06
2019-04-04 14:10:00,-1.668930112322907e-06
2019-04-04 14:10:01,-8.344650561614535e-07
2019-04-04 14:10:02,-4.1723252808072674e-07
2019-04-04 14:10:03,-2.0861626404036337e-07
2019-04-04 14:10:04,-1.0430813202018168e-07
2019-04-04 14:10:05,-5.215406601009084e-08
2019-04-04 14:10:06,-2.607703300504542e-08
2019-04-04 14:10:07,-1.303851650252271e-08
2019-04-04 14:10:08,-3.0000000065192585
2019-04-04 14:10:09,-1.5000000032596292
2019-04-04 14:10:10,0.7499999983701854
2019-04-04 14:10:11,0.3749999991850927
2019-04-04 14:10:12,0.18749999959254635
2019-04-04 14:10:13,0.09374999979627317
2019-04-04 14:10:14,0.046874999898136586
2019-04-04 14:10:15,0.023437499949068293
2019-04-04 14:10:16,-1.9882812500254659
2019-04-04 14:10:17,-0.9941406250127329
2019-04-04 14:10:18,-0.49707031250636646
2019-04-04 14:10:19,-0.24853515625318323
2019-04-04 14:10:20,-0.12426757812659162
2019-04-04 14:10:21,-0.06213378906329581
2019-04-04 14:10:22,-0.031066894531647904
2019-04-04 14:10:23,-0.015533447265823952
2019-04-04 14:10:24,-1.507766723632912
2019-04-04 14:10:25,-0.753883361816456
2019-04-04 14:10:26,-0.376941680908228
2019-04-04 14:10:27,-0.188470840454114
2019-04-04 14:10:28,-0.094235420227057
2019-04-04 14:10:29,-0.0471177101135285
2019-04-04 14:10:30,-0.02355885505676425
2019-04-04 14:10:31,-0.011779427528382125
2019-04-04 14:10:32,-0.005889713764191062
2019-04-04 14:10:33,-0.002944856882095531
2019-04-04 14:10:34,-0.0014724284410477656
2019-04-04 14:10:35,-0.0007362142205238828
2019-04-04 14:10:36,-0.0003681071102619414
2019-04-04 14:10:37,-0.0001840535551309707
2019-04-04 14:10:38,-9.202677756548535e-05
2019-04-04 14:10:39,-4.6013388782742675e-05
2019-04-04 14:10:40,-2.3006694391371338e-05
2019-04-04 14:10:41,-1.1503347195685669e-05
2019-04-04 14:10:42,-5.751673597842834e-06
2019-04-04 14:10:43,-2.875836798921417e-06
2019-04-04 14:10:44,-1.4379183994607086e-06
2019-04-04 14:10:45,-7.189591997303543e-07
2019-04-04 14:10:46,-3.5947959986517715e-07
2019-04-04 14:10:47,-1.7973979993258857e-07
2019-04-04 14:10:48,-8.986989996629429e-08
2019-04-04 14:10:49,-4.4934949983147144e-08
2019-04-04 14:10:50,-2.2467474991573572e-08
2019-04-04 14:10:51,-1.1233737495786786e-08
2019-04-04 14:10:52,-5.616868747893393e-09
2019-04-04 14:10:53,-2.8084343739466965e-09
2019-04-04 14:10:54,-1.4042171869733482e-09
2019-04-04 14:10:55,-7.021085934866741e-10
2019-04-04 14:10:56,-3.5105429674333706e-10
2019-04-04 14:10:57,-1.7552714837166853e-10
2019-04-04 14:10:58,-8.776357418583426e-11
2019-04-04 14:10:59,-4.388178709291713e-11
2019-04-04 14:11:00,1.499999999978059
2019-04-04 14:11:01,0.24999999998902955
2019-04-04 14:11:02,0.12499999999451478
2019-04-04 14:11:03,0.06249999999725739
2019-04-04 14:11:04,0.031249999998628694
2019-04-04 14:11:05,0.015624999999314347
2019-04-04 14:11:06,0.0078124999996571735
2019-04-04 14:11:07,0.0039062499998285868
2019-04-04 14:11:08,0.0019531249999142934
2019-04-04 14:11:09,0.0009765624999571467
2019-04-04 14:11:10,0.00048828124997857335
2019-04-04 14:11:11,0.00024414062498928667
2019-04-04 14:11:12,0.00012207031249464334
2019-04-04 14:11:13,6.103515624732167e-05
2019-04-04 14:11:14,3.0517578123660834e-05
2019-04-04 14:11:15,5.000015258789062
2019-04-04 14:11:16,2.500007629394531
2019-04-04 14:11:17,1.2500038146972654
2019-04-04 14:11:18,0.6250019073486327
2019-04-04 14:11:19,0.31250095367431635
2019-04-04 14:11:20,0.15625047683715818
2019-04-04 14:11:21,0.07812523841857909
2019-04-04 14:11:22,0.039062619209289544
2019-04-04 14:11:23,0.019531309604644772
2019-04-04 14:11:24,0.009765654802322386
2019-04-04 14:11:25,0.004882827401161193
2019-04-04 14:11:26,0.0024414137005805965
2019-04-04 14:11:27,0.0012207068502902982
2019-04-04 14:11:28,0.0006103534251451491
2019-04-04 14:11:29,0.00030517671257257456
2019-04-04 14:11:30,0.00015258835628628728
2019-04-04 14:11:31,7.629417814314364e-05
2019-04-04 14:11:32,3.814708907157182e-05
2019-04-04 14:11:33,1.907354453578591e-05
2019-04-04 14:11:34,9.536772267892955e-06
2019-04-04 14:11:35,4.7683861339464775e-06
2019-04-04 14:11:36,-1.999997615806933
2019-04-04 14:11:37,-0.9999988079034665
2019-04-04 14:11:38,-0.49999940395173326
2019-04-04 14:11:39,-0.24999970197586663
2019-04-04 14:11:40,-0.12499985098793331
2019-04-04 14:11:41,-0.06249992549396666
2019-04-04 14:11:42,-0.03124996274698333
2019-04-04 14:11:43,-0.015624981373491664
2019-04-04 14:11:44,-0.007812490686745832
2019-04-04 14:11:45,-0.003906245343372916
2019-04-04 14:11:46,-0.001953122671686458
2019-04-04 14:11:47,-0.000976561335843229
2019-04-04 14:11:48,-0.0004882806679216145
2019-04-04 14:11:49,-0.00024414033396080725
2019-04-04 14:11:50,-0.00012207016698040363
2019-04-04 14:11:51,-6.1035083490201814e-05
2019-04-04 14:11:52,-3.0517541745100907e-05
2019-04-04 14:11:53,-1.5258770872550453e-05
2019-04-04 14:11:54,-7.629385436275227e-06
2019-04-04 14:11:55,-3.8146927181376133e-06
2019-04-04 14:11:56,-1.9073463590688067e-06
2019-04-04 14:11:57,-1.5000009536731795
2019-04-04 14:11:58,-0.7500004768365898
2019-04-04 14:11:59,-0.3750002384182949
2019-04-04 14:12:00,-0.18750011920914744
2019-04-04 14:12:01,-0.09375005960457372
2019-04-04 14:12:02,-0.04687502980228686
2019-04-04 14:12:03,-0.02343751490114343
2019-04-04 14:12:04,-0.011718757450571715
2019-04-04 14:12:05,-0.005859378725285858
2019-04-04 14:12:06,-0.002929689362642929
2019-04-04 14:12:07,-0.0014648446813214644
2019-04-04 14:12:08,-0.0007324223406607322
2019-04-04 14:12:09,-1.0003662111703304
2019-04-04 14:12:10,-0.5001831055851652
2019-04-04 14:12:11,-0.2500915527925826
2019-04-04 14:12:12,-0.1250457763962913
2019-04-04 14:12:13,-0.06252288819814565
2019-04-04 14:12:14,-0.031261444099072826
2019-04-04 14:12:15,-4.515630722049536
2019-04-04 14:12:16,-2.257815361024768
2019-04-04 14:12:17,-1.128907680512384
2019-04-04 14:12:18,-0.564453840256192
2019-04-04 14:12:19,-0.282226920128096
2019-04-04 14:12:20,-0.141113460064048
2019-04-04 14:12:21,-0.070556730032024
2019-04-04 14:12:22,-0.035278365016012
2019-04-04 14:12:23,-0.017639182508006
2019-04-04 14:12:24,-0.008819591254003
2019-04-04 14:12:25,-0.0044097956270015
2019-04-04 14:12:26,-0.00220489781350075
2019-04-04 14:12:27,-0.001102448906750375
2019-04-04 14:12:28,-0.0005512244533751876
2019-04-04 14:12:29,-0.0002756122266875938
2019-04-04 14:12:30,-0.0001378061133437969
2019-04-04 14:12:31,-6.890305667189844e-05
2019-04-04 14:12:32,-3.445152833594922e-05
2019-04-04 14:12:33,-1.722576416797461e-05
2019-04-04 14:12:34,-8.612882083987305e-06
2019-04-04 14:12:35,-4.306441041993653e-06
2019-04-04 14:12:36,-3.000002153220521
2019-04-04 14:12:37,-1.5000010766102605
2019-04-04 14:12:38,-0.7500005383051302
2019-04-04 14:12:39,-0.3750002691525651
2019-04-04 14:12:40,-0.6875001345762826
2019-04-04 14:12:41,-0.3437500672881413
2019-04-04 14:12:42,-0.17187503364407064
2019-04-04 14:12:43,-0.08593751682203532
2019-04-04 14:12:44,-0.04296875841101766
2019-04-04 14:12:45,-0.02148437920550883
2019-04-04 14:12:46,-0.010742189602754415
2019-04-04 14:12:47,-0.0053710948013772075
2019-04-04 14:12:48,-0.0026855474006886038
2019-04-04 14:12:49,-0.0013427737003443019
2019-04-04 14:12:50,-0.0006713868501721509
2019-04-04 14:12:51,-0.00033569342508607547
2019-04-04 14:12:52,-0.00016784671254303773
2019-04-04 14:12:53,-8.392335627151887e-05
2019-04-04 14:12:54,-4.1961678135759434e-05
2019-04-04 14:12:55,-2.0980839067879717e-05
2019-04-04 14:12:56,6.999989509580466
2019-04-04 14:12:57,3.499994754790233
2019-04-04 14:12:58,1.7499973773951165
2019-04-04 14:12:59,0.8749986886975583
2019-04-04 14:13:00,0.43749934434877913
2019-04-04 14:13:01,0.21874967217438956
2019-04-04 14:13:02,-1.390625163912805
2019-04-04 14:13:03,-0.6953125819564026
2019-04-04 14:13:04,-0.3476562909782013
2019-04-04 14:13:05,-0.17382814548910064
2019-04-04 14:13:06,-0.08691407274455032
2019-04-04 14:13:07,-0.04345703637227516
2019-04-04 14:13:08,-0.02172851818613758
2019-04-04 14:13:09,-0.01086425909306879
2019-04-04 14:13:10,-0.005432129546534395
2019-04-04 14:13:11,-0.0027160647732671975
2019-04-04 14:13:12,-0.0013580323866335987
2019-04-04 14:13:13,-0.0006790161933167994
2019-04-04 14:13:14,-0.0003395080966583997
2019-04-04 14:13:15,-0.00016975404832919984
2019-04-04 14:13:16,-8.487702416459992e-05
2019-04-04 14:13:17,-4.243851208229996e-05
2019-04-04 14:13:18,-2.121925604114998e-05
2019-04-04 14:13:19,-1.060962802057499e-05
2019-04-04 14:13:20,-5.304814010287495e-06
2019-04-04 14:13:21,-2.6524070051437475e-06
2019-04-04 14:13:22,-1.3262035025718738e-06
2019-04-04 14:13:23,-6.631017512859369e-07
2019-04-04 14:13:24,-3.3155087564296844e-07
2019-04-04 14:13:25,-1.6577543782148422e-07
2019-04-04 14:13:26,-8.288771891074211e-08
2019-04-04 14:13:27,-4.1443859455371055e-08
2019-04-04 14:13:28,-2.0721929727685528e-08
2019-04-04 14:13:29,-1.0360964863842764e-08
2019-04-04 14:13:30,-5.500000005180483
2019-04-04 14:13:31,-2.7500000025902414
2019-04-04 14:13:32,5.6249999987048795
2019-04-04 14:13:33,2.8124999993524398
2019-04-04 14:13:34,1.4062499996762199
2019-04-04 14:13:35,1.20312499983811
2019-04-04 14:13:36,0.601562499919055
2019-04-04 14:13:37,0.3007812499595275
2019-04-04 14:13:38,0.15039062497976374
2019-04-04 14:13:39,0.07519531248988187
2019-04-04 14:13:40,0.037597656244940936
2019-04-04 14:13:41,0.018798828122470468
2019-04-04 14:13:42,0.009399414061235234
2019-04-04 14:13:43,0.004699707030617617
2019-04-04 14:13:44,-0.4976501464846912
2019-04-04 14:13:45,-0.2488250732423456
2019-04-04 14:13:46,-0.1244125366211728
2019-04-04 14:13:47,-0.0622062683105864
2019-04-04 14:13:48,-0.0311031341552932
2019-04-04 14:13:49,-0.0155515670776466
2019-04-04 14:13:50,-0.0077757835388233
2019-04-04 14:13:51,-0.00388789176941165
2019-04-04 14:13:52,-0.001943945884705825
2019-04-04 14:13:53,-0.0009719729423529125
2019-04-04 14:13:54,-0.00048598647117645624
2019-04-04 14:13:55,-0.00024299323558822812
2019-04-04 14:13:56,-0.00012149661779411406
2019-04-04 14:13:57,-6.074830889705703e-05
2019-04-04 14:13:58,-3.0374154448528515e-05
2019-04-04 14:13:59,-1.5187077224264258e-05
2019-04-04 14:14:00,-7.593538612132129e-06
2019-04-04 14:14:01,0.49999620323069394
2019-04-04 14:14:02,0.24999810161534697
2019-04-04 14:14:03,0.12499905080767348
2019-04-04 14:14:04,0.06249952540383674
2019-04-04 14:14:05,-0.9687502372980816
2019-04-04 14:14:06,-0.4843751186490408
2019-04-04 14:14:07,-0.2421875593245204
2019-04-04 14:14:08,-0.1210937796622602
2019-04-04 14:14:09,-0.0605468898311301
2019-04-04 14:14:10,-0.03027344491556505
2019-04-04 14:14:11,-0.015136722457782525
2019-04-04 14:14:12,-0.007568361228891263
2019-04-04 14:14:13,-0.0037841806144456314
2019-04-04 14:14:14,-0.0018920903072228157
2019-04-04 14:14:15,-0.0009460451536114078
2019-04-04 14:14:16,-0.0004730225768057039
2019-04-04 14:14:17,-0.00023651128840285196
2019-04-04 14:14:18,-0.00011825564420142598
2019-04-04 14:14:19,-5.912782210071299e-05
2019-04-04 14:14:20,-2.9563911050356495e-05
2019-04-04 14:14:21,-1.4781955525178248e-05
2019-04-04 14:14:22,-7.390977762589124e-06
2019-04-04 14:14:23,-3.695488881294562e-06
2019-04-04 14:14:24,-1.847744440647281e-06
2019-04-04 14:14:25,-9.238722203236405e-07
2019-04-04 14:14:26,-4.6193611016182023e-07
2019-04-04 14:14:27,-2.3096805508091012e-07
2019-04-04 14:14:28,-1.1548402754045506e-07
2019-04-04 14:14:29,-5.774201377022753e-08
2019-04-04 14:14:30,-2.8871006885113765e-08
2019-04-04 14:14:31,-1.4435503442556882e-08
2019-04-04 14:14:32,-7.217751721278441e-09
2019-04-04 14:14:33,-3.6088758606392206e-09
2019-04-04 14:14:34,-1.8044379303196103e-09
2019-04-04 14:14:35,-9.022189651598051e-10
2019-04-04 14:14:36,-4.5110948257990257e-10
2019-04-04 14:14:37,-2.2555474128995129e-10
2019-04-04 14:14:38,-1.1277737064497564e-10
2019-04-04 14:14:39,-5.638868532248782e-11
2019-04-04 14:14:40,-2.819434266124391e-11
2019-04-04 14:14:41,-1.4097171330621955e-11
2019-04-04 14:14:42,-7.048585665310978e-12
2019-04-04 14:14:43,-3.524292832655489e-12
2019-04-04 14:14:44,2.999999999998238
2019-04-04 14:14:45,1.999999999999119
2019-04-04 14:14:46,0.49999999999955946
2019-04-04 14:14:47,0.24999999999977973
2019-04-04 14:14:48,-0.8750000000001101
2019-04-04 14:14:49,-0.43750000000005507
2019-04-04 14:14:50,-3.2187500000000275
2019-04-04 14:14:51,-1.6093750000000138
2019-04-04 14:14:52,-0.8046875000000069
2019-04-04 14:14:53,-0.40234375000000344
2019-04-04 14:14:54,-0.20117187500000172
2019-04-04 14:14:55,-0.10058593750000086
2019-04-04 14:14:56,-0.05029296875000043
2019-04-04 14:14:57,-0.025146484375000215
2019-04-04 14:14:58,-0.012573242187500108
2019-04-04 14:14:59,-0.006286621093750054
2019-04-04 14:15:00,-0.003143310546875027
2019-04-04 14:15:01,-0.0015716552734375134
2019-04-04 14:15:02,-0.0007858276367187567
2019-04-04 14:15:03,-0.00039291381835937836
2019-04-04 14:15:04,-0.00019645690917968918
2019-04-04 14:15:05,-9.822845458984459e-05
2019-04-04 14:15:06,-4.9114227294922295e-05
2019-04-04 14:15:07,-2.4557113647461148e-05
2019-04-04 14:15:08,-1.2278556823730574e-05
2019-04-04 14:15:09,-6.139278411865287e-06
2019-04-04 14:15:10,-3.0696392059326434e-06
2019-04-04 14:15:11,-1.5348196029663217e-06
2019-04-04 14:15:12,-7.674098014831609e-07
2019-04-04 14:15:13,-3.8370490074158043e-07
2019-04-04 14:15:14,-1.9185245037079022e-07
2019-04-04 14:15:15,-9.592622518539511e-08
2019-04-04 14:15:16,-4.7963112592697554e-08
2019-04-04 14:15:17,4.499999976018444
2019-04-04 14:15:18,2.249999988009222
2019-04-04 14:15:19,1.124999994004611
2019-04-04 14:15:20,-0.43750000299769454
2019-04-04 14:15:21,-2.7187500014988473
2019-04-04 14:15:22,-1.3593750007494236
2019-04-04 14:15:23,-1.6796875003747118
2019-04-04 14:15:24,-0.8398437501873559
2019-04-04 14:15:25,-0.919921875093678
2019-04-04 14:15:26,-0.459960937546839
2019-04-04 14:15:27,-0.2299804687734195
2019-04-04 14:15:28,-0.11499023438670974
2019-04-04 14:15:29,-0.05749511719335487
2019-04-04 14:15:30,-0.028747558596677436
2019-04-04 14:15:31,-0.014373779298338718
2019-04-04 14:15:32,-0.007186889649169359
2019-04-04 14:15:33,-0.0035934448245846795
2019-04-04 14:15:34,-0.0017967224122923398
2019-04-04 14:15:35,-0.0008983612061461699
2019-04-04 14:15:36,-0.00044918060307308494
2019-04-04 14:15:37,-0.00022459030153654247
2019-04-04 14:15:38,4.999887704849232
2019-04-04 14:15:39,2.499943852424616
2019-04-04 14:15:40,1.249971926212308
2019-04-04 14:15:41,0.624985963106154
2019-04-04 14:15:42,0.312492981553077
2019-04-04 14:15:43,0.1562464907765385
2019-04-04 14:15:44,0.07812324538826924
2019-04-04 14:15:45,0.03906162269413462
2019-04-04 14:15:46,0.01953081134706731
2019-04-04 14:15:47,0.009765405673533656
2019-04-04 14:15:48,0.004882702836766828
2019-04-04 14:15:49,0.002441351418383414
2019-04-04 14:15:50,0.001220675709191707
2019-04-04 14:15:51,0.0006103378545958535
2019-04-04 14:15:52,0.00030516892729792673
2019-04-04 14:15:53,0.00015258446364896337
2019-04-04 14:15:54,0.5000762922318245
2019-04-04 14:15:55,0.25003814611591224
2019-04-04 14:15:56,0.12501907305795612
2019-04-04 14:15:57,0.06250953652897806
2019-04-04 14:15:58,0.03125476826448903
2019-04-04 14:15:59,0.015627384132244515
2019-04-04 14:16:00,0.007813692066122258
2019-04-04 14:16:01,0.003906846033061129
2019-04-04 14:16:02,0.0019534230165305644
2019-04-04 14:16:03,0.0009767115082652822
2019-04-04 14:16:04,0.0004883557541326411
2019-04-04 14:16:05,0.00024417787706632055
2019-04-04 14:16:06,0.00012208893853316027
2019-04-04 14:16:07,-0.9999389555307334
2019-04-04 14:16:08,-0.4999694777653667
2019-04-04 14:16:09,-0.24998473888268335
2019-04-04 14:16:10,-0.12499236944134168
2019-04-04 14:16:11,-0.06249618472067084
2019-04-04 14:16:12,-0.03124809236033542
2019-04-04 14:16:13,-0.01562404618016771
2019-04-04 14:16:14,-0.007812023090083855
2019-04-04 14:16:15,-0.0039060115450419274
2019-04-04 14:16:16,-0.0019530057725209637
2019-04-04 14:16:17,-0.0009765028862604819
2019-04-04 14:16:18,-0.00048825144313024093
2019-04-04 14:16:19,-0.00024412572156512046
2019-04-04 14:16:20,-0.00012206286078256023
2019-04-04 14:16:21,-6.1031430391280116e-05
2019-04-04 14:16:22,-3.0515715195640058e-05
2019-04-04 14:16:23,-1.5257857597820029e-05
2019-04-04 14:16:24,-7.6289287989100145e-06
2019-04-04 14:16:25,-3.8144643994550072e-06
2019-04-04 14:16:26,-1.9072321997275036e-06
2019-04-04 14:16:27,-9.536160998637518e-07
2019-04-04 14:16:28,-4.768080499318759e-07
2019-04-04 14:16:29,-2.3840402496593795e-07
2019-04-04 14:16:30,-1.1920201248296898e-07
2019-04-04 14:16:31,-5.960100624148449e-08
2019-04-04 14:16:32,-2.9800503120742244e-08
2019-04-04 14:16:33,-1.4900251560371122e-08
2019-04-04 14:16:34,-3.000000007450126
2019-04-04 14:16:35,-1.500000003725063
2019-04-04 14:16:36,-0.7500000018625315
2019-04-04 14:16:37,-0.37500000093126573
2019-04-04 14:16:38,-0.18750000046563287
2019-04-04 14:16:39,-0.09375000023281643
2019-04-04 14:16:40,-0.046875000116408216
2019-04-04 14:16:41,-0.023437500058204108
2019-04-04 14:16:42,-0.011718750029102054
2019-04-04 14:16:43,-0.005859375014551027
2019-04-04 14:16:44,-0.0029296875072755135
2019-04-04 14:16:45,-0.0014648437536377568
2019-04-04 14:16:46,-0.0007324218768188784
2019-04-04 14:16:47,-0.0003662109384094392
2019-04-04 14:16:48,-0.0001831054692047196
2019-04-04 14:16:49,-9.15527346023598e-05
2019-04-04 14:16:50,-4.57763673011799e-05
2019-04-04 14:16:51,-2.288818365058995e-05
2019-04-04 14:16:52,-1.1444091825294975e-05
2019-04-04 14:16:53,-5.722045912647487e-06
2019-04-04 14:16:54,-2.8610229563237437e-06
2019-04-04 14:16:55,-1.4305114781618718e-06
2019-04-04 14:16:56,-7.152557390809359e-07
2019-04-04 14:16:57,-3.5762786954046796e-07
2019-04-04 14:16:58,-1.7881393477023398e-07
2019-04-04 14:16:59,-8.940696738511699e-08
2019-04-04 14:17:00,-4.4703483692558495e-08
2019-04-04 14:17:01,-2.2351741846279247e-08
2019-04-04 14:17:02,-1.1175870923139624e-08
2019-04-04 14:17:03,-5.587935461569812e-09
2019-04-04 14:17:04,-2.793967730784906e-09
2019-04-04 14:17:05,-1.396983865392453e-09
2019-04-04 14:17:06,-6.984919326962265e-10
2019-04-04 14:17:07,-3.4924596634811324e-10
2019-04-04 14:17:08,0.499999999825377
2019-04-04 14:17:09,0.2499999999126885
2019-04-04 14:17:10,0.12499999995634425
2019-04-04 14:17:11,0.06249999997817213
2019-04-04 14:17:12,0.031249999989086064
2019-04-04 14:17:13,0.015624999994543032
2019-04-04 14:17:14,0.007812499997271516
2019-04-04 14:17:15,0.003906249998635758
2019-04-04 14:17:16,2.501953124999318
2019-04-04 14:17:17,1.250976562499659
2019-04-04 14:17:18,0.6254882812498295
2019-04-04 14:17:19,0.31274414062491473
2019-04-04 14:17:20,0.15637207031245737
2019-04-04 14:17:21,0.07818603515622868
2019-04-04 14:17:22,0.03909301757811434
2019-04-04 14:17:23,0.01954650878905717
2019-04-04 14:17:24,0.009773254394528585
2019-04-04 14:17:25,0.004886627197264293
2019-04-04 14:17:26,0.0024433135986321464
2019-04-04 14:17:27,0.0012216567993160732
2019-04-04 14:17:28,0.0006108283996580366
2019-04-04 14:17:29,0.0003054141998290183
2019-04-04 14:17:30,0.00015270709991450915
2019-04-04 14:17:31,7.635354995725457e-05
2019-04-04 14:17:32,3.817677497862729e-05
2019-04-04 14:17:33,1.9088387489313643e-05
2019-04-04 14:17:34,9.544193744656822e-06
2019-04-04 14:17:35,4.772096872328411e-06
2019-04-04 14:17:36,2.3860484361642054e-06
2019-04-04 14:17:37,1.1930242180821027e-06
2019-04-04 14:17:38,5.965121090410514e-07
2019-04-04 14:17:39,2.982560545205257e-07
2019-04-04 14:17:40,1.4912802726026284e-07
2019-04-04 14:17:41,7.456401363013142e-08
2019-04-04 14:17:42,0.5000000372820068
2019-04-04 14:17:43,0.2500000186410034
2019-04-04 14:17:44,0.1250000093205017
2019-04-04 14:17:45,0.06250000466025085
2019-04-04 14:17:46,0.031250002330125426
2019-04-04 14:17:47,0.015625001165062713
2019-04-04 14:17:48,0.007812500582531356
2019-04-04 14:17:49,0.003906250291265678
2019-04-04 14:17:50,0.001953125145632839
2019-04-04 14:17:51,0.0009765625728164196
2019-04-04 14:17:52,0.0004882812864082098
2019-04-04 14:17:53,0.0002441406432041049
2019-04-04 14:17:54,0.00012207032160205245
2019-04-04 14:17:55,6.103516080102622e-05
2019-04-04 14:17:56,3.051758040051311e-05
2019-04-04 14:17:57,1.5258790200256556e-05
2019-04-04 14:17:58,7.629395100128278e-06
2019-04-04 14:17:59,3.814697550064139e-06
2019-04-04 14:18:00,-0.49999809265122497
2019-04-04 14:18:01,-0.24999904632561248
2019-04-04 14:18:02,-0.12499952316280624
2019-04-04 14:18:03,-0.06249976158140312
2019-04-04 14:18:04,-0.03124988079070156
2019-04-04 14:18:05,-0.01562494039535078
2019-04-04 14:18:06,-2.0078124701976754
2019-04-04 14:18:07,-1.0039062350988377
2019-04-04 14:18:08,-0.5019531175494188
2019-04-04 14:18:09,-0.2509765587747094
2019-04-04 14:18:10,-0.1254882793873547
2019-04-04 14:18:11,-0.06274413969367736
2019-04-04 14:18:12,-0.03137206984683868
2019-04-04 14:18:13,-0.01568603492341934
2019-04-04 14:18:14,-0.00784301746170967
2019-04-04 14:18:15,-0.003921508730854835
2019-04-04 14:18:16,-0.0019607543654274174
2019-04-04 14:18:17,-0.0009803771827137087
2019-04-04 14:18:18,-0.0004901885913568543
2019-04-04 14:18:19,-0.00024509429567842717
2019-04-04 14:18:20,-0.00012254714783921359
2019-04-04 14:18:21,-6.127357391960679e-05
2019-04-04 14:18:22,-3.0636786959803396e-05
2019-04-04 14:18:23,-1.5318393479901698e-05
2019-04-04 14:18:24,-7.659196739950849e-06
2019-04-04 14:18:25,-3.8295983699754246e-06
2019-04-04 14:18:26,1.499998085200815
2019-04-04 14:18:27,0.7499990426004075
2019-04-04 14:18:28,0.37499952130020375
2019-04-04 14:18:29,0.18749976065010188
2019-04-04 14:18:30,0.09374988032505094
2019-04-04 14:18:31,0.04687494016252547
2019-04-04 14:18:32,0.023437470081262735
2019-04-04 14:18:33,0.011718735040631367
2019-04-04 14:18:34,-0.9941406324796843
2019-04-04 14:18:35,-0.49707031623984216
2019-04-04 14:18:36,-0.24853515811992108
2019-04-04 14:18:37,-0.12426757905996054
2019-04-04 14:18:38,-0.06213378952998027
2019-04-04 14:18:39,-0.031066894764990135
2019-04-04 14:18:40,-0.015533447382495067
2019-04-04 14:18:41,-0.007766723691247534
2019-04-04 14:18:42,-0.003883361845623767
2019-04-04 14:18:43,-0.0019416809228118834
2019-04-04 14:18:44,-0.0009708404614059417
2019-04-04 14:18:45,-0.00048542023070297086
2019-04-04 14:18:46,-0.00024271011535148543
2019-04-04 14:18:47,-0.00012135505767574271
2019-04-04 14:18:48,-6.067752883787136e-05
2019-04-04 14:18:49,-3.033876441893568e-05
2019-04-04 14:18:50,-1.516938220946784e-05
2019-04-04 14:18:51,-7.58469110473392e-06
2019-04-04 14:18:52,-3.79234555236696e-06
2019-04-04 14:18:53,-1.89617277618348e-06
2019-04-04 14:18:54,-9.4808638809174e-07
2019-04-04 14:18:55,-4.7404319404587e-07
2019-04-04 14:18:56,-2.37021597022935e-07
2019-04-04 14:18:57,-1.185107985114675e-07
2019-04-04 14:18:58,-5.925539925573375e-08
2019-04-04 14:18:59,-2.9627699627866874e-08
2019-04-04 14:19:00,-1.4813849813933437e-08
2019-04-04 14:19:01,-7.406924906966718e-09
2019-04-04 14:19:02,-3.703462453483359e-09
2019-04-04 14:19:03,-1.8517312267416796e-09
2019-04-04 14:19:04,-9.258656133708398e-10
2019-04-04 14:19:05,-4.629328066854199e-10
2019-04-04 14:19:06,-2.3146640334270995e-10
2019-04-04 14:19:07,-1.1573320167135498e-10
2019-04-04 14:19:08,-5.786660083567749e-11
2019-04-04 14:19:09,-2.8933300417838744e-11
2019-04-04 14:19:10,0.49999999998553335
2019-04-04 14:19:11,0.24999999999276667
2019-04-04 14:19:12,0.12499999999638334
2019-04-04 14:19:13,0.06249999999819167
2019-04-04 14:19:14,0.031249999999095834
2019-04-04 14:19:15,0.015624999999547917
2019-04-04 14:19:16,0.007812499999773959
2019-04-04 14:19:17,0.0039062499998869793
2019-04-04 14:19:18,0.0019531249999434896
2019-04-04 14:19:19,0.0009765624999717448
2019-04-04 14:19:20,1.0004882812499858
2019-04-04 14:19:21,0.5002441406249929
2019-04-04 14:19:22,0.25012207031249645
2019-04-04 14:19:23,0.12506103515624822
2019-04-04 14:19:24,0.06253051757812411
2019-04-04 14:19:25,0.031265258789062056
2019-04-04 14:19:26,0.015632629394531028
2019-04-04 14:19:27,0.007816314697265514
2019-04-04 14:19:28,0.003908157348632757
2019-04-04 14:19:29,0.0019540786743163785
2019-04-04 14:19:30,0.0009770393371581892
2019-04-04 14:19:31,0.0004885196685790946
2019-04-04 14:19:32,0.0002442598342895473
2019-04-04 14:19:33,0.00012212991714477366
2019-04-04 14:19:34,6.106495857238683e-05
2019-04-04 14:19:35,3.0532479286193414e-05
2019-04-04 14:19:36,1.5266239643096707e-05
2019-04-04 14:19:37,7.633119821548353e-06
2019-04-04 14:19:38,3.816559910774177e-06
2019-04-04 14:19:39,1.9082799553870884e-06
2019-04-04 14:19:40,9.541399776935442e-07
2019-04-04 14:19:41,4.770699888467721e-07
2019-04-04 14:19:42,2.3853499442338605e-07
2019-04-04 14:19:43,1.1926749721169302e-07
2019-04-04 14:19:44,5.963374860584651e-08
2019-04-04 14:19:45,2.9816874302923256e-08
2019-04-04 14:19:46,1.4908437151461628e-08
2019-04-04 14:19:47,7.454218575730814e-09
2019-04-04 14:19:48,3.727109287865407e-09
2019-04-04 14:19:49,1.8635546439327035e-09
2019-04-04 14:19:50,9.317773219663517e-10
2019-04-04 14:19:51,4.658886609831759e-10
2019-04-04 14:19:52,2.3294433049158794e-10
2019-04-04 14:19:53,1.1647216524579397e-10
2019-04-04 14:19:54,5.823608262289698e-11
2019-04-04 14:19:55,2.911804131144849e-11
2019-04-04 14:19:56,1.4559020655724246e-11
2019-04-04 14:19:57,7.279510327862123e-12
2019-04-04 14:19:58,3.6397551639310615e-12
2019-04-04 14:19:59,1.8198775819655308e-12
2019-04-04 14:20:00,9.099387909827654e-13
2019-04-04 14:20:01,4.549693954913827e-13
2019-04-04 14:20:02,2.2748469774569134e-13
2019-04-04 14:20:03,1.1374234887284567e-13
2019-04-04 14:20:04,5.687117443642284e-14
2019-04-04 14:20:05,2.843558721821142e-14
2019-04-04 14:20:06,1.421779360910571e-14
2019-04-04 14:20:07,7.108896804552854e-15
2019-04-04 14:20:08,3.554448402276427e-15
2019-04-04 14:20:09,1.7772242011382136e-15
2019-04-04 14:20:10,8.886121005691068e-16
2019-04-04 14:20:11,4.443060502845534e-16
2019-04-04 14:20:12,2.221530251422767e-16
2019-04-04 14:20:13,1.1107651257113835e-16
2019-04-04 14:20:14,0.5000000000000001
2019-04-04 14:20:15,0.25000000000000006
2019-04-04 14:20:16,0.12500000000000003
2019-04-04 14:20:17,0.06250000000000001
2019-04-04 14:20:18,0.03125000000000001
2019-04-04 14:20:19,0.015625000000000003
2019-04-04 14:20:20,0.007812500000000002
2019-04-04 14:20:21,0.003906250000000001
2019-04-04 14:20:22,0.501953125
2019-04-04 14:20:23,0.2509765625
2019-04-04 14:20:24,0.12548828125
2019-04-04 14:20:25,0.062744140625
2019-04-04 14:20:26,0.0313720703125
2019-04-04 14:20:27,0.01568603515625
2019-04-04 14:20:28,0.007843017578125
2019-04-04 14:20:29,0.0039215087890625
2019-04-04 14:20:30,0.00196075439453125
2019-04-04 14:20:31,0.000980377197265625
2019-04-04 14:20:32,0.0004901885986328125
2019-04-04 14:20:33,0.00024509429931640625
2019-04-04 14:20:34,0.00012254714965820312
2019-04-04 14:20:35,6.127357482910156e-05
2019-04-04 14:20:36,3.063678741455078e-05
2019-04-04 14:20:37,1.531839370727539e-05
2019-04-04 14:20:38,7.659196853637695e-06
2019-04-04 14:20:39,-5.999996170401573
2019-04-04 14:20:40,-2.9999980852007866
2019-04-04 14:20:41,-1.4999990426003933
2019-04-04 14:20:42,-0.7499995213001966
2019-04-04 14:20:43,-0.3749997606500983
2019-04-04 14:20:44,-0.18749988032504916
2019-04-04 14:20:45,-0.09374994016252458
2019-04-04 14:20:46,-0.04687497008126229
2019-04-04 14:20:47,-0.023437485040631145
2019-04-04 14:20:48,-0.011718742520315573
2019-04-04 14:20:49,-4.505859371260158
2019-04-04 14:20:50,-6.252929685630079
2019-04-04 14:20:51,-2.6264648428150394
2019-04-04 14:20:52,-1.3132324214075197
2019-04-04 14:20:53,-0.6566162107037599
2019-04-04 14:20:54,-0.32830810535187993
2019-04-04 14:20:55,-0.16415405267593997
2019-04-04 14:20:56,-0.08207702633796998
2019-04-04 14:20:57,-0.04103851316898499
2019-04-04 14:20:58,-0.020519256584492496
2019-04-04 14:20:59,-0.010259628292246248
2019-04-04 14:21:00,-0.005129814146123124
2019-04-04 14:21:01,-0.002564907073061562
2019-04-04 14:21:02,-0.001282453536530781
2019-04-04 14:21:03,-0.0006412267682653905
2019-04-04 14:21:04,-0.00032061338413269524
2019-04-04 14:21:05,-0.00016030669206634762
2019-04-04 14:21:06,-8.015334603317381e-05
2019-04-04 14:21:07,-4.0076673016586906e-05
2019-04-04 14:21:08,-2.0038336508293453e-05
2019-04-04 14:21:09,-1.0019168254146726e-05
2019-04-04 14:21:10,-5.009584127073363e-06
2019-04-04 14:21:11,-2.5047920635366816e-06
2019-04-04 14:21:12,-1.2523960317683408e-06
2019-04-04 14:21:13,-6.261980158841704e-07
2019-04-04 14:21:14,-3.130990079420852e-07
2019-04-04 14:21:15,-1.565495039710426e-07
2019-04-04 14:21:16,-7.82747519855213e-08
2019-04-04 14:21:17,-3.913737599276065e-08
2019-04-04 14:21:18,-1.9568687996380325e-08
2019-04-04 14:21:19,-9.784343998190163e-09
2019-04-04 14:21:20,-4.892171999095081e-09
2019-04-04 14:21:21,1.999999997553914
2019-04-04 14:21:22,0.999999998776957
2019-04-04 14:21:23,0.4999999993884785
2019-04-04 14:21:24,0.24999999969423925
2019-04-04 14:21:25,0.12499999984711962
2019-04-04 14:21:26,0.06249999992355981
2019-04-04 14:21:27,0.031249999961779906
2019-04-04 14:21:28,0.015624999980889953
2019-04-04 14:21:29,0.0078124999904449766
2019-04-04 14:21:30,0.0039062499952224883
2019-04-04 14:21:31,0.0019531249976112441
2019-04-04 14:21:32,0.0009765624988056221
2019-04-04 14:21:33,0.00048828124940281104
2019-04-04 14:21:34,0.00024414062470140552
2019-04-04 14:21:35,0.00012207031235070276
2019-04-04 14:21:36,6.103515617535138e-05
2019-04-04 14:21:37,3.051757808767569e-05
2019-04-04 14:21:38,1.5258789043837845e-05
2019-04-04 14:21:39,7.629394521918922e-06
2019-04-04 14:21:40,3.814697260959461e-06
2019-04-04 14:21:41,1.9073486304797306e-06
2019-04-04 14:21:42,9.536743152398653e-07
2019-04-04 14:21:43,4.500000476837157
2019-04-04 14:21:44,2.2500002384185787
2019-04-04 14:21:45,1.1250001192092893
2019-04-04 14:21:46,0.5625000596046447
2019-04-04 14:21:47,0.28125002980232233
2019-04-04 14:21:48,-1.3593749850988388
2019-04-04 14:21:49,-0.6796874925494194
2019-04-04 14:21:50,-0.3398437462747097
2019-04-04 14:21:51,-0.16992187313735485
2019-04-04 14:21:52,-0.08496093656867743
2019-04-04 14:21:53,-0.04248046828433871
2019-04-04 14:21:54,0.9787597658578306
2019-04-04 14:21:55,0.4893798829289153
2019-04-04 14:21:56,0.24468994146445766
2019-04-04 14:21:57,0.12234497073222883
2019-04-04 14:21:58,0.061172485366114415
2019-04-04 14:21:59,0.030586242683057208
2019-04-04 14:22:00,-0.4847068786584714
2019-04-04 14:22:01,-0.2423534393292357
2019-04-04 14:22:02,-0.12117671966461785
2019-04-04 14:22:03,-0.060588359832308925
2019-04-04 14:22:04,-0.030294179916154462
2019-04-04 14:22:05,-0.015147089958077231
2019-04-04 14:22:06,-0.0075735449790386156
2019-04-04 14:22:07,-0.0037867724895193078
2019-04-04 14:22:08,-0.0018933862447596539
2019-04-04 14:22:09,-0.0009466931223798269
2019-04-04 14:22:10,-0.00047334656118991347
2019-04-04 14:22:11,-0.00023667328059495674
2019-04-04 14:22:12,-0.00011833664029747837
2019-04-04 14:22:13,-5.9168320148739184e-05
2019-04-04 14:22:14,-2.9584160074369592e-05
2019-04-04 14:22:15,-1.4792080037184796e-05
2019-04-04 14:22:16,-7.396040018592398e-06
2019-04-04 14:22:17,-3.698020009296199e-06
2019-04-04 14:22:18,-1.8490100046480995e-06
2019-04-04 14:22:19,-9.245050023240498e-07
2019-04-04 14:22:20,-0.5000004622525012
2019-04-04 14:22:21,-0.2500002311262506
2019-04-04 14:22:22,-0.1250001155631253
2019-04-04 14:22:23,-0.06250005778156265
2019-04-04 14:22:24,-0.03125002889078132
2019-04-04 14:22:25,-0.01562501444539066
2019-04-04 14:22:26,-0.00781250722269533
2019-04-04 14:22:27,-0.003906253611347665
2019-04-04 14:22:28,-0.0019531268056738327
2019-04-04 14:22:29,-0.0009765634028369163
2019-04-04 14:22:30,-0.0004882817014184582
2019-04-04 14:22:31,-0.0002441408507092291
2019-04-04 14:22:32,-0.00012207042535461454
2019-04-04 14:22:33,-6.103521267730727e-05
2019-04-04 14:22:34,-3.0517606338653636e-05
2019-04-04 14:22:35,-1.5258803169326818e-05
2019-04-04 14:22:36,-7.629401584663409e-06
2019-04-04 14:22:37,-3.8147007923317044e-06
2019-04-04 14:22:38,-1.9073503961658522e-06
2019-04-04 14:22:39,-9.536751980829261e-07
2019-04-04 14:22:40,-4.768375990414631e-07
2019-04-04 14:22:41,-2.3841879952073153e-07
2019-04-04 14:22:42,-1.1920939976036576e-07
2019-04-04 14:22:43,-5.960469988018288e-08
2019-04-04 14:22:44,-2.980234994009144e-08
2019-04-04 14:22:45,-1.490117497004572e-08
2019-04-04 14:22:46,-7.45058748502286e-09
2019-04-04 14:22:47,-3.72529374251143e-09
2019-04-04 14:22:48,-1.862646871255715e-09
2019-04-04 14:22:49,-9.313234356278575e-10
2019-04-04 14:22:50,-4.656617178139288e-10
2019-04-04 14:22:51,-2.328308589069644e-10
2019-04-04 14:22:52,-1.164154294534822e-10
2019-04-04 14:22:53,-5.82077147267411e-11
2019-04-04 14:22:54,-2.910385736337055e-11
2019-04-04 14:22:55,-1.4551928681685274e-11
2019-04-04 14:22:56,-7.275964340842637e-12
2019-04-04 14:22:57,-3.6379821704213185e-12
2019-04-04 14:22:58,-1.8189910852106592e-12
2019-04-04 14:22:59,-9.094955426053296e-13
2019-04-04 14:23:00,-4.547477713026648e-13
2019-04-04 14:23:01,-2.273738856513324e-13
2019-04-04 14:23:02,-0.5000000000001137
2019-04-04 14:23:03,-0.25000000000005684
2019-04-04 14:23:04,0.8749999999999716
2019-04-04 14:23:05,0.4374999999999858
2019-04-04 14:23:06,0.2187499999999929
2019-04-04 14:23:07,0.6093749999999964
2019-04-04 14:23:08,0.3046874999999982
2019-04-04 14:23:09,0.1523437499999991
2019-04-04 14:23:10,3.0761718749999996
2019-04-04 14:23:11,1.5380859374999998
2019-04-04 14:23:12,0.7690429687499999
2019-04-04 14:23:13,0.38452148437499994
2019-04-04 14:23:14,0.19226074218749997
2019-04-04 14:23:15,0.09613037109374999
2019-04-04 14:23:16,0.04806518554687499
2019-04-04 14:23:17,0.024032592773437497
2019-04-04 14:23:18,0.012016296386718748
2019-04-04 14:23:19,0.006008148193359374
2019-04-04 14:23:20,0.003004074096679687
2019-04-04 14:23:21,0.0015020370483398435
2019-04-04 14:23:22,0.0007510185241699218
2019-04-04 14:23:23,0.0003755092620849609
2019-04-04 14:23:24,0.00018775463104248044
2019-04-04 14:23:25,9.387731552124022e-05
2019-04-04 14:23:26,4.693865776062011e-05
2019-04-04 14:23:27,2.3469328880310055e-05
2019-04-04 14:23:28,1.1734664440155028e-05
2019-04-04 14:23:29,5.867332220077514e-06
2019-04-04 14:23:30,2.933666110038757e-06
2019-04-04 14:23:31,1.4668330550193785e-06
2019-04-04 14:23:32,7.334165275096892e-07
2019-04-04 14:23:33,3.667082637548446e-07
2019-04-04 14:23:34,1.833541318774223e-07
2019-04-04 14:23:35,9.167706593871115e-08
2019-04-04 14:23:36,4.5838532969355577e-08
2019-04-04 14:23:37,2.2919266484677788e-08
2019-04-04 14:23:38,1.1459633242338894e-08
2019-04-04 14:23:39,5.729816621169447e-09
2019-04-04 14:23:40,2.8649083105847235e-09
2019-04-04 14:23:41,1.4324541552923618e-09
2019-04-04 14:23:42,7.162270776461809e-10
2019-04-04 14:23:43,3.5811353882309044e-10
2019-04-04 14:23:44,1.7905676941154522e-10
2019-04-04 14:23:45,8.952838470577261e-11
2019-04-04 14:23:46,4.4764192352886305e-11
2019-04-04 14:23:47,2.2382096176443153e-11
2019-04-04 14:23:48,1.1191048088221576e-11
2019-04-04 14:23:49,5.595524044110788e-12
2019-04-04 14:23:50,2.797762022055394e-12
2019-04-04 14:23:51,0.5000000000013989
2019-04-04 14:23:52,0.25000000000069944
2019-04-04 14:23:53,0.12500000000034972
2019-04-04 14:23:54,0.06250000000017486
2019-04-04 14:23:55,0.5312500000000875
2019-04-04 14:23:56,0.26562500000004374
2019-04-04 14:23:57,1.1328125000000218
2019-04-04 14:23:58,0.5664062500000109
2019-04-04 14:23:59,0.28320312500000544
2019-04-04 14:24:00,0.14160156250000272
2019-04-04 14:24:01,3.5708007812500013
2019-04-04 14:24:02,1.7854003906250007
2019-04-04 14:24:03,0.8927001953125003
2019-04-04 14:24:04,1.9463500976562502
2019-04-04 14:24:05,0.9731750488281251
2019-04-04 14:24:06,0.48658752441406256
2019-04-04 14:24:07,0.24329376220703128
2019-04-04 14:24:08,0.12164688110351564
2019-04-04 14:24:09,0.06082344055175782
2019-04-04 14:24:10,0.5304117202758789
2019-04-04 14:24:11,0.26520586013793945
2019-04-04 14:24:12,0.13260293006896973
2019-04-04 14:24:13,0.06630146503448486
2019-04-04 14:24:14,0.03315073251724243
2019-04-04 14:24:15,0.016575366258621216
2019-04-04 14:24:16,0.008287683129310608
2019-04-04 14:24:17,0.004143841564655304
2019-04-04 14:24:18,0.002071920782327652
2019-04-04 14:24:19,0.001035960391163826
2019-04-04 14:24:20,0.000517980195581913
2019-04-04 14:24:21,-1.499741009902209
2019-04-04 14:24:22,-0.7498705049511045
2019-04-04 14:24:23,-0.37493525247555226
2019-04-04 14:24:24,-0.18746762623777613
2019-04-04 14:24:25,-0.09373381311888807
2019-04-04 14:24:26,-0.04686690655944403
2019-04-04 14:24:27,-0.023433453279722016
2019-04-04 14:24:28,-0.011716726639861008
2019-04-04 14:24:29,-0.005858363319930504
2019-04-04 14:24:30,-0.002929181659965252
2019-04-04 14:24:31,-0.001464590829982626
2019-04-04 14:24:32,1.4992677045850087
2019-04-04 14:24:33,0.7496338522925043
2019-04-04 14:24:34,0.37481692614625217
2019-04-04 14:24:35,0.18740846307312609
2019-04-04 14:24:36,0.09370423153656304
2019-04-04 14:24:37,0.04685211576828152
2019-04-04 14:24:38,-3.9765739421158592
2019-04-04 14:24:39,-1.9882869710579296
2019-04-04 14:24:40,-0.9941434855289648
2019-04-04 14:24:41,0.5029282572355176
2019-04-04 14:24:42,1.2514641286177588
2019-04-04 14:24:43,1.6257320643088793
2019-04-04 14:24:44,0.8128660321544396
2019-04-04 14:24:45,0.4064330160772198
2019-04-04 14:24:46,0.2032165080386099
2019-04-04 14:24:47,0.601608254019305
2019-04-04 14:24:48,0.3008041270096525
2019-04-04 14:24:49,0.15040206350482624
2019-04-04 14:24:50,0.07520103175241312
2019-04-04 14:24:51,0.03760051587620656
2019-04-04 14:24:52,0.01880025793810328
2019-04-04 14:24:53,0.00940012896905164
2019-04-04 14:24:54,0.00470006448452582
2019-04-04 14:24:55,0.00235003224226291
2019-04-04 14:24:56,0.001175016121131455
2019-04-04 14:24:57,0.0005875080605657275
2019-04-04 14:24:58,0.00029375403028286375
2019-04-04 14:24:59,0.00014687701514143187
2019-04-04 14:25:00,7.343850757071594e-05
2019-04-04 14:25:01,3.671925378535797e-05
2019-04-04 14:25:02,1.8359626892678984e-05
2019-04-04 14:25:03,9.179813446339492e-06
2019-04-04 14:25:04,4.589906723169746e-06
2019-04-04 14:25:05,2.294953361584873e-06
2019-04-04 14:25:06,1.1474766807924365e-06
2019-04-04 14:25:07,5.737383403962183e-07
2019-04-04 14:25:08,2.8686917019810913e-07
2019-04-04 14:25:09,1.4343458509905456e-07
2019-04-04 14:25:10,7.171729254952728e-08
2019-04-04 14:25:11,3.585864627476364e-08
2019-04-04 14:25:12,1.792932313738182e-08
2019-04-04 14:25:13,8.96466156869091e-09
2019-04-04 14:25:14,4.482330784345455e-09
2019-04-04 14:25:15,2.2411653921727276e-09
2019-04-04 14:25:16,1.1205826960863638e-09
2019-04-04 14:25:17,5.602913480431819e-10
2019-04-04 14:25:18,2.8014567402159095e-10
2019-04-04 14:25:19,1.4007283701079547e-10
2019-04-04 14:25:20,7.003641850539774e-11
2019-04-04 14:25:21,3.501820925269887e-11
2019-04-04 14:25:22,1.7509104626349434e-11
2019-04-04 14:25:23,8.754552313174717e-12
2019-04-04 14:25:24,4.3772761565873585e-12
2019-04-04 14:25:25,2.1886380782936793e-12
2019-04-04 14:25:26,1.0943190391468396e-12
2019-04-04 14:25:27,5.471595195734198e-13
2019-04-04 14:25:28,2.735797597867099e-13
2019-04-04 14:25:29,1.3678987989335495e-13
2019-04-04 14:25:30,6.839493994667748e-14
2019-04-04 14:25:31,3.419746997333874e-14
2019-04-04 14:25:32,1.709873498666937e-14
2019-04-04 14:25:33,8.549367493334685e-15
2019-04-04 14:25:34,4.274683746667342e-15
2019-04-04 14:25:35,2.137341873333671e-15
2019-04-04 14:25:36,1.0686709366668356e-15
2019-04-04 14:25:37,5.343354683334178e-16
2019-04-04 14:25:38,2.671677341667089e-16
2019-04-04 14:25:39,1.3358386708335445e-16
2019-04-04 14:25:40,6.679193354167722e-17
2019-04-04 14:25:41,3.339596677083861e-17
2019-04-04 14:25:42,1.6697983385419306e-17
2019-04-04 14:25:43,8.348991692709653e-18
2019-04-04 14:25:44,1.5
2019-04-04 14:25:45,0.75
2019-04-04 14:25:46,0.375
2019-04-04 14:25:47,0.1875
2019-04-04 14:25:48,0.09375
2019-04-04 14:25:49,0.046875
2019-04-04 14:25:50,0.0234375
2019-04-04 14:25:51,0.01171875
2019-04-04 14:25:52,0.005859375
2019-04-04 14:25:53,0.0029296875
2019-04-04 14:25:54,0.00146484375
2019-04-04 14:25:55,0.000732421875
2019-04-04 14:25:56,0.0003662109375
2019-04-04 14:25:57,0.00018310546875
2019-04-04 14:25:58,9.1552734375e-05
2019-04-04 14:25:59,4.57763671875e-05
2019-04-04 14:26:00,2.288818359375e-05
2019-04-04 14:26:01,1.1444091796875e-05
2019-04-04 14:26:02,5.7220458984375e-06
2019-04-04 14:26:03,2.86102294921875e-06
2019-04-04 14:26:04,-5.499998569488525
2019-04-04 14:26:05,-2.7499992847442627
2019-04-04 14:26:06,-1.3749996423721313
2019-04-04 14:26:07,-0.6874998211860657
2019-04-04 14:26:08,-0.34374991059303284
2019-04-04 14:26:09,-0.17187495529651642
2019-04-04 14:26:10,-0.08593747764825821
2019-04-04 14:26:11,-0.042968738824129105
2019-04-04 14:26:12,-0.021484369412064552
2019-04-04 14:26:13,-0.010742184706032276
2019-04-04 14:26:14,-0.005371092353016138
2019-04-04 14:26:15,-0.002685546176508069
2019-04-04 14:26:16,-0.0013427730882540345
2019-04-04 14:26:17,-0.0006713865441270173
2019-04-04 14:26:18,-0.00033569327206350863
2019-04-04 14:26:19,0.9998321533639682
2019-04-04 14:26:20,0.4999160766819841
2019-04-04 14:26:21,0.24995803834099206
2019-04-04 14:26:22,0.12497901917049603
2019-04-04 14:26:23,0.062489509585248015
2019-04-04 14:26:24,0.031244754792624008
2019-04-04 14:26:25,0.015622377396312004
2019-04-04 14:26:26,0.007811188698156002
2019-04-04 14:26:27,0.003905594349078001
2019-04-04 14:26:28,0.0019527971745390005
2019-04-04 14:26:29,0.0009763985872695002
2019-04-04 14:26:30,0.0004881992936347501
2019-04-04 14:26:31,0.00024409964681737506
2019-04-04 14:26:32,0.00012204982340868753
2019-04-04 14:26:33,6.1024911704343765e-05
2019-04-04 14:26:34,3.0512455852171882e-05
2019-04-04 14:26:35,1.5256227926085941e-05
2019-04-04 14:26:36,7.628113963042971e-06
2019-04-04 14:26:37,3.8140569815214853e-06
2019-04-04 14:26:38,1.9070284907607427e-06
2019-04-04 14:26:39,9.535142453803713e-07
2019-04-04 14:26:40,4.7675712269018566e-07
2019-04-04 14:26:41,2.3837856134509283e-07
2019-04-04 14:26:42,1.1918928067254642e-07
2019-04-04 14:26:43,5.959464033627321e-08
2019-04-04 14:26:44,2.9797320168136604e-08
2019-04-04 14:26:45,1.4898660084068302e-08
2019-04-04 14:26:46,7.449330042034151e-09
2019-04-04 14:26:47,3.7246650210170755e-09
2019-04-04 14:26:48,1.8623325105085378e-09
2019-04-04 14:26:49,9.311662552542689e-10
2019-04-04 14:26:50,4.6558312762713444e-10
2019-04-04 14:26:51,2.3279156381356722e-10
2019-04-04 14:26:52,1.1639578190678361e-10
2019-04-04 14:26:53,5.8197890953391805e-11
2019-04-04 14:26:54,4.000000000029099
2019-04-04 14:26:55,2.0000000000145497
2019-04-04 14:26:56,1.0000000000072748
2019-04-04 14:26:57,0.5000000000036374
2019-04-04 14:26:58,0.2500000000018187
2019-04-04 14:26:59,0.12500000000090936
2019-04-04 14:27:00,0.5625000000004546
2019-04-04 14:27:01,0.2812500000002273
2019-04-04 14:27:02,0.14062500000011366
2019-04-04 14:27:03,0.07031250000005683
2019-04-04 14:27:04,0.035156250000028415
2019-04-04 14:27:05,0.017578125000014207
2019-04-04 14:27:06,0.008789062500007104
2019-04-04 14:27:07,-1.9956054687499964
2019-04-04 14:27:08,-0.9978027343749982
2019-04-04 14:27:09,-0.4989013671874991
2019-04-04 14:27:10,-0.24945068359374956
2019-04-04 14:27:11,-0.12472534179687478
2019-04-04 14:27:12,-0.06236267089843739
2019-04-04 14:27:13,-0.031181335449218694
2019-04-04 14:27:14,-0.015590667724609347
2019-04-04 14:27:15,-0.007795333862304674
2019-04-04 14:27:16,-0.003897666931152337
2019-04-04 14:27:17,-0.0019488334655761684
2019-04-04 14:27:18,-0.0009744167327880842
2019-04-04 14:27:19,-0.0004872083663940421
2019-04-04 14:27:20,-0.00024360418319702105
2019-04-04 14:27:21,-0.00012180209159851053
2019-04-04 14:27:22,-6.090104579925526e-05
2019-04-04 14:27:23,-3.045052289962763e-05
2019-04-04 14:27:24,-1.5225261449813816e-05
2019-04-04 14:27:25,-7.612630724906908e-06
2019-04-04 14:27:26,-3.806315362453454e-06
2019-04-04 14:27:27,-1.903157681226727e-06
2019-04-04 14:27:28,1.4999990484211594
2019-04-04 14:27:29,0.7499995242105797
2019-04-04 14:27:30,0.37499976210528985
2019-04-04 14:27:31,0.18749988105264492
2019-04-04 14:27:32,0.09374994052632246
2019-04-04 14:27:33,0.04687497026316123
2019-04-04 14:27:34,0.023437485131580615
2019-04-04 14:27:35,0.5117187425657903
2019-04-04 14:27:36,0.25585937128289515
2019-04-04 14:27:37,0.12792968564144758
2019-04-04 14:27:38,0.06396484282072379
2019-04-04 14:27:39,0.031982421410361894
2019-04-04 14:27:40,0.015991210705180947
2019-04-04 14:27:41,0.007995605352590474
2019-04-04 14:27:42,0.003997802676295237
2019-04-04 14:27:43,0.0019989013381476184
2019-04-04 14:27:44,0.0009994506690738092
2019-04-04 14:27:45,0.0004997253345369046
2019-04-04 14:27:46,0.0002498626672684523
2019-04-04 14:27:47,0.00012493133363422615
2019-04-04 14:27:48,6.246566681711307e-05
2019-04-04 14:27:49,3.123283340855654e-05
2019-04-04 14:27:50,1.561641670427827e-05
2019-04-04 14:27:51,7.808208352139134e-06
2019-04-04 14:27:52,3.904104176069567e-06
2019-04-04 14:27:53,1.9520520880347836e-06
2019-04-04 14:27:54,9.760260440173918e-07
2019-04-04 14:27:55,4.880130220086959e-07
2019-04-04 14:27:56,2.4400651100434795e-07
2019-04-04 14:27:57,1.2200325550217397e-07
2019-04-04 14:27:58,6.100162775108699e-08
2019-04-04 14:27:59,3.0500813875543493e-08
2019-04-04 14:28:00,1.5250406937771747e-08
2019-04-04 14:28:01,7.625203468885873e-09
2019-04-04 14:28:02,3.812601734442937e-09
2019-04-04 14:28:03,1.9063008672214683e-09
2019-04-04 14:28:04,9.531504336107342e-10
2019-04-04 14:28:05,4.765752168053671e-10
2019-04-04 14:28:06,1.5000000002382876
2019-04-04 14:28:07,0.7500000001191438
2019-04-04 14:28:08,0.3750000000595719
2019-04-04 14:28:09,0.18750000002978595
2019-04-04 14:28:10,0.09375000001489298
2019-04-04 14:28:11,0.5468750000074465
2019-04-04 14:28:12,0.27343750000372324
2019-04-04 14:28:13,-1.3632812499981384
2019-04-04 14:28:14,-0.6816406249990692
2019-04-04 14:28:15,-0.3408203124995346
2019-04-04 14:28:16,1.8295898437502327
2019-04-04 14:28:17,0.9147949218751164
2019-04-04 14:28:18,0.4573974609375582
2019-04-04 14:28:19,0.2286987304687791
2019-04-04 14:28:20,0.11434936523438954
2019-04-04 14:28:21,0.05717468261719477
2019-04-04 14:28:22,0.028587341308597386
2019-04-04 14:28:23,0.014293670654298693
2019-04-04 14:28:24,0.0071468353271493465
2019-04-04 14:28:25,-3.9964265823364253
2019-04-04 14:28:26,-1.9982132911682127
2019-04-04 14:28:27,-0.9991066455841063
2019-04-04 14:28:28,1.0004466772079468
2019-04-04 14:28:29,0.5002233386039734
2019-04-04 14:28:30,0.2501116693019867
2019-04-04 14:28:31,0.12505583465099335
2019-04-04 14:28:32,0.06252791732549667
2019-04-04 14:28:33,0.03126395866274834
2019-04-04 14:28:34,0.01563197933137417
2019-04-04 14:28:35,0.007815989665687084
2019-04-04 14:28:36,0.003907994832843542
2019-04-04 14:28:37,0.001953997416421771
2019-04-04 14:28:38,0.0009769987082108855
2019-04-04 14:28:39,0.0004884993541054428
2019-04-04 14:28:40,0.0002442496770527214
2019-04-04 14:28:41,0.0001221248385263607
2019-04-04 14:28:42,6.106241926318035e-05
2019-04-04 14:28:43,3.053120963159017e-05
2019-04-04 14:28:44,1.5265604815795086e-05
2019-04-04 14:28:45,7.632802407897543e-06
2019-04-04 14:28:46,3.816401203948772e-06
2019-04-04 14:28:47,1.908200601974386e-06
2019-04-04 14:28:48,9.54100300987193e-07
2019-04-04 14:28:49,4.770501504935964e-07
2019-04-04 14:28:50,2.385250752467982e-07
2019-04-04 14:28:51,1.192625376233991e-07
2019-04-04 14:28:52,5.963126881169956e-08
2019-04-04 14:28:53,2.981563440584978e-08
2019-04-04 14:28:54,1.490781720292489e-08
2019-04-04 14:28:55,7.453908601462444e-09
2019-04-04 14:28:56,-2.4999999962730457
2019-04-04 14:28:57,-1.2499999981365228
2019-04-04 14:28:58,-0.6249999990682614
2019-04-04 14:28:59,-0.3124999995341307
2019-04-04 14:29:00,-0.15624999976706536
2019-04-04 14:29:01,-0.07812499988353268
2019-04-04 14:29:02,-0.03906249994176634
2019-04-04 14:29:03,-0.01953124997088317
2019-04-04 14:29:04,-1.5097656249854416
2019-04-04 14:29:05,-0.7548828124927208
2019-04-04 14:29:06,-9.87744140624636
2019-04-04 14:29:07,0.06127929687681988
2019-04-04 14:29:08,0.03063964843840994
2019-04-04 14:29:09,6.515319824219205
2019-04-04 14:29:10,3.2576599121096024
2019-04-04 14:29:11,1.6288299560548012
2019-04-04 14:29:12,0.8144149780274006
2019-04-04 14:29:13,0.4072074890137003
2019-04-04 14:29:14,0.20360374450685015
2019-04-04 14:29:15,0.10180187225342507
2019-04-04 14:29:16,0.05090093612671254
2019-04-04 14:29:17,0.02545046806335627
2019-04-04 14:29:18,0.012725234031678134
2019-04-04 14:29:19,0.006362617015839067
2019-04-04 14:29:20,0.0031813085079195336
2019-04-04 14:29:21,-1.4984093457460403
2019-04-04 14:29:22,-0.7492046728730202
2019-04-04 14:29:23,-0.3746023364365101
2019-04-04 14:29:24,-0.18730116821825504
2019-04-04 14:29:25,-0.09365058410912752
2019-04-04 14:29:26,-0.04682529205456376
2019-04-04 14:29:27,-0.02341264602728188
2019-04-04 14:29:28,-0.01170632301364094
2019-04-04 14:29:29,-0.00585316150682047
2019-04-04 14:29:30,-0.002926580753410235
2019-04-04 14:29:31,-0.0014632903767051175
2019-04-04 14:29:32,-0.0007316451883525588
2019-04-04 14:29:33,-0.0003658225941762794
2019-04-04 14:29:34,-0.0001829112970881397
2019-04-04 14:29:35,-9.145564854406985e-05
2019-04-04 14:29:36,-4.572782427203492e-05
2019-04-04 14:29:37,-2.286391213601746e-05
2019-04-04 14:29:38,-1.143195606800873e-05
2019-04-04 14:29:39,-5.715978034004365e-06
2019-04-04 14:29:40,-2.8579890170021827e-06
2019-04-04 14:29:41,-1.4289945085010913e-06
2019-04-04 14:29:42,-7.144972542505457e-07
2019-04-04 14:29:43,-3.5724862712527283e-07
2019-04-04 14:29:44,-1.7862431356263642e-07
2019-04-04 14:29:45,3.499999910687843
2019-04-04 14:29:46,-7.250000044656078
2019-04-04 14:29:47,-3.625000022328039
2019-04-04 14:29:48,-1.8125000111640195
2019-04-04 14:29:49,-0.9062500055820097
2019-04-04 14:29:50,-0.45312500279100487
2019-04-04 14:29:51,-0.22656250139550244
2019-04-04 14:29:52,0.3867187493022488
2019-04-04 14:29:53,0.1933593746511244
2019-04-04 14:29:54,0.0966796873255622
2019-04-04 14:29:55,0.0483398436627811
2019-04-04 14:29:56,0.02416992183139055
2019-04-04 14:29:57,0.012084960915695275
2019-04-04 14:29:58,0.006042480457847638
2019-04-04 14:29:59,0.003021240228923819
2019-04-04 14:30:00,0.0015106201144619094
2019-04-04 14:30:01,0.0007553100572309547
2019-04-04 14:30:02,0.00037765502861547735
2019-04-04 14:30:03,0.00018882751430773868
2019-04-04 14:30:04,9.441375715386934e-05
2019-04-04 14:30:05,4.720687857693467e-05
2019-04-04 14:30:06,2.3603439288467335e-05
2019-04-04 14:30:07,1.1801719644233667e-05
2019-04-04 14:30:08,-0.4999940991401779
2019-04-04 14:30:09,-0.24999704957008895
2019-04-04 14:30:10,-0.12499852478504447
2019-04-04 14:30:11,-0.06249926239252224
2019-04-04 14:30:12,-0.03124963119626112
2019-04-04 14:30:13,-1.5156248155981307
2019-04-04 14:30:14,-0.7578124077990653
2019-04-04 14:30:15,-0.37890620389953267
2019-04-04 14:30:16,-0.18945310194976633
2019-04-04 14:30:17,-0.09472655097488317
2019-04-04 14:30:18,-0.04736327548744158
2019-04-04 14:30:19,-1.5236816377437208
2019-04-04 14:30:20,-0.7618408188718604
2019-04-04 14:30:21,-0.3809204094359302
2019-04-04 14:30:22,-0.1904602047179651
2019-04-04 14:30:23,-0.09523010235898255
2019-04-04 14:30:24,-0.047615051179491275
2019-04-04 14:30:25,-0.023807525589745637
2019-04-04 14:30:26,-0.011903762794872819
2019-04-04 14:30:27,-0.005951881397436409
2019-04-04 14:30:28,-0.0029759406987182047
2019-04-04 14:30:29,-0.0014879703493591023
2019-04-04 14:30:30,-0.0007439851746795512
2019-04-04 14:30:31,-0.0003719925873397756
2019-04-04 14:30:32,-0.0001859962936698878
2019-04-04 14:30:33,-9.29981468349439e-05
2019-04-04 14:30:34,-4.649907341747195e-05
2019-04-04 14:30:35,-2.3249536708735974e-05
2019-04-04 14:30:36,-1.1624768354367987e-05
2019-04-04 14:30:37,-5.8123841771839935e-06
2019-04-04 14:30:38,-2.9061920885919967e-06
2019-04-04 14:30:39,-1.4530960442959984e-06
2019-04-04 14:30:40,1.4999992734519778
2019-04-04 14:30:41,0.7499996367259889
2019-04-04 14:30:42,0.37499981836299445
2019-04-04 14:30:43,0.18749990918149723
2019-04-04 14:30:44,0.09374995459074861
2019-04-04 14:30:45,0.04687497729537431
2019-04-04 14:30:46,0.023437488647687153
2019-04-04 14:30:47,0.011718744323843577
2019-04-04 14:30:48,0.005859372161921788
2019-04-04 14:30:49,0.002929686080960894
2019-04-04 14:30:50,0.001464843040480447
2019-04-04 14:30:51,0.0007324215202402235
2019-04-04 14:30:52,0.00036621076012011177
2019-04-04 14:30:53,0.00018310538006005589
2019-04-04 14:30:54,9.155269003002794e-05
2019-04-04 14:30:55,4.577634501501397e-05
2019-04-04 14:30:56,2.2888172507506986e-05
2019-04-04 14:30:57,1.1444086253753493e-05
2019-04-04 14:30:58,5.722043126876746e-06
2019-04-04 14:30:59,2.861021563438373e-06
2019-04-04 14:31:00,1.4305107817191866e-06
2019-04-04 14:31:01,7.152553908595933e-07
2019-04-04 14:31:02,3.5762769542979665e-07
2019-04-04 14:31:03,1.7881384771489833e-07
2019-04-04 14:31:04,8.940692385744916e-08
2019-04-04 14:31:05,4.470346192872458e-08
2019-04-04 14:31:06,2.235173096436229e-08
2019-04-04 14:31:07,1.1175865482181145e-08
2019-04-04 14:31:08,-1.4999999944120672
2019-04-04 14:31:09,-0.7499999972060336
2019-04-04 14:31:10,-0.3749999986030168
2019-04-04 14:31:11,-0.1874999993015084
2019-04-04 14:31:12,-0.0937499996507542
2019-04-04 14:31:13,-0.0468749998253771
2019-04-04 14:31:14,-0.02343749991268855
2019-04-04 14:31:15,-0.011718749956344275
2019-04-04 14:31:16,-0.0058593749781721376
2019-04-04 14:31:17,-0.0029296874890860688
2019-04-04 14:31:18,-0.0014648437445430344
2019-04-04 14:31:19,-0.0007324218722715172
2019-04-04 14:31:20,-0.0003662109361357586
2019-04-04 14:31:21,-0.0001831054680678793
2019-04-04 14:31:22,-9.155273403393965e-05
2019-04-04 14:31:23,-4.5776367016969825e-05
2019-04-04 14:31:24,-2.2888183508484912e-05
2019-04-04 14:31:25,-1.1444091754242456e-05
2019-04-04 14:31:26,-5.722045877121228e-06
2019-04-04 14:31:27,-2.861022938560614e-06
2019-04-04 14:31:28,-1.430511469280307e-06
2019-04-04 14:31:29,-7.152557346401535e-07
2019-04-04 14:31:30,-3.5762786732007676e-07
2019-04-04 14:31:31,-1.7881393366003838e-07
2019-04-04 14:31:32,-8.940696683001919e-08
2019-04-04 14:31:33,-4.4703483415009594e-08
2019-04-04 14:31:34,-2.2351741707504797e-08
2019-04-04 14:31:35,-1.1175870853752399e-08
2019-04-04 14:31:36,-5.587935426876199e-09
2019-04-04 14:31:37,-2.7939677134380997e-09
2019-04-04 14:31:38,-1.3969838567190498e-09
2019-04-04 14:31:39,-6.984919283595249e-10
2019-04-04 14:31:40,-3.4924596417976246e-10
2019-04-04 14:31:41,-1.7462298208988123e-10
2019-04-04 14:31:42,-8.731149104494061e-11
2019-04-04 14:31:43,-4.365574552247031e-11
2019-04-04 14:31:44,-2.000000000021828
2019-04-04 14:31:45,-1.000000000010914
2019-04-04 14:31:46,-0.500000000005457
2019-04-04 14:31:47,-0.2500000000027285
2019-04-04 14:31:48,-0.12500000000136424
2019-04-04 14:31:49,-0.06250000000068212
2019-04-04 14:31:50,-0.03125000000034106
2019-04-04 14:31:51,-0.01562500000017053
2019-04-04 14:31:52,-0.007812500000085265
2019-04-04 14:31:53,-0.0039062500000426326
2019-04-04 14:31:54,-0.0019531250000213163
2019-04-04 14:31:55,-0.0009765625000106581
2019-04-04 14:31:56,-0.0004882812500053291
2019-04-04 14:31:57,-0.00024414062500266454
2019-04-04 14:31:58,-0.00012207031250133227
2019-04-04 14:31:59,-6.103515625066613e-05
2019-04-04 14:32:00,-3.051757812533307e-05
2019-04-04 14:32:01,-1.5258789062666533e-05
2019-04-04 14:32:02,-7.629394531333267e-06
2019-04-04 14:32:03,-3.814697265666633e-06
2019-04-04 14:32:04,-1.9073486328333167e-06
2019-04-04 14:32:05,-9.536743164166583e-07
2019-04-04 14:32:06,-4.768371582083292e-07
2019-04-04 14:32:07,-2.384185791041646e-07
2019-04-04 14:32:08,-1.192092895520823e-07
2019-04-04 14:32:09,-5.960464477604115e-08
2019-04-04 14:32:10,-2.980232238802057e-08
2019-04-04 14:32:11,-1.4901161194010287e-08
2019-04-04 14:32:12,-7.450580597005143e-09
2019-04-04 14:32:13,-3.725290298502572e-09
2019-04-04 14:32:14,-2.000000001862645
2019-04-04 14:32:15,-1.0000000009313226
2019-04-04 14:32:16,-0.5000000004656613
2019-04-04 14:32:17,-0.25000000023283064
2019-04-04 14:32:18,-0.12500000011641532
2019-04-04 14:32:19,-0.06250000005820766
2019-04-04 14:32:20,-0.03125000002910383
2019-04-04 14:32:21,-0.015625000014551915
2019-04-04 14:32:22,-0.007812500007275958
2019-04-04 14:32:23,-0.003906250003637979
2019-04-04 14:32:24,-0.0019531250018189894
2019-04-04 14:32:25,-0.0009765625009094947
2019-04-04 14:32:26,-0.0004882812504547474
2019-04-04 14:32:27,-0.5002441406252274
2019-04-04 14:32:28,-0.2501220703126137
2019-04-04 14:32:29,-0.12506103515630684
2019-04-04 14:32:30,-0.06253051757815342
2019-04-04 14:32:31,-0.03126525878907671
2019-04-04 14:32:32,-0.015632629394538355
2019-04-04 14:32:33,-0.007816314697269178
2019-04-04 14:32:34,-3.0039081573486346
2019-04-04 14:32:35,-1.5019540786743173
2019-04-04 14:32:36,-0.7509770393371586
2019-04-04 14:32:37,-0.3754885196685793
2019-04-04 14:32:38,-0.18774425983428966
2019-04-04 14:32:39,-0.09387212991714483
2019-04-04 14:32:40,-0.046936064958572415
2019-04-04 14:32:41,-0.023468032479286208
2019-04-04 14:32:42,-0.011734016239643104
2019-04-04 14:32:43,-0.005867008119821552
2019-04-04 14:32:44,-0.002933504059910776
2019-04-04 14:32:45,-0.001466752029955388
2019-04-04 14:32:46,-0.000733376014977694
2019-04-04 14:32:47,-0.000366688007488847
2019-04-04 14:32:48,-0.0001833440037444235
2019-04-04 14:32:49,-9.167200187221175e-05
2019-04-04 14:32:50,-0.5000458360009361
2019-04-04 14:32:51,-0.25002291800046805
2019-04-04 14:32:52,-0.12501145900023403
2019-04-04 14:32:53,-0.06250572950011701
2019-04-04 14:32:54,-0.03125286475005851
2019-04-04 14:32:55,-0.015626432375029253
2019-04-04 14:32:56,-0.007813216187514627
2019-04-04 14:32:57,-0.003906608093757313
2019-04-04 14:32:58,-0.0019533040468786567
2019-04-04 14:32:59,-0.0009766520234393283
2019-04-04 14:33:00,-0.0004883260117196642
2019-04-04 14:33:01,-0.0002441630058598321
2019-04-04 14:33:02,-0.5001220815029299
2019-04-04 14:33:03,-0.25006104075146496
2019-04-04 14:33:04,-0.12503052037573248
2019-04-04 14:33:05,-0.06251526018786624
2019-04-04 14:33:06,-0.03125763009393312
2019-04-04 14:33:07,-0.01562881504696656
2019-04-04 14:33:08,-0.00781440752348328
2019-04-04 14:33:09,-0.00390720376174164
2019-04-04 14:33:10,-0.00195360188087082
2019-04-04 14:33:11,-0.00097680094043541
2019-04-04 14:33:12,-0.000488400470217705
2019-04-04 14:33:13,0.9997557997648912
2019-04-04 14:33:14,0.4998778998824456
2019-04-04 14:33:15,0.2499389499412228
2019-04-04 14:33:16,0.1249694749706114
2019-04-04 14:33:17,0.0624847374853057
2019-04-04 14:33:18,0.03124236874265285
2019-04-04 14:33:19,0.015621184371326424
2019-04-04 14:33:20,0.007810592185663212
2019-04-04 14:33:21,0.003905296092831606
2019-04-04 14:33:22,0.001952648046415803
2019-04-04 14:33:23,0.0009763240232079015
2019-04-04 14:33:24,0.00048816201160395076
2019-04-04 14:33:25,0.00024408100580197538
2019-04-04 14:33:26,0.00012204050290098769
2019-04-04 14:33:27,6.1020251450493845e-05
2019-04-04 14:33:28,3.0510125725246922e-05
2019-04-04 14:33:29,1.5255062862623461e-05
2019-04-04 14:33:30,7.627531431311731e-06
2019-04-04 14:33:31,3.8137657156558653e-06
2019-04-04 14:33:32,1.9068828578279326e-06
2019-04-04 14:33:33,9.534414289139663e-07
2019-04-04 14:33:34,4.7672071445698316e-07
2019-04-04 14:33:35,-2.9999997616396428
2019-04-04 14:33:36,-1.4999998808198214
2019-04-04 14:33:37,-3.7499999404099107
2019-04-04 14:33:38,-1.8749999702049553
2019-04-04 14:33:39,-0.9374999851024777
2019-04-04 14:33:40,1.0312500074487612
2019-04-04 14:33:41,0.5156250037243806
2019-04-04 14:33:42,0.2578125018621903
2019-04-04 14:33:43,0.12890625093109515
2019-04-04 14:33:44,0.06445312546554757
2019-04-04 14:33:45,0.032226562732773786
2019-04-04 14:33:46,0.016113281366386893
2019-04-04 14:33:47,0.008056640683193447
2019-04-04 14:33:48,0.004028320341596723
2019-04-04 14:33:49,0.0020141601707983616
2019-04-04 14:33:50,0.0010070800853991808
2019-04-04 14:33:51,0.0005035400426995904
2019-04-04 14:33:52,0.0002517700213497952
2019-04-04 14:33:53,0.0001258850106748976
2019-04-04 14:33:54,6.29425053374488e-05
2019-04-04 14:33:55,3.14712526687244e-05
2019-04-04 14:33:56,1.57356263343622e-05
2019-04-04 14:33:57,7.8678131671811e-06
2019-04-04 14:33:58,3.93390658359055e-06
2019-04-04 14:33:59,1.966953291795275e-06
2019-04-04 14:34:00,9.834766458976375e-07
2019-04-04 14:34:01,4.917383229488188e-07
2019-04-04 14:34:02,2.458691614744094e-07
2019-04-04 14:34:03,1.229345807372047e-07
2019-04-04 14:34:04,6.146729036860235e-08
2019-04-04 14:34:05,3.073364518430117e-08
2019-04-04 14:34:06,1.5366822592150586e-08
2019-04-04 14:34:07,7.683411296075293e-09
2019-04-04 14:34:08,1.0000000038417056
2019-04-04 14:34:09,0.5000000019208528
2019-04-04 14:34:10,0.2500000009604264
2019-04-04 14:34:11,0.1250000004802132
2019-04-04 14:34:12,0.0625000002401066
2019-04-04 14:34:13,0.0312500001200533
2019-04-04 14:34:14,0.01562500006002665
2019-04-04 14:34:15,0.007812500030013325
2019-04-04 14:34:16,0.003906250015006663
2019-04-04 14:34:17,0.0019531250075033313
2019-04-04 14:34:18,0.0009765625037516656
2019-04-04 14:34:19,0.0004882812518758328
2019-04-04 14:34:20,0.0002441406259379164
2019-04-04 14:34:21,0.0001220703129689582
2019-04-04 14:34:22,6.10351564844791e-05
2019-04-04 14:34:23,3.051757824223955e-05
2019-04-04 14:34:24,1.5258789121119776e-05
2019-04-04 14:34:25,7.629394560559888e-06
2019-04-04 14:34:26,3.814697280279944e-06
2019-04-04 14:34:27,1.907348640139972e-06
2019-04-04 14:34:28,9.53674320069986e-07
2019-04-04 14:34:29,4.76837160034993e-07
2019-04-04 14:34:30,2.384185800174965e-07
2019-04-04 14:34:31,1.1920929000874825e-07
2019-04-04 14:34:32,5.960464500437412e-08
2019-04-04 14:34:33,2.980232250218706e-08
2019-04-04 14:34:34,1.5000000149011612
2019-04-04 14:34:35,0.7500000074505806
2019-04-04 14:34:36,0.3750000037252903
2019-04-04 14:34:37,0.18750000186264515
2019-04-04 14:34:38,0.09375000093132257
2019-04-04 14:34:39,0.04687500046566129
2019-04-04 14:34:40,0.023437500232830644
2019-04-04 14:34:41,0.011718750116415322
2019-04-04 14:34:42,0.5058593750582077
2019-04-04 14:34:43,0.25292968752910383
2019-04-04 14:34:44,0.12646484376455192
2019-04-04 14:34:45,0.06323242188227596
2019-04-04 14:34:46,0.03161621094113798
2019-04-04 14:34:47,0.01580810547056899
2019-04-04 14:34:48,0.007904052735284495
2019-04-04 14:34:49,0.003952026367642247
2019-04-04 14:34:50,0.0019760131838211237
2019-04-04 14:34:51,0.0009880065919105618
2019-04-04 14:34:52,0.0004940032959552809
2019-04-04 14:34:53,0.00024700164797764046
2019-04-04 14:34:54,0.5001235008239888
2019-04-04 14:34:55,0.2500617504119944
2019-04-04 14:34:56,0.1250308752059972
2019-04-04 14:34:57,0.0625154376029986
2019-04-04 14:34:58,0.0312577188014993
2019-04-04 14:34:59,1.0156288594007497
2019-04-04 14:35:00,0.5078144297003748
2019-04-04 14:35:01,0.2539072148501874
2019-04-04 14:35:02,0.1269536074250937
2019-04-04 14:35:03,0.06347680371254685
2019-04-04 14:35:04,0.03173840185627343
2019-04-04 14:35:05,0.015869200928136713
2019-04-04 14:35:06,0.007934600464068357
2019-04-04 14:35:07,0.003967300232034178
2019-04-04 14:35:08,0.001983650116017089
2019-04-04 14:35:09,0.0009918250580085446
2019-04-04 14:35:10,0.0004959125290042723
2019-04-04 14:35:11,0.00024795626450213615
2019-04-04 14:35:12,0.00012397813225106807
2019-04-04 14:35:13,6.198906612553404e-05
2019-04-04 14:35:14,3.099453306276702e-05
2019-04-04 14:35:15,1.549726653138351e-05
2019-04-04 14:35:16,7.748633265691755e-06
2019-04-04 14:35:17,3.874316632845877e-06
2019-04-04 14:35:18,1.9371583164229386e-06
2019-04-04 14:35:19,9.685791582114693e-07
2019-04-04 14:35:20,4.842895791057347e-07
2019-04-04 14:35:21,2.4214478955286733e-07
2019-04-04 14:35:22,1.2107239477643366e-07
2019-04-04 14:35:23,6.053619738821683e-08
2019-04-04 14:35:24,3.0268098694108416e-08
2019-04-04 14:35:25,1.5134049347054208e-08
2019-04-04 14:35:26,7.567024673527104e-09
2019-04-04 14:35:27,3.783512336763552e-09
2019-04-04 14:35:28,1.891756168381776e-09
2019-04-04 14:35:29,9.45878084190888e-10
2019-04-04 14:35:30,4.72939042095444e-10
2019-04-04 14:35:31,2.36469521047722e-10
2019-04-04 14:35:32,1.18234760523861e-10
2019-04-04 14:35:33,5.91173802619305e-11
2019-04-04 14:35:34,2.955869013096525e-11
2019-04-04 14:35:35,-0.49999999998522066
2019-04-04 14:35:36,-0.24999999999261033
2019-04-04 14:35:37,-0.12499999999630516
2019-04-04 14:35:38,-0.06249999999815258
2019-04-04 14:35:39,-0.03124999999907629
2019-04-04 14:35:40,-0.015624999999538145
2019-04-04 14:35:41,-0.007812499999769073
2019-04-04 14:35:42,-0.0039062499998845364
2019-04-04 14:35:43,-0.0019531249999422682
2019-04-04 14:35:44,-0.0009765624999711341
2019-04-04 14:35:45,-0.00048828124998556705
2019-04-04 14:35:46,-0.00024414062499278352
2019-04-04 14:35:47,-0.00012207031249639176
2019-04-04 14:35:48,-6.103515624819588e-05
2019-04-04 14:35:49,-3.051757812409794e-05
2019-04-04 14:35:50,-1.525878906204897e-05
2019-04-04 14:35:51,-7.629394531024485e-06
2019-04-04 14:35:52,-3.8146972655122426e-06
2019-04-04 14:35:53,-1.9073486327561213e-06
2019-04-04 14:35:54,-9.536743163780606e-07
2019-04-04 14:35:55,-4.768371581890303e-07
2019-04-04 14:35:56,-2.3841857909451516e-07
2019-04-04 14:35:57,-1.1920928954725758e-07
2019-04-04 14:35:58,-5.960464477362879e-08
2019-04-04 14:35:59,-2.9802322386814395e-08
2019-04-04 14:36:00,-1.4901161193407197e-08
2019-04-04 14:36:01,-7.450580596703599e-09
2019-04-04 14:36:02,-3.7252902983517994e-09
2019-04-04 14:36:03,-1.8626451491758997e-09
2019-04-04 14:36:04,-9.313225745879498e-10
2019-04-04 14:36:05,-4.656612872939749e-10
2019-04-04 14:36:06,-2.3283064364698746e-10
2019-04-04 14:36:07,-1.1641532182349373e-10
2019-04-04 14:36:08,-5.8207660911746865e-11
2019-04-04 14:36:09,-2.9103830455873433e-11
2019-04-04 14:36:10,-1.4551915227936716e-11
2019-04-04 14:36:11,-7.275957613968358e-12
2019-04-04 14:36:12,-3.637978806984179e-12
2019-04-04 14:36:13,-1.8189894034920895e-12
2019-04-04 14:36:14,-9.094947017460448e-13
2019-04-04 14:36:15,-4.547473508730224e-13
2019-04-04 14:36:16,-2.273736754365112e-13
2019-04-04 14:36:17,-1.136868377182556e-13
2019-04-04 14:36:18,-5.68434188591278e-14
2019-04-04 14:36:19,-2.84217094295639e-14
2019-04-04 14:36:20,-1.421085471478195e-14
2019-04-04 14:36:21,-7.105427357390975e-15
2019-04-04 14:36:22,-3.5527136786954874e-15
2019-04-04 14:36:23,-1.7763568393477437e-15
2019-04-04 14:36:24,-8.881784196738718e-16
2019-04-04 14:36:25,-4.440892098369359e-16
2019-04-04 14:36:26,-2.2204460491846796e-16
2019-04-04 14:36:27,-1.1102230245923398e-16
2019-04-04 14:36:28,-5.551115122961699e-17
2019-04-04 14:36:29,-2.7755575614808495e-17
2019-04-04 14:36:30,-1.3877787807404248e-17
2019-04-04 14:36:31,-1.5
2019-04-04 14:36:32,-0.75
2019-04-04 14:36:33,-2.375
2019-04-04 14:36:34,-1.1875
2019-04-04 14:36:35,-0.59375
2019-04-04 14:36:36,-0.796875
2019-04-04 14:36:37,-0.3984375
2019-04-04 14:36:38,-0.19921875
2019-04-04 14:36:39,-0.099609375
2019-04-04 14:36:40,-0.0498046875
2019-04-04 14:36:41,-0.02490234375
2019-04-04 14:36:42,-0.012451171875
2019-04-04 14:36:43,-0.0062255859375
2019-04-04 14:36:44,-0.00311279296875
2019-04-04 14:36:45,-0.001556396484375
2019-04-04 14:36:46,-0.0007781982421875
2019-04-04 14:36:47,-0.00038909912109375
2019-04-04 14:36:48,-2.000194549560547
2019-04-04 14:36:49,-1.0000972747802734
2019-04-04 14:36:50,-0.5000486373901367
2019-04-04 14:36:51,-0.25002431869506836
2019-04-04 14:36:52,-0.12501215934753418
2019-04-04 14:36:53,-0.06250607967376709
2019-04-04 14:36:54,-0.031253039836883545
2019-04-04 14:36:55,-0.015626519918441772
2019-04-04 14:36:56,-0.007813259959220886
2019-04-04 14:36:57,-0.003906629979610443
2019-04-04 14:36:58,-0.0019533149898052216
2019-04-04 14:36:59,-0.0009766574949026108
2019-04-04 14:37:00,-0.0004883287474513054
2019-04-04 14:37:01,-0.0002441643737256527
2019-04-04 14:37:02,-0.00012208218686282635
2019-04-04 14:37:03,-6.104109343141317e-05
2019-04-04 14:37:04,-3.052054671570659e-05
2019-04-04 14:37:05,-1.5260273357853293e-05
2019-04-04 14:37:06,-7.630136678926647e-06
2019-04-04 14:37:07,-3.815068339463323e-06
2019-04-04 14:37:08,-1.9075341697316617e-06
2019-04-04 14:37:09,-9.537670848658308e-07
2019-04-04 14:37:10,-4.768835424329154e-07
2019-04-04 14:37:11,-2.384417712164577e-07
2019-04-04 14:37:12,-1.1922088560822885e-07
2019-04-04 14:37:13,-5.961044280411443e-08
2019-04-04 14:37:14,-2.9805221402057214e-08
2019-04-04 14:37:15,-1.4902610701028607e-08
2019-04-04 14:37:16,-7.451305350514303e-09
2019-04-04 14:37:17,-3.725652675257152e-09
2019-04-04 14:37:18,-1.862826337628576e-09
2019-04-04 14:37:19,-9.31413168814288e-10
2019-04-04 14:37:20,-4.65706584407144e-10
2019-04-04 14:37:21,-2.32853292203572e-10
2019-04-04 14:37:22,-1.16426646101786e-10
2019-04-04 14:37:23,-5.8213323050893e-11
2019-04-04 14:37:24,-2.91066615254465e-11
2019-04-04 14:37:25,-1.455333076272325e-11
2019-04-04 14:37:26,-7.276665381361624e-12
2019-04-04 14:37:27,-3.638332690680812e-12
2019-04-04 14:37:28,-1.819166345340406e-12
2019-04-04 14:37:29,-9.09583172670203e-13
2019-04-04 14:37:30,-4.547915863351015e-13
2019-04-04 14:37:31,-2.2739579316755076e-13
2019-04-04 14:37:32,-1.1369789658377538e-13
2019-04-04 14:37:33,-5.684894829188769e-14
2019-04-04 14:37:34,-2.8424474145943845e-14
2019-04-04 14:37:35,-1.4212237072971923e-14
2019-04-04 14:37:36,-7.106118536485961e-15
2019-04-04 14:37:37,-3.553059268242981e-15
2019-04-04 14:37:38,-1.7765296341214903e-15
2019-04-04 14:37:39,-8.882648170607452e-16
2019-04-04 14:37:40,-4.441324085303726e-16
2019-04-04 14:37:41,3.9999999999999996
2019-04-04 14:37:42,1.9999999999999998
2019-04-04 14:37:43,0.9999999999999999
2019-04-04 14:37:44,3.0
2019-04-04 14:37:45,1.5
2019-04-04 14:37:46,0.75
2019-04-04 14:37:47,0.375
2019-04-04 14:37:48,0.1875
2019-04-04 14:37:49,0.09375
2019-04-04 14:37:50,0.046875
2019-04-04 14:37:51,0.0234375
2019-04-04 14:37:52,0.51171875
2019-04-04 14:37:53,0.255859375
2019-04-04 14:37:54,0.1279296875
2019-04-04 14:37:55,0.06396484375
2019-04-04 14:37:56,0.031982421875
2019-04-04 14:37:57,0.0159912109375
2019-04-04 14:37:58,0.00799560546875
2019-04-04 14:37:59,0.003997802734375
2019-04-04 14:38:00,0.0019989013671875
2019-04-04 14:38:01,0.00099945068359375
2019-04-04 14:38:02,0.000499725341796875
2019-04-04 14:38:03,0.0002498626708984375
2019-04-04 14:38:04,0.00012493133544921875
2019-04-04 14:38:05,6.246566772460938e-05
2019-04-04 14:38:06,3.123283386230469e-05
2019-04-04 14:38:07,1.5616416931152344e-05
2019-04-04 14:38:08,7.808208465576172e-06
2019-04-04 14:38:09,3.904104232788086e-06
2019-04-04 14:38:10,1.952052116394043e-06
2019-04-04 14:38:11,9.760260581970215e-07
2019-04-04 14:38:12,4.880130290985107e-07
2019-04-04 14:38:13,2.4400651454925537e-07
2019-04-04 14:38:14,1.2200325727462769e-07
2019-04-04 14:38:15,6.100162863731384e-08
2019-04-04 14:38:16,3.050081431865692e-08
2019-04-04 14:38:17,1.525040715932846e-08
2019-04-04 14:38:18,7.62520357966423e-09
2019-04-04 14:38:19,3.812601789832115e-09
2019-04-04 14:38:20,1.9063008949160576e-09
2019-04-04 14:38:21,9.531504474580288e-10
2019-04-04 14:38:22,4.765752237290144e-10
2019-04-04 14:38:23,2.382876118645072e-10
2019-04-04 14:38:24,1.191438059322536e-10
2019-04-04 14:38:25,4.000000000059572
2019-04-04 14:38:26,2.000000000029786
2019-04-04 14:38:27,1.000000000014893
2019-04-04 14:38:28,0.5000000000074465
2019-04-04 14:38:29,0.25000000000372324
2019-04-04 14:38:30,-0.8749999999981384
2019-04-04 14:38:31,-0.4374999999990692
2019-04-04 14:38:32,-0.2187499999995346
2019-04-04 14:38:33,-0.1093749999997673
2019-04-04 14:38:34,-0.05468749999988365
2019-04-04 14:38:35,-0.027343749999941824
2019-04-04 14:38:36,-0.013671874999970912
2019-04-04 14:38:37,-0.006835937499985456
2019-04-04 14:38:38,-0.003417968749992728
2019-04-04 14:38:39,-0.001708984374996364
2019-04-04 14:38:40,-0.000854492187498182
2019-04-04 14:38:41,-0.000427246093749091
2019-04-04 14:38:42,-0.0002136230468745455
2019-04-04 14:38:43,-0.00010681152343727275
2019-04-04 14:38:44,-5.3405761718636376e-05
2019-04-04 14:38:45,-2.6702880859318188e-05
2019-04-04 14:38:46,-1.3351440429659094e-05
2019-04-04 14:38:47,-6.675720214829547e-06
2019-04-04 14:38:48,-3.3378601074147735e-06
2019-04-04 14:38:49,-0.5000016689300537
2019-04-04 14:38:50,-0.25000083446502686
2019-04-04 14:38:51,-0.12500041723251343
2019-04-04 14:38:52,-0.06250020861625671
2019-04-04 14:38:53,-0.03125010430812836
2019-04-04 14:38:54,-0.01562505215406418
2019-04-04 14:38:55,0.9921874739229679
2019-04-04 14:38:56,0.49609373696148396
2019-04-04 14:38:57,0.24804686848074198
2019-04-04 14:38:58,0.12402343424037099
2019-04-04 14:38:59,0.062011717120185494
2019-04-04 14:39:00,0.031005858560092747
2019-04-04 14:39:01,0.015502929280046374
2019-04-04 14:39:02,0.007751464640023187
2019-04-04 14:39:03,0.0038757323200115934
2019-04-04 14:39:04,0.0019378661600057967
2019-04-04 14:39:05,0.0009689330800028984
2019-04-04 14:39:06,0.0004844665400014492
2019-04-04 14:39:07,0.0002422332700007246
2019-04-04 14:39:08,0.0001211166350003623
2019-04-04 14:39:09,6.055831750018115e-05
2019-04-04 14:39:10,3.0279158750090573e-05
2019-04-04 14:39:11,1.5139579375045287e-05
2019-04-04 14:39:12,7.569789687522643e-06
2019-04-04 14:39:13,3.7848948437613217e-06
2019-04-04 14:39:14,1.8924474218806608e-06
2019-04-04 14:39:15,9.462237109403304e-07
2019-04-04 14:39:16,4.731118554701652e-07
2019-04-04 14:39:17,2.365559277350826e-07
2019-04-04 14:39:18,19.000000118277963
2019-04-04 14:39:19,9.500000059138982
2019-04-04 14:39:20,4.250000029569491
2019-04-04 14:39:21,2.1250000147847454
2019-04-04 14:39:22,1.0625000073923727
2019-04-04 14:39:23,1.0312500036961865
2019-04-04 14:39:24,0.5156250018480932
2019-04-04 14:39:25,0.2578125009240466
2019-04-04 14:39:26,0.1289062504620233
2019-04-04 14:39:27,0.06445312523101165
2019-04-04 14:39:28,0.03222656261550583
2019-04-04 14:39:29,0.016113281307752914
2019-04-04 14:39:30,1.0080566406538765
2019-04-04 14:39:31,0.5040283203269382
2019-04-04 14:39:32,0.2520141601634691
2019-04-04 14:39:33,0.12600708008173456
2019-04-04 14:39:34,-5.436996459959133
2019-04-04 14:39:35,-2.7184982299795664
2019-04-04 14:39:36,-1.3592491149897832
2019-04-04 14:39:37,-0.6796245574948916
2019-04-04 14:39:38,-0.3398122787474458
2019-04-04 14:39:39,-0.1699061393737229
2019-04-04 14:39:40,-0.08495306968686145
2019-04-04 14:39:41,-0.042476534843430724
2019-04-04 14:39:42,-0.021238267421715362
2019-04-04 14:39:43,-0.010619133710857681
2019-04-04 14:39:44,-0.0053095668554288405
2019-04-04 14:39:45,-0.0026547834277144203
2019-04-04 14:39:46,-0.0013273917138572101
2019-04-04 14:39:47,-0.0006636958569286051
2019-04-04 14:39:48,-0.00033184792846430253
2019-04-04 14:39:49,-0.00016592396423215127
2019-04-04 14:39:50,-8.296198211607563e-05
2019-04-04 14:39:51,-4.148099105803782e-05
2019-04-04 14:39:52,-2.074049552901891e-05
2019-04-04 14:39:53,-1.0370247764509454e-05
2019-04-04 14:39:54,-5.185123882254727e-06
2019-04-04 14:39:55,-2.5925619411273635e-06
2019-04-04 14:39:56,-1.2962809705636818e-06
2019-04-04 14:39:57,-6.481404852818409e-07
2019-04-04 14:39:58,-3.2407024264092044e-07
2019-04-04 14:39:59,-1.6203512132046022e-07
2019-04-04 14:40:00,-8.101756066023011e-08
2019-04-04 14:40:01,-4.0508780330115055e-08
2019-04-04 14:40:02,-2.0254390165057528e-08
2019-04-04 14:40:03,-1.0127195082528764e-08
2019-04-04 14:40:04,-5.063597541264382e-09
2019-04-04 14:40:05,-2.531798770632191e-09
2019-04-04 14:40:06,-1.2658993853160955e-09
2019-04-04 14:40:07,-6.329496926580477e-10
2019-04-04 14:40:08,-3.1647484632902387e-10
2019-04-04 14:40:09,-1.5823742316451194e-10
2019-04-04 14:40:10,-7.911871158225597e-11
2019-04-04 14:40:11,0.9999999999604406
2019-04-04 14:40:12,0.4999999999802203
2019-04-04 14:40:13,0.24999999999011016
2019-04-04 14:40:14,0.12499999999505508
2019-04-04 14:40:15,0.06249999999752754
2019-04-04 14:40:16,0.03124999999876377
2019-04-04 14:40:17,0.5156249999993819
2019-04-04 14:40:18,0.25781249999969097
2019-04-04 14:40:19,0.12890624999984548
2019-04-04 14:40:20,0.06445312499992274
2019-04-04 14:40:21,-1.9677734375000386
2019-04-04 14:40:22,-0.9838867187500193
2019-04-04 14:40:23,-0.49194335937500966
2019-04-04 14:40:24,-0.24597167968750483
2019-04-04 14:40:25,-0.12298583984375241
2019-04-04 14:40:26,-0.06149291992187621
2019-04-04 14:40:27,-0.030746459960938104
2019-04-04 14:40:28,-0.015373229980469052
2019-04-04 14:40:29,-0.007686614990234526
2019-04-04 14:40:30,-0.003843307495117263
2019-04-04 14:40:31,-0.0019216537475586315
2019-04-04 14:40:32,-0.0009608268737793157
2019-04-04 14:40:33,-0.00048041343688965787
2019-04-04 14:40:34,-0.00024020671844482894
2019-04-04 14:40:35,-0.00012010335922241447
2019-04-04 14:40:36,-6.0051679611207234e-05
2019-04-04 14:40:37,-0.5000300258398056
2019-04-04 14:40:38,-0.2500150129199028
2019-04-04 14:40:39,-0.1250075064599514
2019-04-04 14:40:40,-0.0625037532299757
2019-04-04 14:40:41,-0.03125187661498785
2019-04-04 14:40:42,-0.015625938307493925
2019-04-04 14:40:43,-0.007812969153746963
2019-04-04 14:40:44,-0.003906484576873481
2019-04-04 14:40:45,-0.0019532422884367406
2019-04-04 14:40:46,-0.0009766211442183703
2019-04-04 14:40:47,-0.0004883105721091852
2019-04-04 14:40:48,-0.0002441552860545926
2019-04-04 14:40:49,-0.0001220776430272963
2019-04-04 14:40:50,-6.103882151364814e-05
2019-04-04 14:40:51,-3.051941075682407e-05
2019-04-04 14:40:52,-1.5259705378412036e-05
2019-04-04 14:40:53,-7.629852689206018e-06
2019-04-04 14:40:54,-3.814926344603009e-06
2019-04-04 14:40:55,-1.9074631723015045e-06
2019-04-04 14:40:56,-9.537315861507523e-07
2019-04-04 14:40:57,-4.768657930753761e-07
2019-04-04 14:40:58,-2.3843289653768807e-07
2019-04-04 14:40:59,-1.1921644826884403e-07
2019-04-04 14:41:00,-5.960822413442202e-08
2019-04-04 14:41:01,-2.980411206721101e-08
2019-04-04 14:41:02,-1.4902056033605504e-08
2019-04-04 14:41:03,-7.451028016802752e-09
2019-04-04 14:41:04,-3.725514008401376e-09
2019-04-04 14:41:05,-1.862757004200688e-09
2019-04-04 14:41:06,-9.31378502100344e-10
2019-04-04 14:41:07,-4.65689251050172e-10
2019-04-04 14:41:08,-1.0000000002328446
2019-04-04 14:41:09,-0.5000000001164223
2019-04-04 14:41:10,-1.2500000000582112
2019-04-04 14:41:11,-1.1250000000291056
2019-04-04 14:41:12,-0.5625000000145528
2019-04-04 14:41:13,-0.2812500000072764
2019-04-04 14:41:14,-0.1406250000036382
2019-04-04 14:41:15,-0.0703125000018191
2019-04-04 14:41:16,0.9648437499990905
2019-04-04 14:41:17,0.48242187499954525
2019-04-04 14:41:18,0.24121093749977263
2019-04-04 14:41:19,0.12060546874988631
2019-04-04 14:41:20,0.06030273437494316
2019-04-04 14:41:21,0.03015136718747158
2019-04-04 14:41:22,0.01507568359373579
2019-04-04 14:41:23,0.007537841796867895
2019-04-04 14:41:24,0.0037689208984339473
2019-04-04 14:41:25,0.0018844604492169736
2019-04-04 14:41:26,0.0009422302246084868
2019-04-04 14:41:27,0.0004711151123042434
2019-04-04 14:41:28,0.0002355575561521217
2019-04-04 14:41:29,0.00011777877807606085
2019-04-04 14:41:30,0.5000588893890381
2019-04-04 14:41:31,0.25002944469451904
2019-04-04 14:41:32,0.12501472234725952
2019-04-04 14:41:33,0.06250736117362976
2019-04-04 14:41:34,0.03125368058681488
2019-04-04 14:41:35,0.01562684029340744
2019-04-04 14:41:36,0.00781342014670372
2019-04-04 14:41:37,0.00390671007335186
2019-04-04 14:41:38,0.00195335503667593
2019-04-04 14:41:39,0.000976677518337965
2019-04-04 14:41:40,0.0004883387591689825
2019-04-04 14:41:41,0.00024416937958449125
2019-04-04 14:41:42,0.00012208468979224563
2019-04-04 14:41:43,6.104234489612281e-05
2019-04-04 14:41:44,3.052117244806141e-05
2019-04-04 14:41:45,1.5260586224030703e-05
2019-04-04 14:41:46,7.630293112015352e-06
2019-04-04 14:41:47,3.815146556007676e-06
2019-04-04 14:41:48,1.907573278003838e-06
2019-04-04 14:41:49,9.53786639001919e-07
2019-04-04 14:41:50,4.768933195009595e-07
2019-04-04 14:41:51,2.3844665975047974e-07
2019-04-04 14:41:52,1.1922332987523987e-07
2019-04-04 14:41:53,5.961166493761993e-08
2019-04-04 14:41:54,2.980583246880997e-08
2019-04-04 14:41:55,1.4902916234404984e-08
2019-04-04 14:41:56,7.451458117202492e-09
2019-04-04 14:41:57,3.725729058601246e-09
2019-04-04 14:41:58,-9.999999998137135
2019-04-04 14:41:59,-4.999999999068567
2019-04-04 14:42:00,-2.4999999995342836
2019-04-04 14:42:01,-1.2499999997671418
2019-04-04 14:42:02,-0.6249999998835709
2019-04-04 14:42:03,0.18750000005821454
2019-04-04 14:42:04,0.09375000002910727
2019-04-04 14:42:05,0.046875000014553636
2019-04-04 14:42:06,0.023437500007276818
2019-04-04 14:42:07,0.011718750003638409
2019-04-04 14:42:08,0.0058593750018192045
2019-04-04 14:42:09,0.0029296875009096023
2019-04-04 14:42:10,0.5014648437504547
2019-04-04 14:42:11,0.2507324218752274
2019-04-04 14:42:12,0.1253662109376137
2019-04-04 14:42:13,0.06268310546880684
2019-04-04 14:42:14,0.03134155273440342
2019-04-04 14:42:15,1.0156707763672017
2019-04-04 14:42:16,0.5078353881836009
2019-04-04 14:42:17,0.2539176940918004
2019-04-04 14:42:18,0.1269588470459002
2019-04-04 14:42:19,0.0634794235229501
2019-04-04 14:42:20,0.531739711761475
2019-04-04 14:42:21,0.2658698558807375
2019-04-04 14:42:22,0.13293492794036876
2019-04-04 14:42:23,0.06646746397018438
2019-04-04 14:42:24,0.03323373198509219
2019-04-04 14:42:25,0.5166168659925461
2019-04-04 14:42:26,-0.24169156700372696
2019-04-04 14:42:27,-0.12084578350186348
2019-04-04 14:42:28,-0.06042289175093174
2019-04-04 14:42:29,-0.03021144587546587
2019-04-04 14:42:30,-0.015105722937732935
2019-04-04 14:42:31,-0.0075528614688664675
2019-04-04 14:42:32,-0.0037764307344332337
2019-04-04 14:42:33,-0.0018882153672166169
2019-04-04 14:42:34,0.4990558923163917
2019-04-04 14:42:35,0.24952794615819585
2019-04-04 14:42:36,0.12476397307909792
2019-04-04 14:42:37,0.06238198653954896
2019-04-04 14:42:38,0.03119099326977448
2019-04-04 14:42:39,0.01559549663488724
2019-04-04 14:42:40,0.00779774831744362
2019-04-04 14:42:41,0.00389887415872181
2019-04-04 14:42:42,0.5019494370793609
2019-04-04 14:42:43,0.25097471853968045
2019-04-04 14:42:44,0.12548735926984023
2019-04-04 14:42:45,0.06274367963492011
2019-04-04 14:42:46,0.03137183981746006
2019-04-04 14:42:47,0.01568591990873003
2019-04-04 14:42:48,0.007842959954365014
2019-04-04 14:42:49,0.003921479977182507
2019-04-04 14:42:50,0.0019607399885912535
2019-04-04 14:42:51,0.0009803699942956268
2019-04-04 14:42:52,0.0004901849971478134
2019-04-04 14:42:53,0.0002450924985739067
2019-04-04 14:42:54,0.00012254624928695335
2019-04-04 14:42:55,6.127312464347667e-05
2019-04-04 14:42:56,3.0636562321738336e-05
2019-04-04 14:42:57,1.5318281160869168e-05
2019-04-04 14:42:58,7.659140580434584e-06
2019-04-04 14:42:59,3.829570290217292e-06
2019-04-04 14:43:00,1.914785145108646e-06
2019-04-04 14:43:01,9.57392572554323e-07
2019-04-04 14:43:02,4.786962862771615e-07
2019-04-04 14:43:03,2.3934814313858075e-07
2019-04-04 14:43:04,1.1967407156929038e-07
2019-04-04 14:43:05,5.983703578464519e-08
2019-04-04 14:43:06,2.9918517892322594e-08
2019-04-04 14:43:07,1.4959258946161297e-08
2019-04-04 14:43:08,7.479629473080649e-09
2019-04-04 14:43:09,1.5000000037398147
2019-04-04 14:43:10,0.7500000018699073
2019-04-04 14:43:11,0.8750000009349537
2019-04-04 14:43:12,0.43750000046747684
2019-04-04 14:43:13,0.21875000023373842
2019-04-04 14:43:14,0.10937500011686921
2019-04-04 14:43:15,0.054687500058434604
2019-04-04 14:43:16,0.027343750029217302
2019-04-04 14:43:17,0.013671875014608651
2019-04-04 14:43:18,0.0068359375073043255
2019-04-04 14:43:19,0.0034179687536521628
2019-04-04 14:43:20,0.0017089843768260814
2019-04-04 14:43:21,0.0008544921884130407
2019-04-04 14:43:22,0.00042724609420652035
2019-04-04 14:43:23,0.00021362304710326017
2019-04-04 14:43:24,0.00010681152355163009
2019-04-04 14:43:25,5.340576177581504e-05
2019-04-04 14:43:26,2.670288088790752e-05
2019-04-04 14:43:27,1.335144044395376e-05
2019-04-04 14:43:28,6.67572022197688e-06
2019-04-04 14:43:29,3.33786011098844e-06
2019-04-04 14:43:30,1.66893005549422e-06
2019-04-04 14:43:31,8.3446502774711e-07
2019-04-04 14:43:32,4.17232513873555e-07
2019-04-04 14:43:33,2.086162569367775e-07
2019-04-04 14:43:34,1.0430812846838876e-07
2019-04-04 14:43:35,5.215406423419438e-08
2019-04-04 14:43:36,0.5000000260770321
2019-04-04 14:43:37,0.25000001303851604
2019-04-04 14:43:38,0.12500000651925802
2019-04-04 14:43:39,0.06250000325962901
2019-04-04 14:43:40,0.031250001629814506
2019-04-04 14:43:41,0.015625000814907253
2019-04-04 14:43:42,0.007812500407453626
2019-04-04 14:43:43,0.003906250203726813
2019-04-04 14:43:44,0.0019531251018634066
2019-04-04 14:43:45,0.0009765625509317033
2019-04-04 14:43:46,0.0004882812754658516
2019-04-04 14:43:47,0.0002441406377329258
2019-04-04 14:43:48,0.0001220703188664629
2019-04-04 14:43:49,6.103515943323146e-05
2019-04-04 14:43:50,3.051757971661573e-05
2019-04-04 14:43:51,1.5258789858307864e-05
2019-04-04 14:43:52,7.629394929153932e-06
2019-04-04 14:43:53,3.814697464576966e-06
2019-04-04 14:43:54,1.907348732288483e-06
2019-04-04 14:43:55,9.536743661442415e-07
2019-04-04 14:43:56,4.768371830721208e-07
2019-04-04 14:43:57,2.384185915360604e-07
2019-04-04 14:43:58,1.192092957680302e-07
2019-04-04 14:43:59,5.96046478840151e-08
2019-04-04 14:44:00,2.980232394200755e-08
2019-04-04 14:44:01,1.4901161971003773e-08
2019-04-04 14:44:02,7.450580985501887e-09
2019-04-04 14:44:03,3.725290492750943e-09
2019-04-04 14:44:04,1.8626452463754717e-09
2019-04-04 14:44:05,-0.9999999990686774
2019-04-04 14:44:06,-0.4999999995343387
2019-04-04 14:44:07,-0.24999999976716936
2019-04-04 14:44:08,-0.12499999988358468
2019-04-04 14:44:09,-0.06249999994179234
2019-04-04 14:44:10,-0.03124999997089617
2019-04-04 14:44:11,-0.015624999985448085
2019-04-04 14:44:12,1.492187500007276
2019-04-04 14:44:13,0.746093750003638
2019-04-04 14:44:14,0.373046875001819
2019-04-04 14:44:15,0.1865234375009095
2019-04-04 14:44:16,0.09326171875045475
2019-04-04 14:44:17,0.046630859375227374
2019-04-04 14:44:18,-6.476684570312386
2019-04-04 14:44:19,-3.238342285156193
2019-04-04 14:44:20,-1.6191711425780966
2019-04-04 14:44:21,-0.8095855712890483
2019-04-04 14:44:22,-0.40479278564452414
2019-04-04 14:44:23,-0.20239639282226207
2019-04-04 14:44:24,-0.10119819641113104
2019-04-04 14:44:25,-0.05059909820556552
2019-04-04 14:44:26,-0.02529954910278276
2019-04-04 14:44:27,4.987350225448608
2019-04-04 14:44:28,2.493675112724304
2019-04-04 14:44:29,1.246837556362152
2019-04-04 14:44:30,0.623418778181076
2019-04-04 14:44:31,0.311709389090538
2019-04-04 14:44:32,0.155854694545269
2019-04-04 14:44:33,0.5779273472726345
2019-04-04 14:44:34,0.28896367363631725
2019-04-04 14:44:35,0.14448183681815863
2019-04-04 14:44:36,0.07224091840907931
2019-04-04 14:44:37,0.5361204592045397
2019-04-04 14:44:38,0.26806022960226983
2019-04-04 14:44:39,0.13403011480113491
2019-04-04 14:44:40,0.06701505740056746
2019-04-04 14:44:41,0.03350752870028373
2019-04-04 14:44:42,0.016753764350141864
2019-04-04 14:44:43,0.008376882175070932
2019-04-04 14:44:44,0.004188441087535466
2019-04-04 14:44:45,0.002094220543767733
2019-04-04 14:44:46,0.0010471102718838665
2019-04-04 14:44:47,0.0005235551359419333
2019-04-04 14:44:48,0.00026177756797096663
2019-04-04 14:44:49,0.00013088878398548331
2019-04-04 14:44:50,6.544439199274166e-05
2019-04-04 14:44:51,3.272219599637083e-05
2019-04-04 14:44:52,1.6361097998185414e-05
2019-04-04 14:44:53,8.180548999092707e-06
2019-04-04 14:44:54,4.090274499546354e-06
2019-04-04 14:44:55,2.045137249773177e-06
2019-04-04 14:44:56,1.0225686248865884e-06
2019-04-04 14:44:57,5.112843124432942e-07
2019-04-04 14:44:58,2.556421562216471e-07
2019-04-04 14:44:59,1.2782107811082355e-07
2019-04-04 14:45:00,6.391053905541177e-08
2019-04-04 14:45:01,3.195526952770589e-08
2019-04-04 14:45:02,1.5977634763852944e-08
2019-04-04 14:45:03,7.988817381926472e-09
2019-04-04 14:45:04,3.994408690963236e-09
2019-04-04 14:45:05,1.997204345481618e-09
2019-04-04 14:45:06,9.98602172740809e-10
2019-04-04 14:45:07,4.993010863704045e-10
2019-04-04 14:45:08,2.4965054318520224e-10
2019-04-04 14:45:09,1.2482527159260112e-10
2019-04-04 14:45:10,6.241263579630056e-11
2019-04-04 14:45:11,3.120631789815028e-11
2019-04-04 14:45:12,1.560315894907514e-11
2019-04-04 14:45:13,7.80157947453757e-12
2019-04-04 14:45:14,3.900789737268785e-12
2019-04-04 14:45:15,1.9503948686343925e-12
2019-04-04 14:45:16,9.751974343171963e-13
2019-04-04 14:45:17,4.875987171585981e-13
2019-04-04 14:45:18,2.4379935857929907e-13
2019-04-04 14:45:19,1.2189967928964953e-13
2019-04-04 14:45:20,6.094983964482477e-14
2019-04-04 14:45:21,3.0474919822412383e-14
2019-04-04 14:45:22,1.5237459911206192e-14
2019-04-04 14:45:23,7.618729955603096e-15
2019-04-04 14:45:24,3.809364977801548e-15
2019-04-04 14:45:25,1.904682488900774e-15
2019-04-04 14:45:26,9.52341244450387e-16
2019-04-04 14:45:27,4.761706222251935e-16
2019-04-04 14:45:28,2.3808531111259675e-16
2019-04-04 14:45:29,1.1904265555629837e-16
2019-04-04 14:45:30,5.952132777814919e-17
2019-04-04 14:45:31,2.9760663889074593e-17
2019-04-04 14:45:32,1.4880331944537297e-17
2019-04-04 14:45:33,7.440165972268648e-18
2019-04-04 14:45:34,3.720082986134324e-18
2019-04-04 14:45:35,1.860041493067162e-18
2019-04-04 14:45:36,9.30020746533581e-19
2019-04-04 14:45:37,4.650103732667905e-19
2019-04-04 14:45:38,-9.5
2019-04-04 14:45:39,-4.75
2019-04-04 14:45:40,-2.375
2019-04-04 14:45:41,-1.1875
2019-04-04 14:45:42,-0.59375
2019-04-04 14:45:43,-0.296875
2019-04-04 14:45:44,-0.1484375
2019-04-04 14:45:45,-0.07421875
2019-04-04 14:45:46,-0.037109375
2019-04-04 14:45:47,-0.0185546875
2019-04-04 14:45:48,-0.00927734375
2019-04-04 14:45:49,0.495361328125
2019-04-04 14:45:50,-0.2523193359375
2019-04-04 14:45:51,-0.12615966796875
2019-04-04 14:45:52,-0.063079833984375
2019-04-04 14:45:53,-0.0315399169921875
2019-04-04 14:45:54,-0.01576995849609375
2019-04-04 14:45:55,-0.007884979248046875
2019-04-04 14:45:56,0.49605751037597656
2019-04-04 14:45:57,0.24802875518798828
2019-04-04 14:45:58,0.12401437759399414
2019-04-04 14:45:59,0.06200718879699707
2019-04-04 14:46:00,0.031003594398498535
2019-04-04 14:46:01,0.015501797199249268
2019-04-04 14:46:02,0.007750898599624634
2019-04-04 14:46:03,0.003875449299812317
2019-04-04 14:46:04,0.0019377246499061584
2019-04-04 14:46:05,0.0009688623249530792
2019-04-04 14:46:06,0.0004844311624765396
2019-04-04 14:46:07,0.0002422155812382698
2019-04-04 14:46:08,0.0001211077906191349
2019-04-04 14:46:09,6.055389530956745e-05
2019-04-04 14:46:10,3.0276947654783726e-05
2019-04-04 14:46:11,1.5138473827391863e-05
2019-04-04 14:46:12,7.5692369136959314e-06
2019-04-04 14:46:13,1.0000037846184568
2019-04-04 14:46:14,0.5000018923092284
2019-04-04 14:46:15,0.2500009461546142
2019-04-04 14:46:16,0.1250004730773071
2019-04-04 14:46:17,0.06250023653865355
2019-04-04 14:46:18,0.031250118269326776
2019-04-04 14:46:19,0.015625059134663388
2019-04-04 14:46:20,0.007812529567331694
2019-04-04 14:46:21,-0.49609373521633415
2019-04-04 14:46:22,-0.24804686760816708
2019-04-04 14:46:23,-0.12402343380408354
2019-04-04 14:46:24,-0.06201171690204177
2019-04-04 14:46:25,-0.031005858451020885
2019-04-04 14:46:26,-0.015502929225510442
2019-04-04 14:46:27,-0.007751464612755221
2019-04-04 14:46:28,-0.0038757323063776106
2019-04-04 14:46:29,-0.0019378661531888053
2019-04-04 14:46:30,-0.0009689330765944026
2019-04-04 14:46:31,-0.0004844665382972013
2019-04-04 14:46:32,-0.00024223326914860066
2019-04-04 14:46:33,-0.00012111663457430033
2019-04-04 14:46:34,-6.0558317287150165e-05
2019-04-04 14:46:35,-3.0279158643575083e-05
2019-04-04 14:46:36,-1.5139579321787541e-05
2019-04-04 14:46:37,-7.569789660893771e-06
2019-04-04 14:46:38,-3.7848948304468853e-06
2019-04-04 14:46:39,12.999998107552585
2019-04-04 14:46:40,9.999999053776293
2019-04-04 14:46:41,5.499999526888146
2019-04-04 14:46:42,2.749999763444073
2019-04-04 14:46:43,1.3749998817220366
2019-04-04 14:46:44,0.6874999408610183
2019-04-04 14:46:45,0.34374997043050914
2019-04-04 14:46:46,0.17187498521525457
2019-04-04 14:46:47,5.585937492607627
2019-04-04 14:46:48,2.2929687463038135
2019-04-04 14:46:49,1.1464843731519068
2019-04-04 14:46:50,0.5732421865759534
2019-04-04 14:46:51,0.2866210932879767
2019-04-04 14:46:52,0.14331054664398835
2019-04-04 14:46:53,0.5716552733219942
2019-04-04 14:46:54,0.2858276366609971
2019-04-04 14:46:55,0.14291381833049854
2019-04-04 14:46:56,0.07145690916524927
2019-04-04 14:46:57,0.035728454582624636
2019-04-04 14:46:58,0.017864227291312318
2019-04-04 14:46:59,0.008932113645656159
2019-04-04 14:47:00,0.0044660568228280795
2019-04-04 14:47:01,0.0022330284114140397
2019-04-04 14:47:02,0.0011165142057070199
2019-04-04 14:47:03,0.0005582571028535099
2019-04-04 14:47:04,0.00027912855142675497
2019-04-04 14:47:05,0.00013956427571337748
2019-04-04 14:47:06,6.978213785668874e-05
2019-04-04 14:47:07,3.489106892834437e-05
2019-04-04 14:47:08,1.7445534464172185e-05
2019-04-04 14:47:09,8.722767232086093e-06
2019-04-04 14:47:10,-0.999995638616384
2019-04-04 14:47:11,-0.499997819308192
2019-04-04 14:47:12,-0.249998909654096
2019-04-04 14:47:13,-0.124999454827048
2019-04-04 14:47:14,-0.062499727413524
2019-04-04 14:47:15,-0.031249863706762
2019-04-04 14:47:16,-0.015624931853381
2019-04-04 14:47:17,-0.0078124659266905
2019-04-04 14:47:18,-0.00390623296334525
2019-04-04 14:47:19,-0.001953116481672625
2019-04-04 14:47:20,-0.0009765582408363125
2019-04-04 14:47:21,-2.500488279120418
2019-04-04 14:47:22,-1.250244139560209
2019-04-04 14:47:23,-0.6251220697801045
2019-04-04 14:47:24,-0.31256103489005227
2019-04-04 14:47:25,-0.15628051744502613
2019-04-04 14:47:26,-0.07814025872251307
2019-04-04 14:47:27,-0.039070129361256534
2019-04-04 14:47:28,-0.5195350646806283
2019-04-04 14:47:29,-0.25976753234031413
2019-04-04 14:47:30,-0.12988376617015707
2019-04-04 14:47:31,-0.06494188308507853
2019-04-04 14:47:32,-0.03247094154253927
2019-04-04 14:47:33,-0.016235470771269633
2019-04-04 14:47:34,-0.008117735385634817
2019-04-04 14:47:35,-0.004058867692817408
2019-04-04 14:47:36,-0.002029433846408704
2019-04-04 14:47:37,-0.001014716923204352
2019-04-04 14:47:38,-0.000507358461602176
2019-04-04 14:47:39,-0.000253679230801088
2019-04-04 14:47:40,-0.000126839615400544
2019-04-04 14:47:41,-6.3419807700272e-05
2019-04-04 14:47:42,-3.1709903850136e-05
2019-04-04 14:47:43,-1.5854951925068e-05
2019-04-04 14:47:44,-7.927475962534e-06
2019-04-04 14:47:45,-3.963737981267e-06
2019-04-04 14:47:46,-1.9818689906335e-06
2019-04-04 14:47:47,-9.9093449531675e-07
2019-04-04 14:47:48,-4.95467247658375e-07
2019-04-04 14:47:49,2.999999752266376
2019-04-04 14:47:50,1.499999876133188
2019-04-04 14:47:51,1.249999938066594
2019-04-04 14:47:52,0.624999969033297
2019-04-04 14:47:53,0.3124999845166485
2019-04-04 14:47:54,0.15624999225832426
2019-04-04 14:47:55,0.07812499612916213
2019-04-04 14:47:56,0.039062498064581064
2019-04-04 14:47:57,-0.48046875096770947
2019-04-04 14:47:58,-0.24023437548385473
2019-04-04 14:47:59,-0.12011718774192737
2019-04-04 14:48:00,-0.060058593870963684
2019-04-04 14:48:01,-0.030029296935481842
2019-04-04 14:48:02,-0.015014648467740921
2019-04-04 14:48:03,-0.0075073242338704604
2019-04-04 14:48:04,-1.0037536621169352
2019-04-04 14:48:05,-0.5018768310584676
2019-04-04 14:48:06,-0.2509384155292338
2019-04-04 14:48:07,-0.1254692077646169
2019-04-04 14:48:08,-0.06273460388230845
2019-04-04 14:48:09,-0.031367301941154224
2019-04-04 14:48:10,-0.015683650970577112
2019-04-04 14:48:11,-0.007841825485288556
2019-04-04 14:48:12,-0.003920912742644278
2019-04-04 14:48:13,-0.001960456371322139
2019-04-04 14:48:14,-0.0009802281856610695
2019-04-04 14:48:15,-0.0004901140928305348
2019-04-04 14:48:16,-0.0002450570464152674
2019-04-04 14:48:17,-0.0001225285232076337
2019-04-04 14:48:18,-6.126426160381684e-05
2019-04-04 14:48:19,-3.063213080190842e-05
2019-04-04 14:48:20,-1.531606540095421e-05
2019-04-04 14:48:21,-7.658032700477106e-06
2019-04-04 14:48:22,-3.829016350238553e-06
2019-04-04 14:48:23,-1.9145081751192764e-06
2019-04-04 14:48:24,-9.572540875596382e-07
2019-04-04 14:48:25,-4.786270437798191e-07
2019-04-04 14:48:26,-2.3931352188990955e-07
2019-04-04 14:48:27,-1.1965676094495477e-07
2019-04-04 14:48:28,-5.982838047247739e-08
2019-04-04 14:48:29,0.9999999700858098
2019-04-04 14:48:30,0.4999999850429049
2019-04-04 14:48:31,0.24999999252145244
2019-04-04 14:48:32,0.12499999626072622
2019-04-04 14:48:33,0.06249999813036311
2019-04-04 14:48:34,0.031249999065181555
2019-04-04 14:48:35,0.015624999532590778
2019-04-04 14:48:36,1.0078124997662954
2019-04-04 14:48:37,0.5039062498831477
2019-04-04 14:48:38,0.25195312494157385
2019-04-04 14:48:39,0.12597656247078692
2019-04-04 14:48:40,0.06298828123539346
2019-04-04 14:48:41,0.03149414061769673
2019-04-04 14:48:42,0.015747070308848365
2019-04-04 14:48:43,0.007873535154424183
2019-04-04 14:48:44,0.003936767577212091
2019-04-04 14:48:45,0.0019683837886060457
2019-04-04 14:48:46,0.0009841918943030228
2019-04-04 14:48:47,0.0004920959471515114
2019-04-04 14:48:48,0.0002460479735757557
2019-04-04 14:48:49,0.00012302398678787786
2019-04-04 14:48:50,6.151199339393893e-05
2019-04-04 14:48:51,3.0755996696969464e-05
2019-04-04 14:48:52,1.5377998348484732e-05
2019-04-04 14:48:53,7.688999174242366e-06
2019-04-04 14:48:54,3.844499587121183e-06
2019-04-04 14:48:55,1.9222497935605915e-06
2019-04-04 14:48:56,9.611248967802957e-07
2019-04-04 14:48:57,4.805624483901479e-07
2019-04-04 14:48:58,2.4028122419507394e-07
2019-04-04 14:48:59,1.2014061209753697e-07
2019-04-04 14:49:00,6.007030604876848e-08
2019-04-04 14:49:01,3.003515302438424e-08
2019-04-04 14:49:02,1.501757651219212e-08
2019-04-04 14:49:03,7.50878825609606e-09
2019-04-04 14:49:04,3.75439412804803e-09
2019-04-04 14:49:05,1.877197064024015e-09
2019-04-04 14:49:06,9.385985320120076e-10
2019-04-04 14:49:07,4.692992660060038e-10
2019-04-04 14:49:08,2.346496330030019e-10
2019-04-04 14:49:09,1.1732481650150095e-10
2019-04-04 14:49:10,5.866240825075047e-11
2019-04-04 14:49:11,2.9331204125375236e-11
2019-04-04 14:49:12,1.4665602062687618e-11
2019-04-04 14:49:13,7.332801031343809e-12
2019-04-04 14:49:14,3.6664005156719045e-12
2019-04-04 14:49:15,1.8332002578359523e-12
2019-04-04 14:49:16,9.166001289179761e-13
2019-04-04 14:49:17,4.583000644589881e-13
2019-04-04 14:49:18,2.2915003222949403e-13
2019-04-04 14:49:19,1.1457501611474702e-13
2019-04-04 14:49:20,5.728750805737351e-14
2019-04-04 14:49:21,2.8643754028686754e-14
2019-04-04 14:49:22,1.4321877014343377e-14
2019-04-04 14:49:23,0.5000000000000071
2019-04-04 14:49:24,0.25000000000000355
2019-04-04 14:49:25,0.12500000000000178
2019-04-04 14:49:26,0.06250000000000089
2019-04-04 14:49:27,0.031250000000000444
2019-04-04 14:49:28,0.015625000000000222
2019-04-04 14:49:29,0.007812500000000111
2019-04-04 14:49:30,-4.99609375
2019-04-04 14:49:31,-2.498046875
2019-04-04 14:49:32,-1.2490234375
2019-04-04 14:49:33,-0.62451171875
2019-04-04 14:49:34,-0.312255859375
2019-04-04 14:49:35,0.3438720703125
2019-04-04 14:49:36,-0.82806396484375
2019-04-04 14:49:37,-0.414031982421875
2019-04-04 14:49:38,-0.2070159912109375
2019-04-04 14:49:39,-0.10350799560546875
2019-04-04 14:49:40,-0.051753997802734375
2019-04-04 14:49:41,0.9741230010986328
2019-04-04 14:49:42,0.4870615005493164
2019-04-04 14:49:43,0.2435307502746582
2019-04-04 14:49:44,0.1217653751373291
2019-04-04 14:49:45,0.06088268756866455
2019-04-04 14:49:46,0.030441343784332275
2019-04-04 14:49:47,0.5152206718921661
2019-04-04 14:49:48,0.25761033594608307
2019-04-04 14:49:49,0.12880516797304153
2019-04-04 14:49:50,0.06440258398652077
2019-04-04 14:49:51,0.032201291993260384
2019-04-04 14:49:52,0.016100645996630192
2019-04-04 14:49:53,0.5080503229983151
2019-04-04 14:49:54,0.25402516149915755
2019-04-04 14:49:55,0.12701258074957877
2019-04-04 14:49:56,0.06350629037478939
2019-04-04 14:49:57,0.031753145187394693
2019-04-04 14:49:58,0.015876572593697347
2019-04-04 14:49:59,0.007938286296848673
2019-04-04 14:50:00,-2.9960308568515757
2019-04-04 14:50:01,-1.4980154284257878
2019-04-04 14:50:02,-0.7490077142128939
2019-04-04 14:50:03,-0.37450385710644696
2019-04-04 14:50:04,-0.18725192855322348
2019-04-04 14:50:05,-0.09362596427661174
2019-04-04 14:50:06,-0.04681298213830587
2019-04-04 14:50:07,0.47659350893084707
2019-04-04 14:50:08,0.23829675446542353
2019-04-04 14:50:09,0.11914837723271177
2019-04-04 14:50:10,0.05957418861635588
2019-04-04 14:50:11,0.02978709430817794
2019-04-04 14:50:12,0.01489354715408897
2019-04-04 14:50:13,0.007446773577044485
2019-04-04 14:50:14,0.0037233867885222427
2019-04-04 14:50:15,0.0018616933942611213
2019-04-04 14:50:16,0.0009308466971305607
2019-04-04 14:50:17,0.00046542334856528034
2019-04-04 14:50:18,0.00023271167428264017
2019-04-04 14:50:19,0.5001163558371413
2019-04-04 14:50:20,0.25005817791857066
2019-04-04 14:50:21,0.12502908895928533
2019-04-04 14:50:22,0.06251454447964266
2019-04-04 14:50:23,0.03125727223982133
2019-04-04 14:50:24,0.015628636119910666
2019-04-04 14:50:25,0.007814318059955333
2019-04-04 14:50:26,0.0039071590299776665
2019-04-04 14:50:27,0.0019535795149888333
2019-04-04 14:50:28,0.0009767897574944166
2019-04-04 14:50:29,0.0004883948787472083
2019-04-04 14:50:30,0.00024419743937360416
2019-04-04 14:50:31,0.00012209871968680208
2019-04-04 14:50:32,6.104935984340104e-05
2019-04-04 14:50:33,3.052467992170052e-05
2019-04-04 14:50:34,1.526233996085026e-05
2019-04-04 14:50:35,-2.9999923688300196
2019-04-04 14:50:36,-1.4999961844150098
2019-04-04 14:50:37,-0.7499980922075049
2019-04-04 14:50:38,-0.37499904610375245
2019-04-04 14:50:39,-0.18749952305187623
2019-04-04 14:50:40,-0.09374976152593811
2019-04-04 14:50:41,0.4531251192370309
2019-04-04 14:50:42,0.22656255961851546
2019-04-04 14:50:43,0.6132812798092577
2019-04-04 14:50:44,0.8066406399046289
2019-04-04 14:50:45,0.40332031995231443
2019-04-04 14:50:46,0.20166015997615722
2019-04-04 14:50:47,0.10083007998807861
2019-04-04 14:50:48,0.050415039994039304
2019-04-04 14:50:49,1.5252075199970196
2019-04-04 14:50:50,0.7626037599985098
2019-04-04 14:50:51,0.3813018799992549
2019-04-04 14:50:52,0.19065093999962746
2019-04-04 14:50:53,0.09532546999981373
2019-04-04 14:50:54,0.047662734999906864
2019-04-04 14:50:55,0.023831367499953432
2019-04-04 14:50:56,0.011915683749976716
2019-04-04 14:50:57,0.005957841874988358
2019-04-04 14:50:58,0.002978920937494179
2019-04-04 14:50:59,0.0014894604687470895
2019-04-04 14:51:00,0.0007447302343735447
2019-04-04 14:51:01,0.0003723651171867724
2019-04-04 14:51:02,0.0001861825585933862
2019-04-04 14:51:03,9.30912792966931e-05
2019-04-04 14:51:04,4.654563964834655e-05
2019-04-04 14:51:05,-2.499976727180176
2019-04-04 14:51:06,-1.249988363590088
2019-04-04 14:51:07,-0.624994181795044
2019-04-04 14:51:08,0.687502909102478
2019-04-04 14:51:09,0.343751454551239
2019-04-04 14:51:10,0.1718757272756195
2019-04-04 14:51:11,0.08593786363780975
2019-04-04 14:51:12,0.042968931818904876
2019-04-04 14:51:13,0.021484465909452438
2019-04-04 14:51:14,0.010742232954726219
2019-04-04 14:51:15,0.0053711164773631095
2019-04-04 14:51:16,0.0026855582386815548
2019-04-04 14:51:17,0.0013427791193407774
2019-04-04 14:51:18,0.0006713895596703887
2019-04-04 14:51:19,0.00033569477983519435
2019-04-04 14:51:20,0.00016784738991759717
2019-04-04 14:51:21,8.392369495879859e-05
2019-04-04 14:51:22,4.196184747939929e-05
2019-04-04 14:51:23,2.0980923739699647e-05
2019-04-04 14:51:24,1.0490461869849823e-05
2019-04-04 14:51:25,5.245230934924912e-06
2019-04-04 14:51:26,2.622615467462456e-06
2019-04-04 14:51:27,1.311307733731228e-06
2019-04-04 14:51:28,6.55653866865614e-07
2019-04-04 14:51:29,3.27826933432807e-07
2019-04-04 14:51:30,1.639134667164035e-07
2019-04-04 14:51:31,8.195673335820174e-08
2019-04-04 14:51:32,-1.9999999590216333
2019-04-04 14:51:33,-0.9999999795108167
2019-04-04 14:51:34,-0.4999999897554083
2019-04-04 14:51:35,-0.24999999487770416
2019-04-04 14:51:36,-0.12499999743885208
2019-04-04 14:51:37,-0.06249999871942604
2019-04-04 14:51:38,-0.03124999935971302
2019-04-04 14:51:39,-0.01562499967985651
2019-04-04 14:51:40,-0.007812499839928255
2019-04-04 14:51:41,-0.0039062499199641275
2019-04-04 14:51:42,-0.0019531249599820638
2019-04-04 14:51:43,-0.0009765624799910319
2019-04-04 14:51:44,-0.00048828123999551594
2019-04-04 14:51:45,-0.00024414061999775797
2019-04-04 14:51:46,-0.00012207030999887899
2019-04-04 14:51:47,-6.103515499943949e-05
2019-04-04 14:51:48,-3.0517577499719746e-05
2019-04-04 14:51:49,-1.5258788749859873e-05
2019-04-04 14:51:50,-4.500007629394375
2019-04-04 14:51:51,-1.7500038146971875
2019-04-04 14:51:52,-0.8750019073485937
2019-04-04 14:51:53,-0.43750095367429687
2019-04-04 14:51:54,-0.21875047683714843
2019-04-04 14:51:55,-0.10937523841857422
2019-04-04 14:51:56,1.445312380790713
2019-04-04 14:51:57,0.7226561903953564
2019-04-04 14:51:58,0.3613280951976782
2019-04-04 14:51:59,0.1806640475988391
2019-04-04 14:52:00,0.09033202379941956
2019-04-04 14:52:01,0.5451660118997098
2019-04-04 14:52:02,0.2725830059498549
2019-04-04 14:52:03,0.13629150297492745
2019-04-04 14:52:04,0.06814575148746373
2019-04-04 14:52:05,0.03407287574373186
2019-04-04 14:52:06,0.01703643787186593
2019-04-04 14:52:07,0.008518218935932966
2019-04-04 14:52:08,0.004259109467966483
2019-04-04 14:52:09,0.0021295547339832415
2019-04-04 14:52:10,0.0010647773669916207
2019-04-04 14:52:11,0.0005323886834958104
2019-04-04 14:52:12,0.0002661943417479052
2019-04-04 14:52:13,0.0001330971708739526
2019-04-04 14:52:14,6.65485854369763e-05
2019-04-04 14:52:15,3.327429271848815e-05
2019-04-04 14:52:16,1.6637146359244074e-05
2019-04-04 14:52:17,8.318573179622037e-06
2019-04-04 14:52:18,4.1592865898110185e-06
2019-04-04 14:52:19,2.0796432949055092e-06
2019-04-04 14:52:20,1.0398216474527546e-06
2019-04-04 14:52:21,5.199108237263773e-07
2019-04-04 14:52:22,2.5995541186318865e-07
2019-04-04 14:52:23,1.2997770593159433e-07
2019-04-04 14:52:24,6.498885296579716e-08
2019-04-04 14:52:25,3.249442648289858e-08
2019-04-04 14:52:26,1.624721324144929e-08
2019-04-04 14:52:27,8.123606620724645e-09
2019-04-04 14:52:28,4.061803310362323e-09
2019-04-04 14:52:29,-0.49999999796909833
2019-04-04 14:52:30,-0.24999999898454917
2019-04-04 14:52:31,-0.12499999949227458
2019-04-04 14:52:32,-0.06249999974613729
2019-04-04 14:52:33,-0.031249999873068646
2019-04-04 14:52:34,-0.015624999936534323
2019-04-04 14:52:35,-0.007812499968267161
2019-04-04 14:52:36,-0.0039062499841335807
2019-04-04 14:52:37,-0.0019531249920667904
2019-04-04 14:52:38,-0.0009765624960333952
2019-04-04 14:52:39,-0.0004882812480166976
2019-04-04 14:52:40,0.9997558593759917
2019-04-04 14:52:41,0.4998779296879958
2019-04-04 14:52:42,0.2499389648439979
2019-04-04 14:52:43,0.12496948242199896
2019-04-04 14:52:44,0.06248474121099948
2019-04-04 14:52:45,0.03124237060549974
2019-04-04 14:52:46,0.01562118530274987
2019-04-04 14:52:47,0.507810592651375
2019-04-04 14:52:48,0.2539052963256875
2019-04-04 14:52:49,0.12695264816284374
2019-04-04 14:52:50,0.06347632408142187
2019-04-04 14:52:51,0.031738162040710935
2019-04-04 14:52:52,0.015869081020355467
2019-04-04 14:52:53,0.007934540510177734
2019-04-04 14:52:54,0.003967270255088867
2019-04-04 14:52:55,0.0019836351275444334
2019-04-04 14:52:56,0.0009918175637722167
2019-04-04 14:52:57,0.0004959087818861084
2019-04-04 14:52:58,0.0002479543909430542
2019-04-04 14:52:59,0.0001239771954715271
2019-04-04 14:53:00,6.198859773576354e-05
2019-04-04 14:53:01,3.099429886788177e-05
2019-04-04 14:53:02,1.5497149433940886e-05
2019-04-04 14:53:03,7.748574716970443e-06
2019-04-04 14:53:04,3.8742873584852216e-06
2019-04-04 14:53:05,1.9371436792426108e-06
2019-04-04 14:53:06,9.685718396213054e-07
2019-04-04 14:53:07,4.842859198106527e-07
2019-04-04 14:53:08,2.4214295990532635e-07
2019-04-04 14:53:09,1.2107147995266317e-07
2019-04-04 14:53:10,6.053573997633159e-08
2019-04-04 14:53:11,3.0267869988165793e-08
2019-04-04 14:53:12,1.5133934994082897e-08
2019-04-04 14:53:13,7.566967497041448e-09
2019-04-04 14:53:14,3.783483748520724e-09
2019-04-04 14:53:15,1.891741874260362e-09
2019-04-04 14:53:16,9.45870937130181e-10
2019-04-04 14:53:17,4.729354685650905e-10
2019-04-04 14:53:18,2.3646773428254526e-10
2019-04-04 14:53:19,1.1823386714127263e-10
2019-04-04 14:53:20,5.911693357063632e-11
2019-04-04 14:53:21,2.955846678531816e-11
2019-04-04 14:53:22,1.477923339265908e-11
2019-04-04 14:53:23,7.38961669632954e-12
2019-04-04 14:53:24,3.69480834816477e-12
2019-04-04 14:53:25,1.847404174082385e-12
2019-04-04 14:53:26,9.237020870411924e-13
2019-04-04 14:53:27,4.618510435205962e-13
2019-04-04 14:53:28,2.309255217602981e-13
2019-04-04 14:53:29,1.1546276088014905e-13
2019-04-04 14:53:30,5.773138044007453e-14
2019-04-04 14:53:31,2.8865690220037263e-14
2019-04-04 14:53:32,1.4432845110018632e-14
2019-04-04 14:53:33,7.216422555009316e-15
2019-04-04 14:53:34,3.608211277504658e-15
2019-04-04 14:53:35,1.804105638752329e-15
2019-04-04 14:53:36,9.020528193761645e-16
2019-04-04 14:53:37,4.510264096880822e-16
2019-04-04 14:53:38,2.255132048440411e-16
2019-04-04 14:53:39,1.1275660242202056e-16
2019-04-04 14:53:40,5.637830121101028e-17
2019-04-04 14:53:41,2.818915060550514e-17
2019-04-04 14:53:42,1.409457530275257e-17
2019-04-04 14:53:43,7.047287651376285e-18
2019-04-04 14:53:44,3.5236438256881425e-18
2019-04-04 14:53:45,1.7618219128440712e-18
2019-04-04 14:53:46,8.809109564220356e-19
2019-04-04 14:53:47,4.404554782110178e-19
2019-04-04 14:53:48,2.202277391055089e-19
2019-04-04 14:53:49,1.1011386955275445e-19
2019-04-04 14:53:50,5.505693477637723e-20
2019-04-04 14:53:51,2.7528467388188613e-20
2019-04-04 14:53:52,1.3764233694094307e-20
2019-04-04 14:53:53,6.882116847047153e-21
2019-04-04 14:53:54,3.441058423523577e-21
2019-04-04 14:53:55,1.7205292117617883e-21
2019-04-04 14:53:56,8.602646058808942e-22
2019-04-04 14:53:57,4.301323029404471e-22
2019-04-04 14:53:58,2.1506615147022354e-22
2019-04-04 14:53:59,1.0753307573511177e-22
2019-04-04 14:54:00,5.376653786755589e-23
2019-04-04 14:54:01,2.688326893377794e-23
2019-04-04 14:54:02,1.344163446688897e-23
2019-04-04 14:54:03,6.720817233444486e-24
2019-04-04 14:54:04,3.360408616722243e-24
2019-04-04 14:54:05,-3.0
2019-04-04 14:54:06,-1.5
2019-04-04 14:54:07,-0.75
2019-04-04 14:54:08,-0.375
2019-04-04 14:54:09,-0.1875
2019-04-04 14:54:10,0.40625
2019-04-04 14:54:11,0.203125
2019-04-04 14:54:12,0.1015625
2019-04-04 14:54:13,0.05078125
2019-04-04 14:54:14,0.025390625
2019-04-04 14:54:15,0.0126953125
2019-04-04 14:54:16,-0.49365234375
2019-04-04 14:54:17,-0.246826171875
2019-04-04 14:54:18,-0.1234130859375
2019-04-04 14:54:19,-0.06170654296875
2019-04-04 14:54:20,-0.030853271484375
2019-04-04 14:54:21,-0.0154266357421875
2019-04-04 14:54:22,-0.00771331787109375
2019-04-04 14:54:23,-0.003856658935546875
2019-04-04 14:54:24,-0.0019283294677734375
2019-04-04 14:54:25,-0.0009641647338867188
2019-04-04 14:54:26,-0.0004820823669433594
2019-04-04 14:54:27,0.9997589588165283
2019-04-04 14:54:28,0.49987947940826416
2019-04-04 14:54:29,0.24993973970413208
2019-04-04 14:54:30,0.12496986985206604
2019-04-04 14:54:31,0.06248493492603302
2019-04-04 14:54:32,-0.4687575325369835
2019-04-04 14:54:33,-0.23437876626849174
2019-04-04 14:54:34,-0.11718938313424587
2019-04-04 14:54:35,-0.058594691567122936
2019-04-04 14:54:36,-0.029297345783561468
2019-04-04 14:54:37,-0.014648672891780734
2019-04-04 14:54:38,-0.007324336445890367
2019-04-04 14:54:39,-0.0036621682229451835
2019-04-04 14:54:40,-0.0018310841114725918
2019-04-04 14:54:41,-0.0009155420557362959
2019-04-04 14:54:42,-0.00045777102786814794
2019-04-04 14:54:43,-2.000228885513934
2019-04-04 14:54:44,-1.000114442756967
2019-04-04 14:54:45,-0.5000572213784835
2019-04-04 14:54:46,-0.25002861068924176
2019-04-04 14:54:47,-0.12501430534462088
2019-04-04 14:54:48,-0.06250715267231044
2019-04-04 14:54:49,-1.0312535763361552
2019-04-04 14:54:50,-0.5156267881680776
2019-04-04 14:54:51,-0.2578133940840388
2019-04-04 14:54:52,-0.1289066970420194
2019-04-04 14:54:53,-0.0644533485210097
2019-04-04 14:54:54,-0.03222667426050485
2019-04-04 14:54:55,-0.016113337130252425
2019-04-04 14:54:56,-0.008056668565126213
2019-04-04 14:54:57,-0.004028334282563106
2019-04-04 14:54:58,-0.002014167141281553
2019-04-04 14:54:59,-0.0010070835706407766
2019-04-04 14:55:00,-0.0005035417853203883
2019-04-04 14:55:01,-0.00025177089266019415
2019-04-04 14:55:02,-0.00012588544633009707
2019-04-04 14:55:03,-6.294272316504854e-05
2019-04-04 14:55:04,-3.147136158252427e-05
2019-04-04 14:55:05,-1.5735680791262134e-05
2019-04-04 14:55:06,-7.867840395631067e-06
2019-04-04 14:55:07,-3.9339201978155335e-06
2019-04-04 14:55:08,-1.9669600989077668e-06
2019-04-04 14:55:09,-9.834800494538834e-07
2019-04-04 14:55:10,-4.917400247269417e-07
2019-04-04 14:55:11,-2.4587001236347085e-07
2019-04-04 14:55:12,-1.2293500618173542e-07
2019-04-04 14:55:13,-6.146750309086771e-08
2019-04-04 14:55:14,-3.0733751545433856e-08
2019-04-04 14:55:15,-1.5366875772716928e-08
2019-04-04 14:55:16,-0.5000000076834379
2019-04-04 14:55:17,-0.25000000384171894
2019-04-04 14:55:18,-0.12500000192085947
2019-04-04 14:55:19,-0.06250000096042974
2019-04-04 14:55:20,-0.03125000048021487
2019-04-04 14:55:21,-0.015625000240107434
2019-04-04 14:55:22,-0.007812500120053717
2019-04-04 14:55:23,-0.0039062500600268585
2019-04-04 14:55:24,-0.0019531250300134292
2019-04-04 14:55:25,-0.0009765625150067146
2019-04-04 14:55:26,-0.0004882812575033573
2019-04-04 14:55:27,-0.00024414062875167866
2019-04-04 14:55:28,-0.00012207031437583933
2019-04-04 14:55:29,-6.103515718791966e-05
2019-04-04 14:55:30,-3.051757859395983e-05
2019-04-04 14:55:31,-1.5258789296979916e-05
2019-04-04 14:55:32,-7.629394648489958e-06
2019-04-04 14:55:33,-3.814697324244979e-06
2019-04-04 14:55:34,-1.9073486621224895e-06
2019-04-04 14:55:35,-9.536743310612447e-07
2019-04-04 14:55:36,-0.5000004768371655
2019-04-04 14:55:37,-0.25000023841858277
2019-04-04 14:55:38,-0.12500011920929138
2019-04-04 14:55:39,-0.06250005960464569
2019-04-04 14:55:40,-0.031250029802322846
2019-04-04 14:55:41,-0.015625014901161423
2019-04-04 14:55:42,-0.007812507450580711
2019-04-04 14:55:43,-0.003906253725290356
2019-04-04 14:55:44,-0.001953126862645178
2019-04-04 14:55:45,-0.000976563431322589
2019-04-04 14:55:46,-0.0004882817156612945
2019-04-04 14:55:47,-0.00024414085783064723
2019-04-04 14:55:48,-0.00012207042891532362
2019-04-04 14:55:49,-6.103521445766181e-05
2019-04-04 14:55:50,-3.0517607228830904e-05
2019-04-04 14:55:51,-1.5258803614415452e-05
2019-04-04 14:55:52,-7.629401807207726e-06
2019-04-04 14:55:53,-3.814700903603863e-06
2019-04-04 14:55:54,-1.9073504518019315e-06
2019-04-04 14:55:55,-9.536752259009657e-07
2019-04-04 14:55:56,-4.768376129504829e-07
2019-04-04 14:55:57,-2.3841880647524144e-07
2019-04-04 14:55:58,-1.1920940323762072e-07
2019-04-04 14:55:59,-5.960470161881036e-08
2019-04-04 14:56:00,-2.980235080940518e-08
2019-04-04 14:56:01,-1.490117540470259e-08
2019-04-04 14:56:02,-7.450587702351295e-09
2019-04-04 14:56:03,-3.7252938511756475e-09
2019-04-04 14:56:04,-1.8626469255878237e-09
2019-04-04 14:56:05,-9.313234627939119e-10
2019-04-04 14:56:06,-4.656617313969559e-10
2019-04-04 14:56:07,-2.3283086569847797e-10
2019-04-04 14:56:08,-1.1641543284923898e-10
2019-04-04 14:56:09,-5.820771642461949e-11
2019-04-04 14:56:10,-2.9103858212309746e-11
2019-04-04 14:56:11,-1.4551929106154873e-11
2019-04-04 14:56:12,-7.275964553077436e-12
2019-04-04 14:56:13,-3.637982276538718e-12
2019-04-04 14:56:14,-1.818991138269359e-12
2019-04-04 14:56:15,-9.094955691346796e-13
2019-04-04 14:56:16,-4.547477845673398e-13
2019-04-04 14:56:17,-2.273738922836699e-13
2019-04-04 14:56:18,-1.1368694614183494e-13
2019-04-04 14:56:19,-3.000000000000057
2019-04-04 14:56:20,-1.5000000000000284
2019-04-04 14:56:21,-0.7500000000000142
2019-04-04 14:56:22,-0.3750000000000071
2019-04-04 14:56:23,-0.18750000000000355
2019-04-04 14:56:24,-0.09375000000000178
2019-04-04 14:56:25,-0.04687500000000089
2019-04-04 14:56:26,-0.023437500000000444
2019-04-04 14:56:27,-0.011718750000000222
2019-04-04 14:56:28,-0.005859375000000111
2019-04-04 14:56:29,-0.0029296875000000555
2019-04-04 14:56:30,-0.0014648437500000278
2019-04-04 14:56:31,0.999267578125
2019-04-04 14:56:32,0.4996337890625
2019-04-04 14:56:33,0.24981689453125
2019-04-04 14:56:34,0.124908447265625
2019-04-04 14:56:35,0.0624542236328125
2019-04-04 14:56:36,0.03122711181640625
2019-04-04 14:56:37,0.015613555908203125
2019-04-04 14:56:38,0.0078067779541015625
2019-04-04 14:56:39,0.0039033889770507812
2019-04-04 14:56:40,0.0019516944885253906
2019-04-04 14:56:41,0.0009758472442626953
2019-04-04 14:56:42,0.00048792362213134766
2019-04-04 14:56:43,0.00024396181106567383
2019-04-04 14:56:44,0.00012198090553283691
2019-04-04 14:56:45,6.099045276641846e-05
2019-04-04 14:56:46,3.049522638320923e-05
2019-04-04 14:56:47,1.5247613191604614e-05
2019-04-04 14:56:48,7.623806595802307e-06
2019-04-04 14:56:49,3.8119032979011536e-06
2019-04-04 14:56:50,1.9059516489505768e-06
2019-04-04 14:56:51,9.529758244752884e-07
2019-04-04 14:56:52,4.764879122376442e-07
2019-04-04 14:56:53,2.382439561188221e-07
2019-04-04 14:56:54,1.1912197805941105e-07
2019-04-04 14:56:55,5.9560989029705524e-08
2019-04-04 14:56:56,2.9780494514852762e-08
2019-04-04 14:56:57,-2.9999999851097527
2019-04-04 14:56:58,-1.4999999925548764
2019-04-04 14:56:59,-0.7499999962774382
2019-04-04 14:57:00,-0.3749999981387191
2019-04-04 14:57:01,-0.18749999906935955
2019-04-04 14:57:02,-0.09374999953467977
2019-04-04 14:57:03,-0.04687499976733989
2019-04-04 14:57:04,-0.023437499883669943
2019-04-04 14:57:05,-0.011718749941834972
2019-04-04 14:57:06,-0.005859374970917486
2019-04-04 14:57:07,-0.002929687485458743
2019-04-04 14:57:08,-0.0014648437427293715
2019-04-04 14:57:09,-0.0007324218713646857
2019-04-04 14:57:10,-0.00036621093568234286
2019-04-04 14:57:11,-0.00018310546784117143
2019-04-04 14:57:12,-9.155273392058572e-05
2019-04-04 14:57:13,-4.577636696029286e-05
2019-04-04 14:57:14,-2.288818348014643e-05
2019-04-04 14:57:15,-1.1444091740073215e-05
2019-04-04 14:57:16,-5.722045870036607e-06
2019-04-04 14:57:17,-2.8610229350183036e-06
2019-04-04 14:57:18,-1.4305114675091518e-06
2019-04-04 14:57:19,-7.152557337545759e-07
2019-04-04 14:57:20,-3.5762786687728795e-07
2019-04-04 14:57:21,-1.7881393343864398e-07
2019-04-04 14:57:22,-8.940696671932199e-08
2019-04-04 14:57:23,-4.4703483359660994e-08
2019-04-04 14:57:24,-2.2351741679830497e-08
2019-04-04 14:57:25,-1.1175870839915249e-08
2019-04-04 14:57:26,-5.587935419957624e-09
2019-04-04 14:57:27,-2.793967709978812e-09
2019-04-04 14:57:28,-1.396983854989406e-09
2019-04-04 14:57:29,-6.98491927494703e-10
2019-04-04 14:57:30,-3.492459637473515e-10
2019-04-04 14:57:31,-1.7462298187367576e-10
2019-04-04 14:57:32,-8.731149093683788e-11
2019-04-04 14:57:33,-4.365574546841894e-11
2019-04-04 14:57:34,-2.182787273420947e-11
2019-04-04 14:57:35,-1.500000000010914
2019-04-04 14:57:36,-0.750000000005457
2019-04-04 14:57:37,-0.3750000000027285
2019-04-04 14:57:38,-0.18750000000136424
2019-04-04 14:57:39,-0.5937500000006821
2019-04-04 14:57:40,-0.29687500000034106
2019-04-04 14:57:41,-0.14843750000017053
2019-04-04 14:57:42,-0.07421875000008527
2019-04-04 14:57:43,-0.03710937500004263
2019-04-04 14:57:44,-0.018554687500021316
2019-04-04 14:57:45,-0.009277343750010658
2019-04-04 14:57:46,-0.004638671875005329
2019-04-04 14:57:47,-0.0023193359375026645
2019-04-04 14:57:48,-0.0011596679687513323
2019-04-04 14:57:49,0.9994201660156243
2019-04-04 14:57:50,0.49971008300781217
2019-04-04 14:57:51,0.24985504150390608
2019-04-04 14:57:52,0.12492752075195304
2019-04-04 14:57:53,0.06246376037597652
2019-04-04 14:57:54,0.03123188018798826
2019-04-04 14:57:55,0.01561594009399413
2019-04-04 14:57:56,0.007807970046997065
2019-04-04 14:57:57,0.0039039850234985326
2019-04-04 14:57:58,0.0019519925117492663
2019-04-04 14:57:59,2.0009759962558746
2019-04-04 14:58:00,1.0004879981279373
2019-04-04 14:58:01,-4.499756000936031
2019-04-04 14:58:02,-2.2498780004680157
2019-04-04 14:58:03,-1.1249390002340078
2019-04-04 14:58:04,-0.5624695001170039
2019-04-04 14:58:05,-0.28123475005850196
2019-04-04 14:58:06,0.859382624970749
2019-04-04 14:58:07,0.4296913124853745
2019-04-04 14:58:08,0.21484565624268726
2019-04-04 14:58:09,0.10742282812134363
2019-04-04 14:58:10,0.053711414060671814
2019-04-04 14:58:11,0.026855707030335907
2019-04-04 14:58:12,-0.986572146484832
2019-04-04 14:58:13,-0.493286073242416
2019-04-04 14:58:14,-0.246643036621208
2019-04-04 14:58:15,-0.123321518310604
2019-04-04 14:58:16,-0.061660759155302
2019-04-04 14:58:17,-0.030830379577651
2019-04-04 14:58:18,-0.0154151897888255
2019-04-04 14:58:19,-0.00770759489441275
2019-04-04 14:58:20,-0.003853797447206375
2019-04-04 14:58:21,-0.0019268987236031876
2019-04-04 14:58:22,-0.0009634493618015938
2019-04-04 14:58:23,-0.0004817246809007969
2019-04-04 14:58:24,-0.00024086234045039845
2019-04-04 14:58:25,-0.00012043117022519922
2019-04-04 14:58:26,-6.021558511259961e-05
2019-04-04 14:58:27,-3.0107792556299806e-05
2019-04-04 14:58:28,-1.5053896278149903e-05
2019-04-04 14:58:29,-7.5269481390749515e-06
2019-04-04 14:58:30,-3.7634740695374758e-06
2019-04-04 14:58:31,-1.0000018817370349
2019-04-04 14:58:32,-0.5000009408685174
2019-04-04 14:58:33,-0.2500004704342587
2019-04-04 14:58:34,-0.12500023521712936
2019-04-04 14:58:35,-0.06250011760856468
2019-04-04 14:58:36,-0.03125005880428234
2019-04-04 14:58:37,-0.01562502940214117
2019-04-04 14:58:38,-0.007812514701070585
2019-04-04 14:58:39,-0.003906257350535292
2019-04-04 14:58:40,-0.001953128675267646
2019-04-04 14:58:41,-0.000976564337633823
2019-04-04 14:58:42,0.4995117178311831
2019-04-04 14:58:43,0.24975585891559154
2019-04-04 14:58:44,0.12487792945779577
2019-04-04 14:58:45,0.062438964728897886
2019-04-04 14:58:46,0.031219482364448943
2019-04-04 14:58:47,0.015609741182224472
2019-04-04 14:58:48,0.007804870591112236
2019-04-04 14:58:49,0.003902435295556118
2019-04-04 14:58:50,-0.49804878235222194
2019-04-04 14:58:51,-0.24902439117611097
2019-04-04 14:58:52,-0.12451219558805549
2019-04-04 14:58:53,-0.06225609779402774
2019-04-04 14:58:54,-0.03112804889701387
2019-04-04 14:58:55,-0.015564024448506936
2019-04-04 14:58:56,-0.007782012224253468
2019-04-04 14:58:57,-0.003891006112126734
2019-04-04 14:58:58,-0.001945503056063367
2019-04-04 14:58:59,-0.0009727515280316835
2019-04-04 14:59:00,-0.00048637576401584174
2019-04-04 14:59:01,-0.00024318788200792087
2019-04-04 14:59:02,-0.00012159394100396043
2019-04-04 14:59:03,-6.079697050198022e-05
2019-04-04 14:59:04,-3.039848525099011e-05
2019-04-04 14:59:05,-1.5199242625495054e-05
2019-04-04 14:59:06,-7.599621312747527e-06
2019-04-04 14:59:07,-3.7998106563737636e-06
2019-04-04 14:59:08,-1.8999053281868818e-06
2019-04-04 14:59:09,-9.499526640934409e-07
2019-04-04 14:59:10,-4.7497633204672045e-07
2019-04-04 14:59:11,-2.3748816602336022e-07
2019-04-04 14:59:12,-1.1874408301168011e-07
2019-04-04 14:59:13,-5.9372041505840056e-08
2019-04-04 14:59:14,-2.9686020752920028e-08
2019-04-04 14:59:15,-1.4843010376460014e-08
2019-04-04 14:59:16,-7.421505188230007e-09
2019-04-04 14:59:17,-3.7107525941150035e-09
2019-04-04 14:59:18,-1.8553762970575018e-09
2019-04-04 14:59:19,-9.276881485287509e-10
2019-04-04 14:59:20,-1.000000000463844
2019-04-04 14:59:21,-0.500000000231922
2019-04-04 14:59:22,-0.250000000115961
2019-04-04 14:59:23,-0.1250000000579805
2019-04-04 14:59:24,-0.06250000002899025
2019-04-04 14:59:25,-0.03125000001449513
2019-04-04 14:59:26,-0.015625000007247564
2019-04-04 14:59:27,-0.007812500003623782
2019-04-04 14:59:28,-0.003906250001811891
2019-04-04 14:59:29,-0.0019531250009059455
2019-04-04 14:59:30,-0.0009765625004529727
2019-04-04 14:59:31,-0.0004882812502264864
2019-04-04 14:59:32,-0.0002441406251132432
2019-04-04 14:59:33,-0.0001220703125566216
2019-04-04 14:59:34,-6.10351562783108e-05
2019-04-04 14:59:35,-3.05175781391554e-05
2019-04-04 14:59:36,-1.52587890695777e-05
2019-04-04 14:59:37,-7.62939453478885e-06
2019-04-04 14:59:38,-3.814697267394425e-06
2019-04-04 14:59:39,-1.9073486336972124e-06
2019-04-04 14:59:40,-9.536743168486062e-07
2019-04-04 14:59:41,-4.768371584243031e-07
2019-04-04 14:59:42,-2.3841857921215155e-07
2019-04-04 14:59:43,-1.1920928960607577e-07
2019-04-04 14:59:44,-5.960464480303789e-08
2019-04-04 14:59:45,-2.980232240151894e-08
2019-04-04 14:59:46,-1.490116120075947e-08
2019-04-04 14:59:47,-7.450580600379736e-09
2019-04-04 14:59:48,-3.725290300189868e-09
2019-04-04 14:59:49,-1.862645150094934e-09
2019-04-04 14:59:50,-9.31322575047467e-10
2019-04-04 14:59:51,-4.656612875237335e-10
2019-04-04 14:59:52,-2.3283064376186674e-10
2019-04-04 14:59:53,-1.1641532188093337e-10
2019-04-04 14:59:54,-5.820766094046669e-11
2019-04-04 14:59:55,-2.000000000029104
2019-04-04 14:59:56,-1.000000000014552
2019-04-04 14:59:57,-0.500000000007276
2019-04-04 14:59:58,-0.250000000003638
2019-04-04 14:59:59,-0.125000000001819
2019-04-04 15:00:00,-0.0625000000009095
2019-04-04 15:00:01,-3.0312500000004547
2019-04-04 15:00:02,-1.5156250000002274
2019-04-04 15:00:03,-0.7578125000001137
2019-04-04 15:00:04,0.12109374999994316
2019-04-04 15:00:05,0.06054687499997158
2019-04-04 15:00:06,0.03027343749998579
2019-04-04 15:00:07,0.5151367187499929
2019-04-04 15:00:08,0.25756835937499645
2019-04-04 15:00:09,0.12878417968749822
2019-04-04 15:00:10,0.06439208984374911
2019-04-04 15:00:11,0.032196044921874556
2019-04-04 15:00:12,0.016098022460937278
2019-04-04 15:00:13,0.008049011230468639
2019-04-04 15:00:14,0.0040245056152343195
2019-04-04 15:00:15,0.0020122528076171597
2019-04-04 15:00:16,0.0010061264038085799
2019-04-04 15:00:17,0.0005030632019042899
2019-04-04 15:00:18,-1.9997484683990479
2019-04-04 15:00:19,-0.9998742341995239
2019-04-04 15:00:20,-0.49993711709976196
2019-04-04 15:00:21,-0.24996855854988098
2019-04-04 15:00:22,-0.12498427927494049
2019-04-04 15:00:23,-0.062492139637470245
2019-04-04 15:00:24,0.4687539301812649
2019-04-04 15:00:25,0.23437696509063244
2019-04-04 15:00:26,0.11718848254531622
2019-04-04 15:00:27,0.05859424127265811
2019-04-04 15:00:28,0.029297120636329055
2019-04-04 15:00:29,0.014648560318164527
2019-04-04 15:00:30,0.007324280159082264
2019-04-04 15:00:31,0.003662140079541132
2019-04-04 15:00:32,0.001831070039770566
2019-04-04 15:00:33,0.000915535019885283
2019-04-04 15:00:34,0.0004577675099426415
2019-04-04 15:00:35,0.00022888375497132074
2019-04-04 15:00:36,0.00011444187748566037
2019-04-04 15:00:37,5.7220938742830185e-05
2019-04-04 15:00:38,2.8610469371415093e-05
2019-04-04 15:00:39,1.4305234685707546e-05
2019-04-04 15:00:40,7.152617342853773e-06
2019-04-04 15:00:41,1.0000035763086714
2019-04-04 15:00:42,0.5000017881543357
2019-04-04 15:00:43,0.25000089407716786
2019-04-04 15:00:44,0.12500044703858393
2019-04-04 15:00:45,0.06250022351929196
2019-04-04 15:00:46,0.03125011175964598
2019-04-04 15:00:47,0.01562505587982299
2019-04-04 15:00:48,0.007812527939911496
2019-04-04 15:00:49,0.003906263969955748
2019-04-04 15:00:50,0.001953131984977874
2019-04-04 15:00:51,0.000976565992488937
2019-04-04 15:00:52,0.0004882829962444685
2019-04-04 15:00:53,0.00024414149812223424
2019-04-04 15:00:54,0.00012207074906111712
2019-04-04 15:00:55,6.103537453055856e-05
2019-04-04 15:00:56,3.051768726527928e-05
2019-04-04 15:00:57,1.525884363263964e-05
2019-04-04 15:00:58,7.62942181631982e-06
2019-04-04 15:00:59,3.81471090815991e-06
2019-04-04 15:01:00,1.907355454079955e-06
2019-04-04 15:01:01,9.536777270399775e-07
2019-04-04 15:01:02,4.768388635199887e-07
2019-04-04 15:01:03,2.3841943175999437e-07
2019-04-04 15:01:04,1.1920971587999719e-07
2019-04-04 15:01:05,5.960485793999859e-08
2019-04-04 15:01:06,2.9802428969999296e-08
2019-04-04 15:01:07,1.4901214484999648e-08
2019-04-04 15:01:08,1.0000000074506072
2019-04-04 15:01:09,0.5000000037253036
2019-04-04 15:01:10,0.2500000018626518
2019-04-04 15:01:11,0.1250000009313259
2019-04-04 15:01:12,0.06250000046566295
2019-04-04 15:01:13,0.031250000232831476
2019-04-04 15:01:14,0.015625000116415738
2019-04-04 15:01:15,0.007812500058207869
2019-04-04 15:01:16,0.0039062500291039345
2019-04-04 15:01:17,0.0019531250145519673
2019-04-04 15:01:18,0.0009765625072759836
2019-04-04 15:01:19,2.000488281253638
2019-04-04 15:01:20,0.500244140626819
2019-04-04 15:01:21,0.2501220703134095
2019-04-04 15:01:22,0.12506103515670475
2019-04-04 15:01:23,1.5625305175783524
2019-04-04 15:01:24,0.7812652587891762
2019-04-04 15:01:25,0.3906326293945881
2019-04-04 15:01:26,0.19531631469729405
2019-04-04 15:01:27,0.09765815734864702
2019-04-04 15:01:28,0.04882907867432351
2019-04-04 15:01:29,0.024414539337161756
2019-04-04 15:01:30,0.012207269668580878
2019-04-04 15:01:31,0.006103634834290439
2019-04-04 15:01:32,0.0030518174171452195
2019-04-04 15:01:33,0.0015259087085726097
2019-04-04 15:01:34,-4.499237045645714
2019-04-04 15:01:35,-2.249618522822857
2019-04-04 15:01:36,-1.1248092614114285
2019-04-04 15:01:37,-0.5624046307057142
2019-04-04 15:01:38,-0.2812023153528571
2019-04-04 15:01:39,-0.14060115767642856
2019-04-04 15:01:40,-0.07030057883821428
2019-04-04 15:01:41,-0.03515028941910714
2019-04-04 15:01:42,-1.0175751447095536
2019-04-04 15:01:43,-0.5087875723547768
2019-04-04 15:01:44,-0.2543937861773884
2019-04-04 15:01:45,-0.1271968930886942
2019-04-04 15:01:46,-0.0635984465443471
2019-04-04 15:01:47,-0.03179922327217355
2019-04-04 15:01:48,-0.015899611636086775
2019-04-04 15:01:49,-0.007949805818043387
2019-04-04 15:01:50,-0.003974902909021694
2019-04-04 15:01:51,-0.001987451454510847
2019-04-04 15:01:52,-0.0009937257272554234
2019-04-04 15:01:53,-0.0004968628636277117
2019-04-04 15:01:54,-0.00024843143181385585
2019-04-04 15:01:55,-0.00012421571590692793
2019-04-04 15:01:56,-6.210785795346396e-05
2019-04-04 15:01:57,-3.105392897673198e-05
2019-04-04 15:01:58,-1.552696448836599e-05
2019-04-04 15:01:59,-7.763482244182995e-06
2019-04-04 15:02:00,-3.881741122091498e-06
2019-04-04 15:02:01,-1.940870561045749e-06
2019-04-04 15:02:02,-9.704352805228744e-07
2019-04-04 15:02:03,-4.852176402614372e-07
2019-04-04 15:02:04,-2.426088201307186e-07
2019-04-04 15:02:05,-1.213044100653593e-07
2019-04-04 15:02:06,-6.065220503267965e-08
2019-04-04 15:02:07,-3.0326102516339826e-08
2019-04-04 15:02:08,-1.5163051258169913e-08
2019-04-04 15:02:09,-7.581525629084956e-09
2019-04-04 15:02:10,-3.790762814542478e-09
2019-04-04 15:02:11,-1.895381407271239e-09
2019-04-04 15:02:12,-9.476907036356196e-10
2019-04-04 15:02:13,-4.738453518178098e-10
2019-04-04 15:02:14,-2.369226759089049e-10
2019-04-04 15:02:15,-1.1846133795445244e-10
2019-04-04 15:02:16,-5.923066897722622e-11
2019-04-04 15:02:17,-2.961533448861311e-11
2019-04-04 15:02:18,-1.4807667244306556e-11
2019-04-04 15:02:19,-7.403833622153278e-12
2019-04-04 15:02:20,-3.701916811076639e-12
2019-04-04 15:02:21,-1.8509584055383194e-12
2019-04-04 15:02:22,-9.254792027691597e-13
2019-04-04 15:02:23,-4.627396013845799e-13
2019-04-04 15:02:24,-2.3136980069228993e-13
2019-04-04 15:02:25,-1.1568490034614496e-13
2019-04-04 15:02:26,-5.784245017307248e-14
2019-04-04 15:02:27,-2.892122508653624e-14
2019-04-04 15:02:28,-1.446061254326812e-14
2019-04-04 15:02:29,-7.23030627163406e-15
2019-04-04 15:02:30,-3.61515313581703e-15
2019-04-04 15:02:31,-1.807576567908515e-15
2019-04-04 15:02:32,-9.037882839542575e-16
2019-04-04 15:02:33,-4.518941419771288e-16
2019-04-04 15:02:34,-2.259470709885644e-16
2019-04-04 15:02:35,-1.129735354942822e-16
2019-04-04 15:02:36,-5.64867677471411e-17
2019-04-04 15:02:37,-2.824338387357055e-17
2019-04-04 15:02:38,-1.4121691936785274e-17
2019-04-04 15:02:39,-7.060845968392637e-18
2019-04-04 15:02:40,-3.5304229841963185e-18
2019-04-04 15:02:41,-1.7652114920981593e-18
2019-04-04 15:02:42,-8.826057460490796e-19
2019-04-04 15:02:43,-4.413028730245398e-19
2019-04-04 15:02:44,-2.206514365122699e-19
2019-04-04 15:02:45,-1.1032571825613495e-19
2019-04-04 15:02:46,-5.516285912806748e-20
2019-04-04 15:02:47,-2.758142956403374e-20
2019-04-04 15:02:48,-1.379071478201687e-20
2019-04-04 15:02:49,-6.895357391008435e-21
2019-04-04 15:02:50,-3.447678695504217e-21
2019-04-04 15:02:51,-1.7238393477521086e-21
2019-04-04 15:02:52,-8.619196738760543e-22
2019-04-04 15:02:53,-4.309598369380272e-22
2019-04-04 15:02:54,-2.154799184690136e-22
2019-04-04 15:02:55,-1.077399592345068e-22
2019-04-04 15:02:56,-5.38699796172534e-23
2019-04-04 15:02:57,-2.69349898086267e-23
2019-04-04 15:02:58,-1.346749490431335e-23
2019-04-04 15:02:59,-6.733747452156674e-24
2019-04-04 15:03:00,-3.366873726078337e-24
2019-04-04 15:03:01,-3.5
2019-04-04 15:03:02,-1.75
2019-04-04 15:03:03,-0.875
2019-04-04 15:03:04,-0.4375
2019-04-04 15:03:05,-0.21875
2019-04-04 15:03:06,-0.109375
2019-04-04 15:03:07,-0.0546875
2019-04-04 15:03:08,-0.02734375
2019-04-04 15:03:09,-0.013671875
2019-04-04 15:03:10,-0.0068359375
2019-04-04 15:03:11,-0.50341796875
2019-04-04 15:03:12,-0.251708984375
2019-04-04 15:03:13,-0.1258544921875
2019-04-04 15:03:14,-0.06292724609375
2019-04-04 15:03:15,-0.031463623046875
2019-04-04 15:03:16,-0.0157318115234375
2019-04-04 15:03:17,-0.00786590576171875
2019-04-04 15:03:18,-0.003932952880859375
2019-04-04 15:03:19,-0.0019664764404296875
2019-04-04 15:03:20,0.49901676177978516
2019-04-04 15:03:21,0.24950838088989258
2019-04-04 15:03:22,0.12475419044494629
2019-04-04 15:03:23,0.062377095222473145
2019-04-04 15:03:24,0.5311885476112366
2019-04-04 15:03:25,0.2655942738056183
2019-04-04 15:03:26,0.13279713690280914
2019-04-04 15:03:27,0.06639856845140457
2019-04-04 15:03:28,0.5331992842257023
2019-04-04 15:03:29,0.26659964211285114
2019-04-04 15:03:30,0.13329982105642557
2019-04-04 15:03:31,0.5666499105282128
2019-04-04 15:03:32,0.2833249552641064
2019-04-04 15:03:33,0.1416624776320532
2019-04-04 15:03:34,0.0708312388160266
2019-04-04 15:03:35,0.0354156194080133
2019-04-04 15:03:36,0.01770780970400665
2019-04-04 15:03:37,0.008853904852003325
2019-04-04 15:03:38,0.004426952426001662
2019-04-04 15:03:39,0.002213476213000831
2019-04-04 15:03:40,0.0011067381065004156
2019-04-04 15:03:41,0.0005533690532502078
2019-04-04 15:03:42,0.0002766845266251039
2019-04-04 15:03:43,-0.9998616577366874
2019-04-04 15:03:44,-0.4999308288683437
2019-04-04 15:03:45,-0.24996541443417186
2019-04-04 15:03:46,-0.12498270721708593
2019-04-04 15:03:47,-0.062491353608542966
2019-04-04 15:03:48,-0.031245676804271483
2019-04-04 15:03:49,0.48437716159786426
2019-04-04 15:03:50,0.24218858079893213
2019-04-04 15:03:51,0.12109429039946606
2019-04-04 15:03:52,0.06054714519973303
2019-04-04 15:03:53,0.030273572599866516
2019-04-04 15:03:54,0.015136786299933258
2019-04-04 15:03:55,0.007568393149966629
2019-04-04 15:03:56,0.5037841965749833
2019-04-04 15:03:57,0.25189209828749165
2019-04-04 15:03:58,0.12594604914374583
2019-04-04 15:03:59,0.06297302457187291
2019-04-04 15:04:00,0.031486512285936456
2019-04-04 15:04:01,0.015743256142968228
2019-04-04 15:04:02,0.007871628071484114
2019-04-04 15:04:03,0.003935814035742057
2019-04-04 15:04:04,0.0019679070178710285
2019-04-04 15:04:05,0.0009839535089355143
2019-04-04 15:04:06,0.0004919767544677571
2019-04-04 15:04:07,0.00024598837723387856
2019-04-04 15:04:08,0.00012299418861693928
2019-04-04 15:04:09,6.149709430846964e-05
2019-04-04 15:04:10,3.074854715423482e-05
2019-04-04 15:04:11,1.537427357711741e-05
2019-04-04 15:04:12,7.687136788558705e-06
2019-04-04 15:04:13,3.8435683942793526e-06
2019-04-04 15:04:14,1.9217841971396763e-06
2019-04-04 15:04:15,9.608920985698381e-07
2019-04-04 15:04:16,4.804460492849191e-07
2019-04-04 15:04:17,2.4022302464245954e-07
2019-04-04 15:04:18,1.2011151232122977e-07
2019-04-04 15:04:19,6.005575616061488e-08
2019-04-04 15:04:20,3.002787808030744e-08
2019-04-04 15:04:21,-4.999999984986061
2019-04-04 15:04:22,-2.4999999924930303
2019-04-04 15:04:23,-1.2499999962465151
2019-04-04 15:04:24,-1.1249999981232577
2019-04-04 15:04:25,-1.0624999990616288
2019-04-04 15:04:26,-0.5312499995308144
2019-04-04 15:04:27,0.2343750002345928
2019-04-04 15:04:28,0.1171875001172964
2019-04-04 15:04:29,0.0585937500586482
2019-04-04 15:04:30,0.0292968750293241
2019-04-04 15:04:31,0.01464843751466205
2019-04-04 15:04:32,0.007324218757331025
2019-04-04 15:04:33,0.0036621093786655123
2019-04-04 15:04:34,0.0018310546893327562
2019-04-04 15:04:35,0.0009155273446663781
2019-04-04 15:04:36,0.00045776367233318904
2019-04-04 15:04:37,0.00022888183616659452
2019-04-04 15:04:38,0.00011444091808329726
2019-04-04 15:04:39,5.722045904164863e-05
2019-04-04 15:04:40,2.8610229520824315e-05
2019-04-04 15:04:41,1.4305114760412158e-05
2019-04-04 15:04:42,7.152557380206079e-06
2019-04-04 15:04:43,3.5762786901030394e-06
2019-04-04 15:04:44,1.7881393450515197e-06
2019-04-04 15:04:45,8.940696725257598e-07
2019-04-04 15:04:46,4.470348362628799e-07
2019-04-04 15:04:47,2.2351741813143996e-07
2019-04-04 15:04:48,1.1175870906571998e-07
2019-04-04 15:04:49,5.587935453285999e-08
2019-04-04 15:04:50,2.7939677266429995e-08
2019-04-04 15:04:51,1.3969838633214998e-08
2019-04-04 15:04:52,6.984919316607499e-09
2019-04-04 15:04:53,3.4924596583037494e-09
2019-04-04 15:04:54,1.7462298291518747e-09
2019-04-04 15:04:55,8.731149145759374e-10
2019-04-04 15:04:56,4.365574572879687e-10
2019-04-04 15:04:57,2.1827872864398434e-10
2019-04-04 15:04:58,1.0913936432199217e-10
2019-04-04 15:04:59,5.4569682160996084e-11
2019-04-04 15:05:00,2.7284841080498042e-11
2019-04-04 15:05:01,1.3642420540249021e-11
2019-04-04 15:05:02,6.8212102701245106e-12
2019-04-04 15:05:03,3.4106051350622553e-12
2019-04-04 15:05:04,1.7053025675311276e-12
2019-04-04 15:05:05,8.526512837655638e-13
2019-04-04 15:05:06,4.263256418827819e-13
2019-04-04 15:05:07,2.1316282094139096e-13
2019-04-04 15:05:08,1.0658141047069548e-13
2019-04-04 15:05:09,5.329070523534774e-14
2019-04-04 15:05:10,2.664535261767387e-14
2019-04-04 15:05:11,1.3322676308836935e-14
2019-04-04 15:05:12,6.661338154418467e-15
2019-04-04 15:05:13,3.3306690772092337e-15
2019-04-04 15:05:14,1.6653345386046168e-15
2019-04-04 15:05:15,-0.49999999999999917
2019-04-04 15:05:16,-0.24999999999999958
2019-04-04 15:05:17,-0.12499999999999979
2019-04-04 15:05:18,-0.062499999999999896
2019-04-04 15:05:19,-0.031249999999999948
2019-04-04 15:05:20,-4.515625
2019-04-04 15:05:21,-2.2578125
2019-04-04 15:05:22,-1.12890625
2019-04-04 15:05:23,-0.564453125
2019-04-04 15:05:24,-0.2822265625
2019-04-04 15:05:25,-0.14111328125
2019-04-04 15:05:26,-0.070556640625
2019-04-04 15:05:27,-0.0352783203125
2019-04-04 15:05:28,-0.01763916015625
2019-04-04 15:05:29,-0.008819580078125
2019-04-04 15:05:30,-0.0044097900390625
2019-04-04 15:05:31,-0.00220489501953125
2019-04-04 15:05:32,-0.001102447509765625
2019-04-04 15:05:33,-0.0005512237548828125
2019-04-04 15:05:34,-0.00027561187744140625
2019-04-04 15:05:35,-0.00013780593872070312
2019-04-04 15:05:36,-6.890296936035156e-05
2019-04-04 15:05:37,-3.445148468017578e-05
2019-04-04 15:05:38,-1.722574234008789e-05
2019-04-04 15:05:39,-8.612871170043945e-06
2019-04-04 15:05:40,-4.306435585021973e-06
2019-04-04 15:05:41,-2.1532177925109863e-06
2019-04-04 15:05:42,-1.0766088962554932e-06
2019-04-04 15:05:43,-5.383044481277466e-07
2019-04-04 15:05:44,-2.691522240638733e-07
2019-04-04 15:05:45,-1.3457611203193665e-07
2019-04-04 15:05:46,-6.728805601596832e-08
2019-04-04 15:05:47,-3.364402800798416e-08
2019-04-04 15:05:48,-1.682201400399208e-08
2019-04-04 15:05:49,-8.41100700199604e-09
2019-04-04 15:05:50,-3.0000000042055035
2019-04-04 15:05:51,-1.5000000021027518
2019-04-04 15:05:52,-0.7500000010513759
2019-04-04 15:05:53,-0.37500000052568794
2019-04-04 15:05:54,-0.18750000026284397
2019-04-04 15:05:55,-0.09375000013142198
2019-04-04 15:05:56,-0.04687500006571099
2019-04-04 15:05:57,-0.023437500032855496
2019-04-04 15:05:58,-0.011718750016427748
2019-04-04 15:05:59,-0.005859375008213874
2019-04-04 15:06:00,-0.002929687504106937
2019-04-04 15:06:01,-0.0014648437520534685
2019-04-04 15:06:02,-0.0007324218760267343
2019-04-04 15:06:03,-0.0003662109380133671
2019-04-04 15:06:04,-0.00018310546900668356
2019-04-04 15:06:05,-9.155273450334178e-05
2019-04-04 15:06:06,-4.577636725167089e-05
2019-04-04 15:06:07,-2.2888183625835445e-05
2019-04-04 15:06:08,-1.1444091812917723e-05
2019-04-04 15:06:09,-5.722045906458861e-06
2019-04-04 15:06:10,-2.8610229532294307e-06
2019-04-04 15:06:11,-1.4305114766147153e-06
2019-04-04 15:06:12,-7.152557383073577e-07
2019-04-04 15:06:13,-3.5762786915367883e-07
2019-04-04 15:06:14,-1.7881393457683942e-07
2019-04-04 15:06:15,-8.940696728841971e-08
2019-04-04 15:06:16,-4.4703483644209854e-08
2019-04-04 15:06:17,-2.2351741822104927e-08
2019-04-04 15:06:18,-1.1175870911052464e-08
2019-04-04 15:06:19,-5.587935455526232e-09
2019-04-04 15:06:20,-2.793967727763116e-09
2019-04-04 15:06:21,-2.500000001396984
2019-04-04 15:06:22,-1.250000000698492
2019-04-04 15:06:23,-0.625000000349246
2019-04-04 15:06:24,-0.312500000174623
2019-04-04 15:06:25,-0.1562500000873115
2019-04-04 15:06:26,-0.07812500004365575
2019-04-04 15:06:27,-0.03906250002182787
2019-04-04 15:06:28,-0.019531250010913936
2019-04-04 15:06:29,-0.009765625005456968
2019-04-04 15:06:30,-0.004882812502728484
2019-04-04 15:06:31,-0.002441406251364242
2019-04-04 15:06:32,-1.0012207031256821
2019-04-04 15:06:33,-0.5006103515628411
2019-04-04 15:06:34,-0.25030517578142053
2019-04-04 15:06:35,-0.12515258789071027
2019-04-04 15:06:36,-0.06257629394535513
2019-04-04 15:06:37,1.9687118530273224
2019-04-04 15:06:38,0.9843559265136612
2019-04-04 15:06:39,0.4921779632568306
2019-04-04 15:06:40,0.2460889816284153
2019-04-04 15:06:41,0.12304449081420765
2019-04-04 15:06:42,0.061522245407103826
2019-04-04 15:06:43,0.030761122703551913
2019-04-04 15:06:44,0.015380561351775957
2019-04-04 15:06:45,0.007690280675887978
2019-04-04 15:06:46,0.003845140337943989
2019-04-04 15:06:47,0.0019225701689719946
2019-04-04 15:06:48,0.0009612850844859973
2019-04-04 15:06:49,0.00048064254224299864
2019-04-04 15:06:50,0.00024032127112149932
2019-04-04 15:06:51,0.00012016063556074966
2019-04-04 15:06:52,6.008031778037483e-05
2019-04-04 15:06:53,3.0040158890187415e-05
2019-04-04 15:06:54,1.5020079445093708e-05
2019-04-04 15:06:55,7.510039722546854e-06
2019-04-04 15:06:56,3.755019861273427e-06
2019-04-04 15:06:57,1.8775099306367134e-06
2019-04-04 15:06:58,9.387549653183567e-07
2019-04-04 15:06:59,4.6937748265917836e-07
2019-04-04 15:07:00,1.0000002346887413
2019-04-04 15:07:01,0.5000001173443707
2019-04-04 15:07:02,0.25000005867218533
2019-04-04 15:07:03,0.12500002933609267
2019-04-04 15:07:04,1.5625000146680463
2019-04-04 15:07:05,0.7812500073340232
2019-04-04 15:07:06,0.3906250036670116
2019-04-04 15:07:07,0.1953125018335058
2019-04-04 15:07:08,0.0976562509167529
2019-04-04 15:07:09,0.04882812545837645
2019-04-04 15:07:10,0.024414062729188224
2019-04-04 15:07:11,0.012207031364594112
2019-04-04 15:07:12,0.006103515682297056
2019-04-04 15:07:13,0.003051757841148528
2019-04-04 15:07:14,0.001525878920574264
2019-04-04 15:07:15,0.000762939460287132
2019-04-04 15:07:16,3.5003814697301436
2019-04-04 15:07:17,1.7501907348650718
2019-04-04 15:07:18,0.8750953674325359
2019-04-04 15:07:19,0.43754768371626795
2019-04-04 15:07:20,0.21877384185813398
2019-04-04 15:07:21,0.10938692092906699
2019-04-04 15:07:22,0.054693460464533494
2019-04-04 15:07:23,0.027346730232266747
2019-04-04 15:07:24,0.013673365116133374
2019-04-04 15:07:25,0.006836682558066687
2019-04-04 15:07:26,0.0034183412790333434
2019-04-04 15:07:27,0.0017091706395166717
2019-04-04 15:07:28,0.0008545853197583358
2019-04-04 15:07:29,0.0004272926598791679
2019-04-04 15:07:30,0.00021364632993958396
2019-04-04 15:07:31,0.00010682316496979198
2019-04-04 15:07:32,5.341158248489599e-05
2019-04-04 15:07:33,2.6705791242447995e-05
2019-04-04 15:07:34,1.3352895621223998e-05
2019-04-04 15:07:35,6.676447810611999e-06
2019-04-04 15:07:36,3.3382239053059994e-06
2019-04-04 15:07:37,1.6691119526529997e-06
2019-04-04 15:07:38,8.345559763264999e-07
2019-04-04 15:07:39,4.172779881632499e-07
2019-04-04 15:07:40,2.0863899408162496e-07
2019-04-04 15:07:41,1.0431949704081248e-07
2019-04-04 15:07:42,5.215974852040624e-08
2019-04-04 15:07:43,1.5000000260798743
2019-04-04 15:07:44,0.7500000130399371
2019-04-04 15:07:45,-0.12499999348003143
2019-04-04 15:07:46,-0.06249999674001572
2019-04-04 15:07:47,-0.03124999837000786
2019-04-04 15:07:48,-0.01562499918500393
2019-04-04 15:07:49,-0.007812499592501965
2019-04-04 15:07:50,-0.0039062497962509823
2019-04-04 15:07:51,-0.0019531248981254912
2019-04-04 15:07:52,-0.0009765624490627456
2019-04-04 15:07:53,-0.0004882812245313728
2019-04-04 15:07:54,-0.0002441406122656864
2019-04-04 15:07:55,-0.0001220703061328432
2019-04-04 15:07:56,-6.10351530664216e-05
2019-04-04 15:07:57,-3.05175765332108e-05
2019-04-04 15:07:58,-1.52587882666054e-05
2019-04-04 15:07:59,-7.6293941333027e-06
2019-04-04 15:08:00,-3.81469706665135e-06
2019-04-04 15:08:01,-1.907348533325675e-06
2019-04-04 15:08:02,-9.536742666628375e-07
2019-04-04 15:08:03,-4.7683713333141874e-07
2019-04-04 15:08:04,-2.3841856666570937e-07
2019-04-04 15:08:05,-1.1920928333285469e-07
2019-04-04 15:08:06,-5.960464166642734e-08
2019-04-04 15:08:07,-2.980232083321367e-08
2019-04-04 15:08:08,-1.4901160416606836e-08
2019-04-04 15:08:09,-7.450580208303418e-09
2019-04-04 15:08:10,-3.725290104151709e-09
2019-04-04 15:08:11,-1.8626450520758545e-09
2019-04-04 15:08:12,-9.313225260379272e-10
2019-04-04 15:08:13,-4.656612630189636e-10
2019-04-04 15:08:14,-2.328306315094818e-10
2019-04-04 15:08:15,-1.164153157547409e-10
2019-04-04 15:08:16,0.49999999994179234
2019-04-04 15:08:17,0.24999999997089617
2019-04-04 15:08:18,0.12499999998544808
2019-04-04 15:08:19,0.06249999999272404
2019-04-04 15:08:20,0.03124999999636202
2019-04-04 15:08:21,0.01562499999818101
2019-04-04 15:08:22,0.007812499999090505
2019-04-04 15:08:23,0.0039062499995452526
2019-04-04 15:08:24,0.0019531249997726263
2019-04-04 15:08:25,0.0009765624998863132
2019-04-04 15:08:26,0.0004882812499431566
2019-04-04 15:08:27,3.0002441406249716
2019-04-04 15:08:28,1.5001220703124858
2019-04-04 15:08:29,0.7500610351562429
2019-04-04 15:08:30,0.37503051757812145
2019-04-04 15:08:31,3.1875152587890607
2019-04-04 15:08:32,1.5937576293945304
2019-04-04 15:08:33,0.7968788146972652
2019-04-04 15:08:34,0.3984394073486326
2019-04-04 15:08:35,0.1992197036743163
2019-04-04 15:08:36,0.09960985183715815
2019-04-04 15:08:37,0.049804925918579074
2019-04-04 15:08:38,0.024902462959289537
2019-04-04 15:08:39,0.012451231479644768
2019-04-04 15:08:40,0.006225615739822384
2019-04-04 15:08:41,0.003112807869911192
2019-04-04 15:08:42,0.001556403934955596
2019-04-04 15:08:43,0.000778201967477798
2019-04-04 15:08:44,0.000389100983738899
2019-04-04 15:08:45,0.0001945504918694495
2019-04-04 15:08:46,9.727524593472475e-05
2019-04-04 15:08:47,4.863762296736238e-05
2019-04-04 15:08:48,2.431881148368119e-05
2019-04-04 15:08:49,1.2159405741840594e-05
2019-04-04 15:08:50,6.079702870920297e-06
2019-04-04 15:08:51,3.0398514354601485e-06
2019-04-04 15:08:52,1.5199257177300743e-06
2019-04-04 15:08:53,7.599628588650371e-07
2019-04-04 15:08:54,3.7998142943251857e-07
2019-04-04 15:08:55,1.8999071471625928e-07
2019-04-04 15:08:56,9.499535735812964e-08
2019-04-04 15:08:57,4.749767867906482e-08
2019-04-04 15:08:58,-3.4999999762511607
2019-04-04 15:08:59,-1.7499999881255803
2019-04-04 15:09:00,-0.8749999940627902
2019-04-04 15:09:01,-0.4374999970313951
2019-04-04 15:09:02,-0.21874999851569754
2019-04-04 15:09:03,-0.10937499925784877
2019-04-04 15:09:04,-0.054687499628924385
2019-04-04 15:09:05,-0.027343749814462193
2019-04-04 15:09:06,-0.013671874907231096
2019-04-04 15:09:07,-0.006835937453615548
2019-04-04 15:09:08,-0.003417968726807774
2019-04-04 15:09:09,-0.001708984363403887
2019-04-04 15:09:10,-0.0008544921817019435
2019-04-04 15:09:11,-0.00042724609085097176
2019-04-04 15:09:12,-0.00021362304542548588
2019-04-04 15:09:13,-0.00010681152271274294
2019-04-04 15:09:14,-1.5000534057613564
2019-04-04 15:09:15,-0.7500267028806782
2019-04-04 15:09:16,-0.3750133514403391
2019-04-04 15:09:17,-0.18750667572016955
2019-04-04 15:09:18,-0.09375333786008477
2019-04-04 15:09:19,-0.04687666893004239
2019-04-04 15:09:20,-0.023438334465021193
2019-04-04 15:09:21,-0.011719167232510597
2019-04-04 15:09:22,-0.005859583616255298
2019-04-04 15:09:23,-0.002929791808127649
2019-04-04 15:09:24,-0.0014648959040638246
2019-04-04 15:09:25,-0.0007324479520319123
2019-04-04 15:09:26,-0.00036622397601595615
2019-04-04 15:09:27,-3.000183111988008
2019-04-04 15:09:28,-1.500091555994004
2019-04-04 15:09:29,-0.750045777997002
2019-04-04 15:09:30,-0.375022888998501
2019-04-04 15:09:31,-0.1875114444992505
2019-04-04 15:09:32,-0.09375572224962525
2019-04-04 15:09:33,-0.046877861124812625
2019-04-04 15:09:34,-0.023438930562406313
2019-04-04 15:09:35,-0.011719465281203156
2019-04-04 15:09:36,-0.005859732640601578
2019-04-04 15:09:37,-0.002929866320300789
2019-04-04 15:09:38,-0.0014649331601503945
2019-04-04 15:09:39,-0.0007324665800751973
2019-04-04 15:09:40,-0.00036623329003759864
2019-04-04 15:09:41,-0.00018311664501879932
2019-04-04 15:09:42,-9.155832250939966e-05
2019-04-04 15:09:43,-4.577916125469983e-05
2019-04-04 15:09:44,-2.2889580627349915e-05
2019-04-04 15:09:45,-1.1444790313674957e-05
2019-04-04 15:09:46,-5.722395156837479e-06
2019-04-04 15:09:47,-2.8611975784187393e-06
2019-04-04 15:09:48,-0.5000014305987892
2019-04-04 15:09:49,-0.2500007152993946
2019-04-04 15:09:50,-0.1250003576496973
2019-04-04 15:09:51,-0.06250017882484865
2019-04-04 15:09:52,-0.031250089412424326
2019-04-04 15:09:53,-0.015625044706212163
2019-04-04 15:09:54,-0.007812522353106081
2019-04-04 15:09:55,-0.003906261176553041
2019-04-04 15:09:56,-0.0019531305882765203
2019-04-04 15:09:57,-0.0009765652941382602
2019-04-04 15:09:58,-0.0004882826470691301
2019-04-04 15:09:59,1.4997558586764654
2019-04-04 15:10:00,0.7498779293382327
2019-04-04 15:10:01,0.37493896466911636
2019-04-04 15:10:02,0.18746948233455818
2019-04-04 15:10:03,0.09373474116727909
2019-04-04 15:10:04,0.5468673705836395
2019-04-04 15:10:05,0.2734336852918198
2019-04-04 15:10:06,0.1367168426459099
2019-04-04 15:10:07,0.06835842132295494
2019-04-04 15:10:08,-0.46582078933852256
2019-04-04 15:10:09,-0.23291039466926128
2019-04-04 15:10:10,-0.11645519733463064
2019-04-04 15:10:11,-0.05822759866731532
2019-04-04 15:10:12,-0.02911379933365766
2019-04-04 15:10:13,-0.01455689966682883
2019-04-04 15:10:14,-0.007278449833414415
2019-04-04 15:10:15,-0.0036392249167072075
2019-04-04 15:10:16,-0.0018196124583536037
2019-04-04 15:10:17,-0.0009098062291768019
2019-04-04 15:10:18,-0.00045490311458840093
2019-04-04 15:10:19,-0.00022745155729420047
2019-04-04 15:10:20,-0.00011372577864710023
2019-04-04 15:10:21,-5.686288932355012e-05
2019-04-04 15:10:22,-2.843144466177506e-05
2019-04-04 15:10:23,-1.421572233088753e-05
2019-04-04 15:10:24,-7.107861165443765e-06
2019-04-04 15:10:25,-3.5539305827218823e-06
2019-04-04 15:10:26,-1.7769652913609411e-06
2019-04-04 15:10:27,-8.884826456804706e-07
2019-04-04 15:10:28,-4.442413228402353e-07
2019-04-04 15:10:29,-2.2212066142011764e-07
2019-04-04 15:10:30,-1.1106033071005882e-07
2019-04-04 15:10:31,-5.553016535502941e-08
2019-04-04 15:10:32,-2.7765082677514705e-08
2019-04-04 15:10:33,-1.3882541338757353e-08
2019-04-04 15:10:34,-6.941270669378676e-09
2019-04-04 15:10:35,-3.470635334689338e-09
2019-04-04 15:10:36,-1.735317667344669e-09
2019-04-04 15:10:37,-8.676588336723345e-10
2019-04-04 15:10:38,-4.3382941683616727e-10
2019-04-04 15:10:39,-2.1691470841808364e-10
2019-04-04 15:10:40,-1.0845735420904182e-10
2019-04-04 15:10:41,-5.422867710452091e-11
2019-04-04 15:10:42,-2.7114338552260455e-11
2019-04-04 15:10:43,-1.3557169276130227e-11
2019-04-04 15:10:44,-6.778584638065114e-12
2019-04-04 15:10:45,-3.389292319032557e-12
2019-04-04 15:10:46,-5.500000000001695
2019-04-04 15:10:47,-2.7500000000008473
2019-04-04 15:10:48,-1.3750000000004237
2019-04-04 15:10:49,-0.6875000000002118
2019-04-04 15:10:50,-0.3437500000001059
2019-04-04 15:10:51,-0.17187500000005296
2019-04-04 15:10:52,-0.08593750000002648
2019-04-04 15:10:53,-0.04296875000001324
2019-04-04 15:10:54,-0.02148437500000662
2019-04-04 15:10:55,-0.01074218750000331
2019-04-04 15:10:56,-0.005371093750001655
2019-04-04 15:10:57,-1.0026855468750009
2019-04-04 15:10:58,-0.5013427734375004
2019-04-04 15:10:59,-0.2506713867187502
2019-04-04 15:11:00,-0.1253356933593751
2019-04-04 15:11:01,-0.06266784667968756
2019-04-04 15:11:02,1.9686660766601562
2019-04-04 15:11:03,0.9843330383300781
2019-04-04 15:11:04,0.49216651916503906
2019-04-04 15:11:05,0.24608325958251953
2019-04-04 15:11:06,0.12304162979125977
2019-04-04 15:11:07,0.06152081489562988
2019-04-04 15:11:08,0.03076040744781494
2019-04-04 15:11:09,0.01538020372390747
2019-04-04 15:11:10,0.007690101861953735
2019-04-04 15:11:11,0.0038450509309768677
2019-04-04 15:11:12,0.0019225254654884338
2019-04-04 15:11:13,0.0009612627327442169
2019-04-04 15:11:14,0.00048063136637210846
2019-04-04 15:11:15,0.00024031568318605423
2019-04-04 15:11:16,0.00012015784159302711
2019-04-04 15:11:17,6.007892079651356e-05
2019-04-04 15:11:18,3.003946039825678e-05
2019-04-04 15:11:19,1.501973019912839e-05
2019-04-04 15:11:20,7.509865099564195e-06
2019-04-04 15:11:21,3.7549325497820973e-06
2019-04-04 15:11:22,1.8774662748910487e-06
2019-04-04 15:11:23,9.387331374455243e-07
2019-04-04 15:11:24,4.6936656872276217e-07
2019-04-04 15:11:25,2.3468328436138108e-07
2019-04-04 15:11:26,1.1734164218069054e-07
2019-04-04 15:11:27,-0.9999999413291789
2019-04-04 15:11:28,-0.49999997066458945
2019-04-04 15:11:29,-0.24999998533229473
2019-04-04 15:11:30,-0.12499999266614736
2019-04-04 15:11:31,-0.06249999633307368
2019-04-04 15:11:32,-0.03124999816653684
2019-04-04 15:11:33,-0.01562499908326842
2019-04-04 15:11:34,-0.00781249954163421
2019-04-04 15:11:35,-0.003906249770817105
2019-04-04 15:11:36,-0.0019531248854085526
2019-04-04 15:11:37,-0.0009765624427042763
2019-04-04 15:11:38,-0.00048828122135213814
2019-04-04 15:11:39,-0.00024414061067606907
2019-04-04 15:11:40,-0.00012207030533803453
2019-04-04 15:11:41,-6.103515266901727e-05
2019-04-04 15:11:42,-3.0517576334508634e-05
2019-04-04 15:11:43,-1.5258788167254317e-05
2019-04-04 15:11:44,-7.6293940836271584e-06
2019-04-04 15:11:45,-3.8146970418135792e-06
2019-04-04 15:11:46,-1.9073485209067896e-06
2019-04-04 15:11:47,-9.536742604533948e-07
2019-04-04 15:11:48,-4.768371302266974e-07
2019-04-04 15:11:49,-2.384185651133487e-07
2019-04-04 15:11:50,-1.1920928255667435e-07
2019-04-04 15:11:51,-5.9604641278337175e-08
2019-04-04 15:11:52,-2.9802320639168588e-08
2019-04-04 15:11:53,-1.4901160319584294e-08
2019-04-04 15:11:54,-7.450580159792147e-09
2019-04-04 15:11:55,-3.7252900798960735e-09
2019-04-04 15:11:56,-1.8626450399480367e-09
2019-04-04 15:11:57,-9.313225199740184e-10
2019-04-04 15:11:58,-4.656612599870092e-10
2019-04-04 15:11:59,-2.328306299935046e-10
2019-04-04 15:12:00,-1.164153149967523e-10
2019-04-04 15:12:01,-5.820765749837615e-11
2019-04-04 15:12:02,-2.9103828749188074e-11
2019-04-04 15:12:03,-1.4551914374594037e-11
2019-04-04 15:12:04,-7.2759571872970185e-12
2019-04-04 15:12:05,-3.6379785936485092e-12
2019-04-04 15:12:06,-1.8189892968242546e-12
2019-04-04 15:12:07,-9.094946484121273e-13
2019-04-04 15:12:08,-4.5474732420606365e-13
2019-04-04 15:12:09,-2.2737366210303183e-13
2019-04-04 15:12:10,-1.1368683105151591e-13
2019-04-04 15:12:11,-5.6843415525757957e-14
2019-04-04 15:12:12,-2.8421707762878978e-14
2019-04-04 15:12:13,-1.4210853881439489e-14
2019-04-04 15:12:14,-7.1054269407197446e-15
2019-04-04 15:12:15,-3.5527134703598723e-15
2019-04-04 15:12:16,-1.7763567351799361e-15
2019-04-04 15:12:17,-8.881783675899681e-16
2019-04-04 15:12:18,-4.4408918379498404e-16
2019-04-04 15:12:19,-2.2204459189749202e-16
2019-04-04 15:12:20,-1.1102229594874601e-16
2019-04-04 15:12:21,-5.5511147974373005e-17
2019-04-04 15:12:22,-2.7755573987186502e-17
2019-04-04 15:12:23,-1.3877786993593251e-17
2019-04-04 15:12:24,-6.9388934967966256e-18
2019-04-04 15:12:25,-3.4694467483983128e-18
2019-04-04 15:12:26,-1.7347233741991564e-18
2019-04-04 15:12:27,-8.673616870995782e-19
2019-04-04 15:12:28,-4.336808435497891e-19
2019-04-04 15:12:29,-2.1684042177489455e-19
2019-04-04 15:12:30,-1.0842021088744727e-19
2019-04-04 15:12:31,3.5
2019-04-04 15:12:32,1.75
2019-04-04 15:12:33,0.875
2019-04-04 15:12:34,0.4375
2019-04-04 15:12:35,0.21875
2019-04-04 15:12:36,0.109375
2019-04-04 15:12:37,0.0546875
2019-04-04 15:12:38,0.02734375
2019-04-04 15:12:39,0.013671875
2019-04-04 15:12:40,0.0068359375
2019-04-04 15:12:41,0.00341796875
2019-04-04 15:12:42,0.001708984375
2019-04-04 15:12:43,0.0008544921875
2019-04-04 15:12:44,0.00042724609375
2019-04-04 15:12:45,4.500213623046875
2019-04-04 15:12:46,2.2501068115234375
2019-04-04 15:12:47,1.1250534057617188
2019-04-04 15:12:48,0.5625267028808594
2019-04-04 15:12:49,0.2812633514404297
2019-04-04 15:12:50,0.14063167572021484
2019-04-04 15:12:51,0.07031583786010742
2019-04-04 15:12:52,0.03515791893005371
2019-04-04 15:12:53,0.017578959465026855
2019-04-04 15:12:54,0.008789479732513428
2019-04-04 15:12:55,0.004394739866256714
2019-04-04 15:12:56,0.002197369933128357
2019-04-04 15:12:57,0.0010986849665641785
2019-04-04 15:12:58,0.0005493424832820892
2019-04-04 15:12:59,0.0002746712416410446
2019-04-04 15:13:00,0.0001373356208205223
2019-04-04 15:13:01,6.866781041026115e-05
2019-04-04 15:13:02,3.433390520513058e-05
2019-04-04 15:13:03,1.716695260256529e-05
2019-04-04 15:13:04,8.583476301282644e-06
2019-04-04 15:13:05,4.291738150641322e-06
2019-04-04 15:13:06,2.145869075320661e-06
2019-04-04 15:13:07,1.0729345376603305e-06
2019-04-04 15:13:08,5.364672688301653e-07
2019-04-04 15:13:09,2.6823363441508263e-07
2019-04-04 15:13:10,-3.499999865883183
2019-04-04 15:13:11,-1.7499999329415914
2019-04-04 15:13:12,-0.3749999664707957
2019-04-04 15:13:13,-0.18749998323539785
2019-04-04 15:13:14,-0.09374999161769892
2019-04-04 15:13:15,-0.04687499580884946
2019-04-04 15:13:16,-0.02343749790442473
2019-04-04 15:13:17,-0.011718748952212366
2019-04-04 15:13:18,-0.005859374476106183
2019-04-04 15:13:19,2.497070312761947
2019-04-04 15:13:20,1.2485351563809735
2019-04-04 15:13:21,0.6242675781904867
2019-04-04 15:13:22,0.31213378909524336
2019-04-04 15:13:23,0.15606689454762168
2019-04-04 15:13:24,-0.9219665527261891
2019-04-04 15:13:25,-0.46098327636309455
2019-04-04 15:13:26,0.2695083618184527
2019-04-04 15:13:27,0.13475418090922636
2019-04-04 15:13:28,0.06737709045461318
2019-04-04 15:13:29,0.03368854522730659
2019-04-04 15:13:30,0.016844272613653295
2019-04-04 15:13:31,0.008422136306826648
2019-04-04 15:13:32,0.004211068153413324
2019-04-04 15:13:33,0.002105534076706662
2019-04-04 15:13:34,0.001052767038353331
2019-04-04 15:13:35,0.0005263835191766655
2019-04-04 15:13:36,0.00026319175958833274
2019-04-04 15:13:37,0.00013159587979416637
2019-04-04 15:13:38,6.579793989708318e-05
2019-04-04 15:13:39,3.289896994854159e-05
2019-04-04 15:13:40,1.6449484974270796e-05
2019-04-04 15:13:41,8.224742487135398e-06
2019-04-04 15:13:42,4.112371243567699e-06
2019-04-04 15:13:43,2.0561856217838495e-06
2019-04-04 15:13:44,1.0280928108919248e-06
2019-04-04 15:13:45,5.140464054459624e-07
2019-04-04 15:13:46,2.570232027229812e-07
2019-04-04 15:13:47,-1.9999998714883986
2019-04-04 15:13:48,-0.9999999357441993
2019-04-04 15:13:49,-0.49999996787209966
2019-04-04 15:13:50,-0.24999998393604983
2019-04-04 15:13:51,-0.12499999196802491
2019-04-04 15:13:52,-0.06249999598401246
2019-04-04 15:13:53,-0.03124999799200623
2019-04-04 15:13:54,-0.015624998996003114
2019-04-04 15:13:55,-0.007812499498001557
2019-04-04 15:13:56,-0.0039062497490007786
2019-04-04 15:13:57,-0.0019531248745003893
2019-04-04 15:13:58,-0.0009765624372501946
2019-04-04 15:13:59,-0.0004882812186250973
2019-04-04 15:14:00,-0.00024414060931254866
2019-04-04 15:14:01,-0.00012207030465627433
2019-04-04 15:14:02,-6.1035152328137166e-05
2019-04-04 15:14:03,-3.0517576164068583e-05
2019-04-04 15:14:04,-1.5258788082034291e-05
2019-04-04 15:14:05,-7.629394041017146e-06
2019-04-04 15:14:06,-3.814697020508573e-06
2019-04-04 15:14:07,-1.9073485102542864e-06
2019-04-04 15:14:08,-9.536742551271432e-07
2019-04-04 15:14:09,-4.768371275635716e-07
2019-04-04 15:14:10,-2.384185637817858e-07
2019-04-04 15:14:11,-1.192092818908929e-07
2019-04-04 15:14:12,-5.960464094544645e-08
2019-04-04 15:14:13,-2.9802320472723225e-08
2019-04-04 15:14:14,-1.4901160236361613e-08
2019-04-04 15:14:15,-7.450580118180806e-09
2019-04-04 15:14:16,-3.725290059090403e-09
2019-04-04 15:14:17,-1.8626450295452016e-09
2019-04-04 15:14:18,-9.313225147726008e-10
2019-04-04 15:14:19,-4.656612573863004e-10
2019-04-04 15:14:20,-2.328306286931502e-10
2019-04-04 15:14:21,-1.164153143465751e-10
2019-04-04 15:14:22,-5.820765717328755e-11
2019-04-04 15:14:23,0.49999999997089617
2019-04-04 15:14:24,0.24999999998544808
2019-04-04 15:14:25,0.12499999999272404
2019-04-04 15:14:26,0.06249999999636202
2019-04-04 15:14:27,0.03124999999818101
2019-04-04 15:14:28,0.015624999999090505
2019-04-04 15:14:29,0.007812499999545253
2019-04-04 15:14:30,0.0039062499997726263
2019-04-04 15:14:31,0.0019531249998863132
2019-04-04 15:14:32,0.0009765624999431566
2019-04-04 15:14:33,0.0004882812499715783
2019-04-04 15:14:34,0.00024414062498578915
2019-04-04 15:14:35,0.00012207031249289457
2019-04-04 15:14:36,6.1035156246447286e-05
2019-04-04 15:14:37,3.0517578123223643e-05
2019-04-04 15:14:38,1.0000152587890616
2019-04-04 15:14:39,0.5000076293945308
2019-04-04 15:14:40,0.2500038146972654
2019-04-04 15:14:41,0.1250019073486327
2019-04-04 15:14:42,0.5625009536743164
2019-04-04 15:14:43,0.2812504768371582
2019-04-04 15:14:44,0.1406252384185791
2019-04-04 15:14:45,0.07031261920928955
2019-04-04 15:14:46,0.5351563096046448
2019-04-04 15:14:47,0.2675781548023224
2019-04-04 15:14:48,0.1337890774011612
2019-04-04 15:14:49,0.0668945387005806
2019-04-04 15:14:50,0.0334472693502903
2019-04-04 15:14:51,0.01672363467514515
2019-04-04 15:14:52,0.008361817337572575
2019-04-04 15:14:53,0.004180908668786287
2019-04-04 15:14:54,0.0020904543343931437
2019-04-04 15:14:55,0.0010452271671965718
2019-04-04 15:14:56,2.0005226135835983
2019-04-04 15:14:57,1.0002613067917991
2019-04-04 15:14:58,0.5001306533958996
2019-04-04 15:14:59,0.2500653266979498
2019-04-04 15:15:00,0.1250326633489749
2019-04-04 15:15:01,0.06251633167448745
2019-04-04 15:15:02,0.03125816583724372
2019-04-04 15:15:03,0.01562908291862186
2019-04-04 15:15:04,0.00781454145931093
2019-04-04 15:15:05,0.003907270729655465
2019-04-04 15:15:06,0.0019536353648277327
2019-04-04 15:15:07,0.0009768176824138664
2019-04-04 15:15:08,0.0004884088412069332
2019-04-04 15:15:09,0.0002442044206034666
2019-04-04 15:15:10,0.0001221022103017333
2019-04-04 15:15:11,6.105110515086665e-05
2019-04-04 15:15:12,3.0525552575433323e-05
2019-04-04 15:15:13,1.5262776287716662e-05
2019-04-04 15:15:14,7.631388143858331e-06
2019-04-04 15:15:15,3.8156940719291654e-06
2019-04-04 15:15:16,1.9078470359645827e-06
2019-04-04 15:15:17,3.500000953923518
2019-04-04 15:15:18,2.750000476961759
2019-04-04 15:15:19,1.3750002384808795
2019-04-04 15:15:20,0.6875001192404397
2019-04-04 15:15:21,0.34375005962021987
2019-04-04 15:15:22,0.17187502981010994
2019-04-04 15:15:23,0.08593751490505497
2019-04-04 15:15:24,3.0429687574525275
2019-04-04 15:15:25,2.5214843787262637
2019-04-04 15:15:26,1.2607421893631319
2019-04-04 15:15:27,0.6303710946815659
2019-04-04 15:15:28,0.31518554734078297
2019-04-04 15:15:29,0.15759277367039148
2019-04-04 15:15:30,0.07879638683519574
2019-04-04 15:15:31,0.03939819341759787
2019-04-04 15:15:32,0.019699096708798935
2019-04-04 15:15:33,0.009849548354399468
2019-04-04 15:15:34,0.004924774177199734
2019-04-04 15:15:35,0.002462387088599867
2019-04-04 15:15:36,0.0012311935442999335
2019-04-04 15:15:37,0.0006155967721499667
2019-04-04 15:15:38,0.00030779838607498337
2019-04-04 15:15:39,0.00015389919303749168
2019-04-04 15:15:40,7.694959651874584e-05
2019-04-04 15:15:41,-3.4999615252017406
2019-04-04 15:15:42,-1.7499807626008703
2019-04-04 15:15:43,-0.8749903813004352
2019-04-04 15:15:44,-0.4374951906502176
2019-04-04 15:15:45,-0.2187475953251088
2019-04-04 15:15:46,-0.1093737976625544
2019-04-04 15:15:47,-0.0546868988312772
2019-04-04 15:15:48,-2.5273434494156386
2019-04-04 15:15:49,-1.2636717247078193
2019-04-04 15:15:50,-0.6318358623539096
2019-04-04 15:15:51,-0.3159179311769548
2019-04-04 15:15:52,-0.1579589655884774
2019-04-04 15:15:53,-0.0789794827942387
2019-04-04 15:15:54,-0.03948974139711935
2019-04-04 15:15:55,-0.019744870698559677
2019-04-04 15:15:56,-0.009872435349279838
2019-04-04 15:15:57,-0.004936217674639919
2019-04-04 15:15:58,-0.0024681088373199596
2019-04-04 15:15:59,-0.0012340544186599798
2019-04-04 15:16:00,-0.0006170272093299899
2019-04-04 15:16:01,-0.00030851360466499495
2019-04-04 15:16:02,-0.00015425680233249747
2019-04-04 15:16:03,-7.712840116624874e-05
2019-04-04 15:16:04,-3.856420058312437e-05
2019-04-04 15:16:05,-1.9282100291562184e-05
2019-04-04 15:16:06,-9.641050145781092e-06
2019-04-04 15:16:07,-4.820525072890546e-06
2019-04-04 15:16:08,-2.410262536445273e-06
2019-04-04 15:16:09,-1.2051312682226365e-06
2019-04-04 15:16:10,-6.025656341113183e-07
2019-04-04 15:16:11,-3.0128281705565913e-07
2019-04-04 15:16:12,-1.5064140852782956e-07
2019-04-04 15:16:13,-7.532070426391478e-08
2019-04-04 15:16:14,-3.766035213195739e-08
2019-04-04 15:16:15,-1.8830176065978695e-08
2019-04-04 15:16:16,-9.415088032989348e-09
2019-04-04 15:16:17,-4.707544016494674e-09
2019-04-04 15:16:18,-2.353772008247337e-09
2019-04-04 15:16:19,-1.1768860041236685e-09
2019-04-04 15:16:20,-5.884430020618342e-10
2019-04-04 15:16:21,-2.942215010309171e-10
2019-04-04 15:16:22,-1.4711075051545856e-10
2019-04-04 15:16:23,-7.355537525772928e-11
2019-04-04 15:16:24,-3.677768762886464e-11
2019-04-04 15:16:25,-1.838884381443232e-11
2019-04-04 15:16:26,-9.19442190721616e-12
2019-04-04 15:16:27,-4.59721095360808e-12
2019-04-04 15:16:28,-2.29860547680404e-12
2019-04-04 15:16:29,-1.14930273840202e-12
2019-04-04 15:16:30,-5.7465136920101e-13
2019-04-04 15:16:31,-2.87325684600505e-13
2019-04-04 15:16:32,-1.436628423002525e-13
2019-04-04 15:16:33,-7.183142115012625e-14
2019-04-04 15:16:34,-3.5915710575063125e-14
2019-04-04 15:16:35,-1.7957855287531562e-14
2019-04-04 15:16:36,-8.978927643765781e-15
2019-04-04 15:16:37,-4.4894638218828906e-15
2019-04-04 15:16:38,-2.2447319109414453e-15
2019-04-04 15:16:39,-1.1223659554707226e-15
2019-04-04 15:16:40,-5.611829777353613e-16
2019-04-04 15:16:41,-2.8059148886768066e-16
2019-04-04 15:16:42,-1.4029574443384033e-16
2019-04-04 15:16:43,-7.014787221692017e-17
2019-04-04 15:16:44,-3.507393610846008e-17
2019-04-04 15:16:45,-1.753696805423004e-17
2019-04-04 15:16:46,-8.76848402711502e-18
2019-04-04 15:16:47,-4.38424201355751e-18
2019-04-04 15:16:48,-2.192121006778755e-18
2019-04-04 15:16:49,-1.0960605033893776e-18
2019-04-04 15:16:50,-5.480302516946888e-19
2019-04-04 15:16:51,1.0
2019-04-04 15:16:52,0.5
2019-04-04 15:16:53,0.25
2019-04-04 15:16:54,0.125
2019-04-04 15:16:55,0.0625
2019-04-04 15:16:56,0.03125
2019-04-04 15:16:57,0.015625
2019-04-04 15:16:58,0.0078125
2019-04-04 15:16:59,0.00390625
2019-04-04 15:17:00,0.001953125
2019-04-04 15:17:01,-4.9990234375
2019-04-04 15:17:02,-2.49951171875
2019-04-04 15:17:03,-1.249755859375
2019-04-04 15:17:04,-0.6248779296875
2019-04-04 15:17:05,-0.31243896484375
2019-04-04 15:17:06,-0.156219482421875
2019-04-04 15:17:07,-0.0781097412109375
2019-04-04 15:17:08,-0.03905487060546875
2019-04-04 15:17:09,-0.019527435302734375
2019-04-04 15:17:10,-0.009763717651367188
2019-04-04 15:17:11,-0.004881858825683594
2019-04-04 15:17:12,-0.002440929412841797
2019-04-04 15:17:13,-0.0012204647064208984
2019-04-04 15:17:14,-0.0006102323532104492
2019-04-04 15:17:15,-0.0003051161766052246
2019-04-04 15:17:16,-0.0001525580883026123
2019-04-04 15:17:17,-2.5000762790441513
2019-04-04 15:17:18,-1.2500381395220757
2019-04-04 15:17:19,-0.6250190697610378
2019-04-04 15:17:20,-0.3125095348805189
2019-04-04 15:17:21,-0.15625476744025946
2019-04-04 15:17:22,-0.07812738372012973
2019-04-04 15:17:23,-0.039063691860064864
2019-04-04 15:17:24,-0.019531845930032432
2019-04-04 15:17:25,-0.009765922965016216
2019-04-04 15:17:26,-0.004882961482508108
2019-04-04 15:17:27,-0.002441480741254054
2019-04-04 15:17:28,-0.001220740370627027
2019-04-04 15:17:29,-0.0006103701853135135
2019-04-04 15:17:30,-0.00030518509265675675
2019-04-04 15:17:31,-0.00015259254632837838
2019-04-04 15:17:32,-7.629627316418919e-05
2019-04-04 15:17:33,-3.8148136582094594e-05
2019-04-04 15:17:34,-1.9074068291047297e-05
2019-04-04 15:17:35,-9.537034145523648e-06
2019-04-04 15:17:36,-4.768517072761824e-06
2019-04-04 15:17:37,-2.384258536380912e-06
2019-04-04 15:17:38,-1.192129268190456e-06
2019-04-04 15:17:39,-5.96064634095228e-07
2019-04-04 15:17:40,-2.98032317047614e-07
2019-04-04 15:17:41,-1.49016158523807e-07
2019-04-04 15:17:42,-7.45080792619035e-08
2019-04-04 15:17:43,-3.725403963095175e-08
2019-04-04 15:17:44,-1.8627019815475876e-08
2019-04-04 15:17:45,-9.313509907737938e-09
2019-04-04 15:17:46,-4.656754953868969e-09
2019-04-04 15:17:47,-2.3283774769344845e-09
2019-04-04 15:17:48,-1.1641887384672422e-09
2019-04-04 15:17:49,-5.820943692336211e-10
2019-04-04 15:17:50,-2.9104718461681056e-10
2019-04-04 15:17:51,0.9999999998544764
2019-04-04 15:17:52,0.4999999999272382
2019-04-04 15:17:53,0.2499999999636191
2019-04-04 15:17:54,0.12499999998180955
2019-04-04 15:17:55,0.062499999990904775
2019-04-04 15:17:56,0.031249999995452388
2019-04-04 15:17:57,0.015624999997726194
2019-04-04 15:17:58,0.007812499998863097
2019-04-04 15:17:59,0.0039062499994315485
2019-04-04 15:18:00,0.0019531249997157742
2019-04-04 15:18:01,0.0009765624998578871
2019-04-04 15:18:02,0.00048828124992894356
2019-04-04 15:18:03,0.00024414062496447178
2019-04-04 15:18:04,0.00012207031248223589
2019-04-04 15:18:05,6.1035156241117945e-05
2019-04-04 15:18:06,3.0517578120558972e-05
2019-04-04 15:18:07,1.5258789060279486e-05
2019-04-04 15:18:08,7.629394530139743e-06
2019-04-04 15:18:09,3.8146972650698715e-06
2019-04-04 15:18:10,3.5000019073486324
2019-04-04 15:18:11,1.7500009536743162
2019-04-04 15:18:12,1.8750004768371582
2019-04-04 15:18:13,0.9375002384185791
2019-04-04 15:18:14,0.46875011920928955
2019-04-04 15:18:15,0.23437505960464478
2019-04-04 15:18:16,0.6171875298023224
2019-04-04 15:18:17,-0.6914062350988388
2019-04-04 15:18:18,0.1542968824505806
2019-04-04 15:18:19,0.0771484412252903
2019-04-04 15:18:20,0.03857422061264515
2019-04-04 15:18:21,0.019287110306322575
2019-04-04 15:18:22,0.009643555153161287
2019-04-04 15:18:23,0.004821777576580644
2019-04-04 15:18:24,0.002410888788290322
2019-04-04 15:18:25,0.001205444394145161
2019-04-04 15:18:26,0.0006027221970725805
2019-04-04 15:18:27,0.00030136109853629023
2019-04-04 15:18:28,0.00015068054926814511
2019-04-04 15:18:29,7.534027463407256e-05
2019-04-04 15:18:30,3.767013731703628e-05
2019-04-04 15:18:31,1.883506865851814e-05
2019-04-04 15:18:32,9.41753432925907e-06
2019-04-04 15:18:33,4.708767164629535e-06
2019-04-04 15:18:34,2.3543835823147674e-06
2019-04-04 15:18:35,1.1771917911573837e-06
2019-04-04 15:18:36,5.885958955786919e-07
2019-04-04 15:18:37,2.942979477893459e-07
2019-04-04 15:18:38,1.4714897389467296e-07
2019-04-04 15:18:39,7.357448694733648e-08
2019-04-04 15:18:40,3.678724347366824e-08
2019-04-04 15:18:41,1.839362173683412e-08
2019-04-04 15:18:42,9.19681086841706e-09
2019-04-04 15:18:43,4.59840543420853e-09
2019-04-04 15:18:44,2.299202717104265e-09
2019-04-04 15:18:45,1.1496013585521325e-09
2019-04-04 15:18:46,5.748006792760663e-10
2019-04-04 15:18:47,2.8740033963803313e-10
2019-04-04 15:18:48,1.4370016981901657e-10
2019-04-04 15:18:49,7.185008490950828e-11
2019-04-04 15:18:50,3.592504245475414e-11
2019-04-04 15:18:51,1.796252122737707e-11
2019-04-04 15:18:52,8.981260613688535e-12
2019-04-04 15:18:53,4.490630306844268e-12
2019-04-04 15:18:54,2.245315153422134e-12
2019-04-04 15:18:55,1.122657576711067e-12
2019-04-04 15:18:56,5.613287883555335e-13
2019-04-04 15:18:57,2.8066439417776673e-13
2019-04-04 15:18:58,1.4033219708888336e-13
2019-04-04 15:18:59,7.016609854444168e-14
2019-04-04 15:19:00,3.508304927222084e-14
2019-04-04 15:19:01,1.754152463611042e-14
2019-04-04 15:19:02,8.77076231805521e-15
2019-04-04 15:19:03,4.385381159027605e-15
2019-04-04 15:19:04,2.1926905795138026e-15
2019-04-04 15:19:05,1.0963452897569013e-15
2019-04-04 15:19:06,5.481726448784506e-16
2019-04-04 15:19:07,2.740863224392253e-16
2019-04-04 15:19:08,1.3704316121961266e-16
2019-04-04 15:19:09,6.852158060980633e-17
2019-04-04 15:19:10,3.4260790304903165e-17
2019-04-04 15:19:11,1.7130395152451583e-17
2019-04-04 15:19:12,8.565197576225791e-18
2019-04-04 15:19:13,4.282598788112896e-18
2019-04-04 15:19:14,2.141299394056448e-18
2019-04-04 15:19:15,1.070649697028224e-18
2019-04-04 15:19:16,5.35324848514112e-19
2019-04-04 15:19:17,2.67662424257056e-19
2019-04-04 15:19:18,1.33831212128528e-19
2019-04-04 15:19:19,6.6915606064264e-20
2019-04-04 15:19:20,3.3457803032132e-20
2019-04-04 15:19:21,1.6728901516066e-20
2019-04-04 15:19:22,8.364450758033e-21
2019-04-04 15:19:23,4.1822253790165e-21
2019-04-04 15:19:24,2.09111268950825e-21
2019-04-04 15:19:25,1.045556344754125e-21
2019-04-04 15:19:26,5.227781723770625e-22
2019-04-04 15:19:27,2.6138908618853123e-22
2019-04-04 15:19:28,1.0
2019-04-04 15:19:29,0.5
2019-04-04 15:19:30,0.25
2019-04-04 15:19:31,0.125
2019-04-04 15:19:32,0.0625
2019-04-04 15:19:33,0.03125
2019-04-04 15:19:34,0.015625
2019-04-04 15:19:35,0.0078125
2019-04-04 15:19:36,-13.49609375
2019-04-04 15:19:37,-6.748046875
2019-04-04 15:19:38,-3.3740234375
2019-04-04 15:19:39,-1.68701171875
2019-04-04 15:19:40,-0.843505859375
2019-04-04 15:19:41,-0.4217529296875
2019-04-04 15:19:42,-0.21087646484375
2019-04-04 15:19:43,-0.105438232421875
2019-04-04 15:19:44,-0.0527191162109375
2019-04-04 15:19:45,-0.5263595581054688
2019-04-04 15:19:46,-4.263179779052734
2019-04-04 15:19:47,-2.131589889526367
2019-04-04 15:19:48,-1.0657949447631836
2019-04-04 15:19:49,-0.5328974723815918
2019-04-04 15:19:50,-0.2664487361907959
2019-04-04 15:19:51,-0.13322436809539795
2019-04-04 15:19:52,0.433387815952301
2019-04-04 15:19:53,0.2166939079761505
2019-04-04 15:19:54,0.10834695398807526
2019-04-04 15:19:55,0.05417347699403763
2019-04-04 15:19:56,0.027086738497018814
2019-04-04 15:19:57,1.0135433692485094
2019-04-04 15:19:58,0.5067716846242547
2019-04-04 15:19:59,0.25338584231212735
2019-04-04 15:20:00,0.12669292115606368
2019-04-04 15:20:01,0.06334646057803184
2019-04-04 15:20:02,0.03167323028901592
2019-04-04 15:20:03,0.01583661514450796
2019-04-04 15:20:04,0.00791830757225398
2019-04-04 15:20:05,0.00395915378612699
2019-04-04 15:20:06,0.001979576893063495
2019-04-04 15:20:07,0.0009897884465317475
2019-04-04 15:20:08,0.0004948942232658737
2019-04-04 15:20:09,0.00024744711163293687
2019-04-04 15:20:10,0.00012372355581646843
2019-04-04 15:20:11,6.186177790823422e-05
2019-04-04 15:20:12,3.093088895411711e-05
2019-04-04 15:20:13,1.5465444477058554e-05
2019-04-04 15:20:14,7.732722238529277e-06
2019-04-04 15:20:15,3.8663611192646385e-06
2019-04-04 15:20:16,1.9331805596323193e-06
2019-04-04 15:20:17,9.665902798161596e-07
2019-04-04 15:20:18,4.832951399080798e-07
2019-04-04 15:20:19,2.416475699540399e-07
2019-04-04 15:20:20,1.2082378497701995e-07
2019-04-04 15:20:21,6.041189248850998e-08
2019-04-04 15:20:22,3.020594624425499e-08
2019-04-04 15:20:23,1.5102973122127494e-08
2019-04-04 15:20:24,7.551486561063747e-09
2019-04-04 15:20:25,3.7757432805318736e-09
2019-04-04 15:20:26,1.8878716402659368e-09
2019-04-04 15:20:27,9.439358201329684e-10
2019-04-04 15:20:28,4.719679100664842e-10
2019-04-04 15:20:29,2.359839550332421e-10
2019-04-04 15:20:30,1.1799197751662105e-10
2019-04-04 15:20:31,5.899598875831052e-11
2019-04-04 15:20:32,2.949799437915526e-11
2019-04-04 15:20:33,1.474899718957763e-11
2019-04-04 15:20:34,7.374498594788816e-12
2019-04-04 15:20:35,3.687249297394408e-12
2019-04-04 15:20:36,0.5000000000018436
2019-04-04 15:20:37,0.2500000000009218
2019-04-04 15:20:38,0.1250000000004609
2019-04-04 15:20:39,0.06250000000023045
2019-04-04 15:20:40,0.03125000000011523
2019-04-04 15:20:41,0.015625000000057614
2019-04-04 15:20:42,0.007812500000028807
2019-04-04 15:20:43,0.003906250000014403
2019-04-04 15:20:44,0.0019531250000072017
2019-04-04 15:20:45,0.0009765625000036009
2019-04-04 15:20:46,0.0004882812500018004
2019-04-04 15:20:47,0.0002441406250009002
2019-04-04 15:20:48,0.0001220703125004501
2019-04-04 15:20:49,6.103515625022505e-05
2019-04-04 15:20:50,3.051757812511253e-05
2019-04-04 15:20:51,1.5258789062556263e-05
2019-04-04 15:20:52,7.629394531278132e-06
2019-04-04 15:20:53,3.814697265639066e-06
2019-04-04 15:20:54,1.907348632819533e-06
2019-04-04 15:20:55,9.536743164097665e-07
2019-04-04 15:20:56,4.768371582048832e-07
2019-04-04 15:20:57,2.384185791024416e-07
2019-04-04 15:20:58,1.192092895512208e-07
2019-04-04 15:20:59,5.96046447756104e-08
2019-04-04 15:21:00,2.98023223878052e-08
2019-04-04 15:21:01,1.49011611939026e-08
2019-04-04 15:21:02,7.4505805969513e-09
2019-04-04 15:21:03,3.72529029847565e-09
2019-04-04 15:21:04,1.862645149237825e-09
2019-04-04 15:21:05,9.313225746189126e-10
2019-04-04 15:21:06,4.656612873094563e-10
2019-04-04 15:21:07,2.3283064365472814e-10
2019-04-04 15:21:08,1.1641532182736407e-10
2019-04-04 15:21:09,5.820766091368203e-11
2019-04-04 15:21:10,2.910383045684102e-11
2019-04-04 15:21:11,1.455191522842051e-11
2019-04-04 15:21:12,7.275957614210254e-12
2019-04-04 15:21:13,3.637978807105127e-12
2019-04-04 15:21:14,1.8189894035525636e-12
2019-04-04 15:21:15,9.094947017762818e-13
2019-04-04 15:21:16,4.547473508881409e-13
2019-04-04 15:21:17,2.2737367544407045e-13
2019-04-04 15:21:18,1.1368683772203522e-13
2019-04-04 15:21:19,5.684341886101761e-14
2019-04-04 15:21:20,2.8421709430508806e-14
2019-04-04 15:21:21,1.4210854715254403e-14
2019-04-04 15:21:22,7.105427357627202e-15
2019-04-04 15:21:23,3.552713678813601e-15
2019-04-04 15:21:24,1.7763568394068004e-15
2019-04-04 15:21:25,8.881784197034002e-16
2019-04-04 15:21:26,4.440892098517001e-16
2019-04-04 15:21:27,2.2204460492585005e-16
2019-04-04 15:21:28,1.1102230246292502e-16
2019-04-04 15:21:29,5.551115123146251e-17
2019-04-04 15:21:30,2.7755575615731256e-17
2019-04-04 15:21:31,1.3877787807865628e-17
2019-04-04 15:21:32,6.938893903932814e-18
2019-04-04 15:21:33,3.469446951966407e-18
2019-04-04 15:21:34,1.7347234759832035e-18
2019-04-04 15:21:35,8.673617379916017e-19
2019-04-04 15:21:36,4.336808689958009e-19
2019-04-04 15:21:37,2.1684043449790044e-19
2019-04-04 15:21:38,1.0842021724895022e-19
2019-04-04 15:21:39,5.421010862447511e-20
2019-04-04 15:21:40,2.7105054312237555e-20
2019-04-04 15:21:41,1.3552527156118777e-20
2019-04-04 15:21:42,6.776263578059389e-21
2019-04-04 15:21:43,3.388131789029694e-21
2019-04-04 15:21:44,1.694065894514847e-21
2019-04-04 15:21:45,8.470329472574236e-22
2019-04-04 15:21:46,4.235164736287118e-22
2019-04-04 15:21:47,2.117582368143559e-22
2019-04-04 15:21:48,1.0587911840717795e-22
2019-04-04 15:21:49,5.293955920358897e-23
2019-04-04 15:21:50,2.6469779601794487e-23
2019-04-04 15:21:51,1.3234889800897243e-23
2019-04-04 15:21:52,6.617444900448622e-24
2019-04-04 15:21:53,3.308722450224311e-24
2019-04-04 15:21:54,1.6543612251121554e-24
2019-04-04 15:21:55,6.0
2019-04-04 15:21:56,3.5
2019-04-04 15:21:57,1.75
2019-04-04 15:21:58,0.875
2019-04-04 15:21:59,0.4375
2019-04-04 15:22:00,2.71875
2019-04-04 15:22:01,1.359375
2019-04-04 15:22:02,0.6796875
2019-04-04 15:22:03,0.33984375
2019-04-04 15:22:04,0.169921875
2019-04-04 15:22:05,0.0849609375
2019-04-04 15:22:06,0.04248046875
2019-04-04 15:22:07,0.021240234375
2019-04-04 15:22:08,0.0106201171875
2019-04-04 15:22:09,0.00531005859375
2019-04-04 15:22:10,0.002655029296875
2019-04-04 15:22:11,0.0013275146484375
2019-04-04 15:22:12,0.00066375732421875
2019-04-04 15:22:13,0.000331878662109375
2019-04-04 15:22:14,-0.4998340606689453
2019-04-04 15:22:15,-0.24991703033447266
2019-04-04 15:22:16,-0.12495851516723633
2019-04-04 15:22:17,-0.062479257583618164
2019-04-04 15:22:18,-0.031239628791809082
2019-04-04 15:22:19,-0.015619814395904541
2019-04-04 15:22:20,-0.0078099071979522705
2019-04-04 15:22:21,-0.0039049535989761353
2019-04-04 15:22:22,-0.0019524767994880676
2019-04-04 15:22:23,-0.0009762383997440338
2019-04-04 15:22:24,-0.0004881191998720169
2019-04-04 15:22:25,-0.00024405959993600845
2019-04-04 15:22:26,-0.00012202979996800423
2019-04-04 15:22:27,-6.101489998400211e-05
2019-04-04 15:22:28,-3.0507449992001057e-05
2019-04-04 15:22:29,-1.5253724996000528e-05
2019-04-04 15:22:30,-7.626862498000264e-06
2019-04-04 15:22:31,-3.813431249000132e-06
2019-04-04 15:22:32,-1.906715624500066e-06
2019-04-04 15:22:33,-9.53357812250033e-07
2019-04-04 15:22:34,-4.766789061250165e-07
2019-04-04 15:22:35,-2.3833945306250826e-07
2019-04-04 15:22:36,-1.1916972653125413e-07
2019-04-04 15:22:37,-5.9584863265627064e-08
2019-04-04 15:22:38,-2.9792431632813532e-08
2019-04-04 15:22:39,-1.4896215816406766e-08
2019-04-04 15:22:40,-7.448107908203383e-09
2019-04-04 15:22:41,-3.7240539541016915e-09
2019-04-04 15:22:42,-1.8620269770508457e-09
2019-04-04 15:22:43,-9.310134885254229e-10
2019-04-04 15:22:44,-4.6550674426271144e-10
2019-04-04 15:22:45,-2.3275337213135572e-10
2019-04-04 15:22:46,-1.1637668606567786e-10
2019-04-04 15:22:47,-5.818834303283893e-11
2019-04-04 15:22:48,-2.9094171516419465e-11
2019-04-04 15:22:49,-1.4547085758209732e-11
2019-04-04 15:22:50,-7.273542879104866e-12
2019-04-04 15:22:51,-3.636771439552433e-12
2019-04-04 15:22:52,-1.8183857197762165e-12
2019-04-04 15:22:53,-9.091928598881083e-13
2019-04-04 15:22:54,-4.5459642994405414e-13
2019-04-04 15:22:55,-2.2729821497202707e-13
2019-04-04 15:22:56,-1.1364910748601353e-13
2019-04-04 15:22:57,-5.682455374300677e-14
2019-04-04 15:22:58,-2.8412276871503384e-14
2019-04-04 15:22:59,-1.4206138435751692e-14
2019-04-04 15:23:00,-7.103069217875846e-15
2019-04-04 15:23:01,-3.551534608937923e-15
2019-04-04 15:23:02,-1.7757673044689615e-15
2019-04-04 15:23:03,-8.878836522344807e-16
2019-04-04 15:23:04,-4.4394182611724037e-16
2019-04-04 15:23:05,1.4999999999999998
2019-04-04 15:23:06,0.7499999999999999
2019-04-04 15:23:07,0.37499999999999994
2019-04-04 15:23:08,0.18749999999999997
2019-04-04 15:23:09,0.09374999999999999
2019-04-04 15:23:10,0.04687499999999999
2019-04-04 15:23:11,0.023437499999999997
2019-04-04 15:23:12,1.51171875
2019-04-04 15:23:13,0.755859375
2019-04-04 15:23:14,0.3779296875
2019-04-04 15:23:15,0.18896484375
2019-04-04 15:23:16,0.094482421875
2019-04-04 15:23:17,0.0472412109375
2019-04-04 15:23:18,0.02362060546875
2019-04-04 15:23:19,0.011810302734375
2019-04-04 15:23:20,0.0059051513671875
2019-04-04 15:23:21,0.00295257568359375
2019-04-04 15:23:22,0.001476287841796875
2019-04-04 15:23:23,0.0007381439208984375
2019-04-04 15:23:24,0.00036907196044921875
2019-04-04 15:23:25,0.00018453598022460938
2019-04-04 15:23:26,9.226799011230469e-05
2019-04-04 15:23:27,4.6133995056152344e-05
2019-04-04 15:23:28,2.3066997528076172e-05
2019-04-04 15:23:29,1.1533498764038086e-05
2019-04-04 15:23:30,5.766749382019043e-06
2019-04-04 15:23:31,2.8833746910095215e-06
2019-04-04 15:23:32,1.4416873455047607e-06
2019-04-04 15:23:33,7.208436727523804e-07
2019-04-04 15:23:34,3.604218363761902e-07
2019-04-04 15:23:35,1.802109181880951e-07
2019-04-04 15:23:36,9.010545909404755e-08
2019-04-04 15:23:37,4.505272954702377e-08
2019-04-04 15:23:38,2.2526364773511887e-08
2019-04-04 15:23:39,1.1263182386755943e-08
2019-04-04 15:23:40,5.631591193377972e-09
2019-04-04 15:23:41,2.815795596688986e-09
2019-04-04 15:23:42,1.407897798344493e-09
2019-04-04 15:23:43,7.039488991722465e-10
2019-04-04 15:23:44,3.5197444958612323e-10
2019-04-04 15:23:45,1.7598722479306161e-10
2019-04-04 15:23:46,0.5000000000879936
2019-04-04 15:23:47,0.2500000000439968
2019-04-04 15:23:48,0.1250000000219984
2019-04-04 15:23:49,0.0625000000109992
2019-04-04 15:23:50,0.0312500000054996
2019-04-04 15:23:51,0.0156250000027498
2019-04-04 15:23:52,0.0078125000013749
2019-04-04 15:23:53,0.00390625000068745
2019-04-04 15:23:54,0.001953125000343725
2019-04-04 15:23:55,0.0009765625001718625
2019-04-04 15:23:56,0.0004882812500859313
2019-04-04 15:23:57,0.00024414062504296563
2019-04-04 15:23:58,0.00012207031252148282
2019-04-04 15:23:59,6.103515626074141e-05
2019-04-04 15:24:00,3.0517578130370704e-05
2019-04-04 15:24:01,1.5258789065185352e-05
2019-04-04 15:24:02,7.629394532592676e-06
2019-04-04 15:24:03,3.814697266296338e-06
2019-04-04 15:24:04,1.907348633148169e-06
2019-04-04 15:24:05,9.536743165740845e-07
2019-04-04 15:24:06,4.768371582870422e-07
2019-04-04 15:24:07,2.384185791435211e-07
2019-04-04 15:24:08,1.1920928957176056e-07
2019-04-04 15:24:09,0.5000000596046448
2019-04-04 15:24:10,0.2500000298023224
2019-04-04 15:24:11,0.1250000149011612
2019-04-04 15:24:12,0.0625000074505806
2019-04-04 15:24:13,1.5312500037252903
2019-04-04 15:24:14,0.7656250018626451
2019-04-04 15:24:15,0.3828125009313226
2019-04-04 15:24:16,0.1914062504656613
2019-04-04 15:24:17,0.09570312523283064
2019-04-04 15:24:18,0.04785156261641532
2019-04-04 15:24:19,0.02392578130820766
2019-04-04 15:24:20,0.01196289065410383
2019-04-04 15:24:21,0.005981445327051915
2019-04-04 15:24:22,0.0029907226635259576
2019-04-04 15:24:23,0.0014953613317629788
2019-04-04 15:24:24,0.0007476806658814894
2019-04-04 15:24:25,0.0003738403329407447
2019-04-04 15:24:26,0.00018692016647037235
2019-04-04 15:24:27,9.346008323518618e-05
2019-04-04 15:24:28,4.673004161759309e-05
2019-04-04 15:24:29,2.3365020808796544e-05
2019-04-04 15:24:30,1.1682510404398272e-05
2019-04-04 15:24:31,5.841255202199136e-06
2019-04-04 15:24:32,2.920627601099568e-06
2019-04-04 15:24:33,1.460313800549784e-06
2019-04-04 15:24:34,-10.4999992698431
2019-04-04 15:24:35,-4.74999963492155
2019-04-04 15:24:36,-2.374999817460775
2019-04-04 15:24:37,-1.1874999087303875
2019-04-04 15:24:38,2.406250045634806
2019-04-04 15:24:39,1.203125022817403
2019-04-04 15:24:40,0.6015625114087015
2019-04-04 15:24:41,0.8007812557043508
2019-04-04 15:24:42,0.4003906278521754
2019-04-04 15:24:43,0.2001953139260877
2019-04-04 15:24:44,-5.899902343036956
2019-04-04 15:24:45,-2.949951171518478
2019-04-04 15:24:46,-1.474975585759239
2019-04-04 15:24:47,-0.7374877928796195
2019-04-04 15:24:48,-0.36874389643980976
2019-04-04 15:24:49,-0.18437194821990488
2019-04-04 15:24:50,-0.09218597410995244
2019-04-04 15:24:51,-0.04609298705497622
2019-04-04 15:24:52,5.976953506472512
2019-04-04 15:24:53,2.988476753236256
2019-04-04 15:24:54,1.494238376618128
2019-04-04 15:24:55,0.747119188309064
2019-04-04 15:24:56,0.373559594154532
2019-04-04 15:24:57,0.186779797077266
2019-04-04 15:24:58,0.093389898538633
2019-04-04 15:24:59,1.5466949492693165
2019-04-04 15:25:00,0.7733474746346582
2019-04-04 15:25:01,0.3866737373173291
2019-04-04 15:25:02,0.19333686865866456
2019-04-04 15:25:03,0.09666843432933228
2019-04-04 15:25:04,0.04833421716466614
2019-04-04 15:25:05,0.02416710858233307
2019-04-04 15:25:06,0.012083554291166535
2019-04-04 15:25:07,0.006041777145583268
2019-04-04 15:25:08,0.003020888572791634
2019-04-04 15:25:09,0.001510444286395817
2019-04-04 15:25:10,0.0007552221431979084
2019-04-04 15:25:11,0.0003776110715989542
2019-04-04 15:25:12,0.0001888055357994771
2019-04-04 15:25:13,9.440276789973856e-05
2019-04-04 15:25:14,4.720138394986928e-05
2019-04-04 15:25:15,2.360069197493464e-05
2019-04-04 15:25:16,1.180034598746732e-05
2019-04-04 15:25:17,5.90017299373366e-06
2019-04-04 15:25:18,2.95008649686683e-06
2019-04-04 15:25:19,1.475043248433415e-06
2019-04-04 15:25:20,7.375216242167075e-07
2019-04-04 15:25:21,3.6876081210835373e-07
2019-04-04 15:25:22,1.8438040605417687e-07
2019-04-04 15:25:23,9.219020302708843e-08
2019-04-04 15:25:24,4.609510151354422e-08
2019-04-04 15:25:25,2.304755075677211e-08
2019-04-04 15:25:26,1.1523775378386054e-08
2019-04-04 15:25:27,5.761887689193027e-09
2019-04-04 15:25:28,2.8809438445965135e-09
2019-04-04 15:25:29,1.4404719222982568e-09
2019-04-04 15:25:30,7.202359611491284e-10
2019-04-04 15:25:31,3.601179805745642e-10
2019-04-04 15:25:32,1.800589902872821e-10
2019-04-04 15:25:33,9.002949514364105e-11
2019-04-04 15:25:34,4.5014747571820524e-11
2019-04-04 15:25:35,2.2507373785910262e-11
2019-04-04 15:25:36,1.1253686892955131e-11
2019-04-04 15:25:37,5.6268434464775655e-12
2019-04-04 15:25:38,2.8134217232387828e-12
2019-04-04 15:25:39,1.4067108616193914e-12
2019-04-04 15:25:40,7.033554308096957e-13
2019-04-04 15:25:41,3.5167771540484784e-13
2019-04-04 15:25:42,1.7583885770242392e-13
2019-04-04 15:25:43,8.791942885121196e-14
2019-04-04 15:25:44,4.395971442560598e-14
2019-04-04 15:25:45,2.197985721280299e-14
2019-04-04 15:25:46,1.0989928606401495e-14
2019-04-04 15:25:47,5.4949643032007476e-15
2019-04-04 15:25:48,2.7474821516003738e-15
2019-04-04 15:25:49,1.3737410758001869e-15
2019-04-04 15:25:50,6.868705379000934e-16
2019-04-04 15:25:51,3.434352689500467e-16
2019-04-04 15:25:52,1.7171763447502336e-16
2019-04-04 15:25:53,8.585881723751168e-17
2019-04-04 15:25:54,4.292940861875584e-17
2019-04-04 15:25:55,2.146470430937792e-17
2019-04-04 15:25:56,1.073235215468896e-17
2019-04-04 15:25:57,2.5
2019-04-04 15:25:58,1.25
2019-04-04 15:25:59,0.625
2019-04-04 15:26:00,0.3125
2019-04-04 15:26:01,0.15625
2019-04-04 15:26:02,0.078125
2019-04-04 15:26:03,0.0390625
2019-04-04 15:26:04,0.01953125
2019-04-04 15:26:05,0.009765625
2019-04-04 15:26:06,0.0048828125
2019-04-04 15:26:07,0.00244140625
2019-04-04 15:26:08,0.001220703125
2019-04-04 15:26:09,0.0006103515625
2019-04-04 15:26:10,0.00030517578125
2019-04-04 15:26:11,0.000152587890625
2019-04-04 15:26:12,7.62939453125e-05
2019-04-04 15:26:13,3.814697265625e-05
2019-04-04 15:26:14,1.9073486328125e-05
2019-04-04 15:26:15,9.5367431640625e-06
2019-04-04 15:26:16,4.76837158203125e-06
2019-04-04 15:26:17,2.384185791015625e-06
2019-04-04 15:26:18,1.1920928955078125e-06
2019-04-04 15:26:19,5.960464477539062e-07
2019-04-04 15:26:20,2.980232238769531e-07
2019-04-04 15:26:21,1.4901161193847656e-07
2019-04-04 15:26:22,-0.49999992549419403
2019-04-04 15:26:23,-0.24999996274709702
2019-04-04 15:26:24,-0.12499998137354851
2019-04-04 15:26:25,-0.062499990686774254
2019-04-04 15:26:26,-0.031249995343387127
2019-04-04 15:26:27,-0.015624997671693563
2019-04-04 15:26:28,-0.007812498835846782
2019-04-04 15:26:29,-0.003906249417923391
2019-04-04 15:26:30,-0.0019531247089616954
2019-04-04 15:26:31,-0.0009765623544808477
2019-04-04 15:26:32,-0.00048828117724042386
2019-04-04 15:26:33,-0.00024414058862021193
2019-04-04 15:26:34,-0.00012207029431010596
2019-04-04 15:26:35,-6.103514715505298e-05
2019-04-04 15:26:36,-3.051757357752649e-05
2019-04-04 15:26:37,-1.5258786788763246e-05
2019-04-04 15:26:38,-7.629393394381623e-06
2019-04-04 15:26:39,-3.8146966971908114e-06
2019-04-04 15:26:40,-1.0000019073483486
2019-04-04 15:26:41,-0.5000009536741743
2019-04-04 15:26:42,-0.25000047683708715
2019-04-04 15:26:43,-0.12500023841854357
2019-04-04 15:26:44,-0.06250011920927179
2019-04-04 15:26:45,-0.031250059604635894
2019-04-04 15:26:46,-0.015625029802317947
2019-04-04 15:26:47,-0.007812514901158973
2019-04-04 15:26:48,-0.003906257450579487
2019-04-04 15:26:49,-0.0019531287252897434
2019-04-04 15:26:50,-0.0009765643626448717
2019-04-04 15:26:51,-0.0004882821813224358
2019-04-04 15:26:52,-0.0002441410906612179
2019-04-04 15:26:53,-0.00012207054533060896
2019-04-04 15:26:54,-6.103527266530448e-05
2019-04-04 15:26:55,-3.051763633265224e-05
2019-04-04 15:26:56,-1.525881816632612e-05
2019-04-04 15:26:57,-7.62940908316306e-06
2019-04-04 15:26:58,-1.0000038147045416
2019-04-04 15:26:59,-0.5000019073522708
2019-04-04 15:27:00,-0.2500009536761354
2019-04-04 15:27:01,-0.1250004768380677
2019-04-04 15:27:02,-0.06250023841903385
2019-04-04 15:27:03,-0.031250119209516924
2019-04-04 15:27:04,-0.015625059604758462
2019-04-04 15:27:05,-0.007812529802379231
2019-04-04 15:27:06,-0.0039062649011896156
2019-04-04 15:27:07,-0.0019531324505948078
2019-04-04 15:27:08,-0.0009765662252974039
2019-04-04 15:27:09,-0.0004882831126487019
2019-04-04 15:27:10,-0.00024414155632435097
2019-04-04 15:27:11,-0.00012207077816217549
2019-04-04 15:27:12,-6.103538908108774e-05
2019-04-04 15:27:13,-3.051769454054387e-05
2019-04-04 15:27:14,-1.5258847270271936e-05
2019-04-04 15:27:15,-7.629423635135968e-06
2019-04-04 15:27:16,-3.814711817567984e-06
2019-04-04 15:27:17,-1.907355908783992e-06
2019-04-04 15:27:18,-9.53677954391996e-07
2019-04-04 15:27:19,-4.76838977195998e-07
2019-04-04 15:27:20,-2.38419488597999e-07
2019-04-04 15:27:21,-1.192097442989995e-07
2019-04-04 15:27:22,-5.960487214949975e-08
2019-04-04 15:27:23,-2.9802436074749875e-08
2019-04-04 15:27:24,-1.4901218037374937e-08
2019-04-04 15:27:25,-7.450609018687469e-09
2019-04-04 15:27:26,-3.725304509343734e-09
2019-04-04 15:27:27,-1.862652254671867e-09
2019-04-04 15:27:28,-9.313261273359336e-10
2019-04-04 15:27:29,-4.656630636679668e-10
2019-04-04 15:27:30,-2.328315318339834e-10
2019-04-04 15:27:31,-1.164157659169917e-10
2019-04-04 15:27:32,-5.820788295849585e-11
2019-04-04 15:27:33,-2.9103941479247924e-11
2019-04-04 15:27:34,-1.4551970739623962e-11
2019-04-04 15:27:35,-7.275985369811981e-12
2019-04-04 15:27:36,-3.6379926849059905e-12
2019-04-04 15:27:37,-1.8189963424529953e-12
2019-04-04 15:27:38,-9.094981712264976e-13
2019-04-04 15:27:39,-4.547490856132488e-13
2019-04-04 15:27:40,-2.273745428066244e-13
2019-04-04 15:27:41,-1.136872714033122e-13
2019-04-04 15:27:42,-5.68436357016561e-14
2019-04-04 15:27:43,-2.842181785082805e-14
2019-04-04 15:27:44,-1.4210908925414026e-14
2019-04-04 15:27:45,-7.105454462707013e-15
2019-04-04 15:27:46,-3.552727231353506e-15
2019-04-04 15:27:47,-1.776363615676753e-15
2019-04-04 15:27:48,-8.881818078383766e-16
2019-04-04 15:27:49,-4.440909039191883e-16
2019-04-04 15:27:50,-2.2204545195959415e-16
2019-04-04 15:27:51,-1.1102272597979707e-16
2019-04-04 15:27:52,-5.551136298989854e-17
2019-04-04 15:27:53,-2.775568149494927e-17
2019-04-04 15:27:54,-1.3877840747474634e-17
2019-04-04 15:27:55,-6.938920373737317e-18
2019-04-04 15:27:56,-3.4694601868686586e-18
2019-04-04 15:27:57,-1.7347300934343293e-18
2019-04-04 15:27:58,-8.673650467171646e-19
2019-04-04 15:27:59,-4.336825233585823e-19
2019-04-04 15:28:00,-2.1684126167929116e-19
2019-04-04 15:28:01,-1.0842063083964558e-19
2019-04-04 15:28:02,-5.0
2019-04-04 15:28:03,-2.5
2019-04-04 15:28:04,-1.25
2019-04-04 15:28:05,-0.625
2019-04-04 15:28:06,-0.3125
2019-04-04 15:28:07,-0.15625
2019-04-04 15:28:08,-0.078125
2019-04-04 15:28:09,-0.0390625
2019-04-04 15:28:10,-0.01953125
2019-04-04 15:28:11,-0.009765625
2019-04-04 15:28:12,-0.0048828125
2019-04-04 15:28:13,-0.00244140625
2019-04-04 15:28:14,-0.001220703125
2019-04-04 15:28:15,-1.5006103515625
2019-04-04 15:28:16,-0.75030517578125
2019-04-04 15:28:17,-0.375152587890625
2019-04-04 15:28:18,-0.1875762939453125
2019-04-04 15:28:19,-0.09378814697265625
2019-04-04 15:28:20,-0.046894073486328125
2019-04-04 15:28:21,0.47655296325683594
2019-04-04 15:28:22,0.23827648162841797
2019-04-04 15:28:23,0.11913824081420898
2019-04-04 15:28:24,0.05956912040710449
2019-04-04 15:28:25,0.029784560203552246
2019-04-04 15:28:26,0.014892280101776123
2019-04-04 15:28:27,0.0074461400508880615
2019-04-04 15:28:28,0.0037230700254440308
2019-04-04 15:28:29,0.0018615350127220154
2019-04-04 15:28:30,0.0009307675063610077
2019-04-04 15:28:31,0.00046538375318050385
2019-04-04 15:28:32,0.00023269187659025192
2019-04-04 15:28:33,0.00011634593829512596
2019-04-04 15:28:34,5.817296914756298e-05
2019-04-04 15:28:35,2.908648457378149e-05
2019-04-04 15:28:36,1.4543242286890745e-05
2019-04-04 15:28:37,0.5000072716211434
2019-04-04 15:28:38,0.7500036358105717
2019-04-04 15:28:39,0.37500181790528586
2019-04-04 15:28:40,0.18750090895264293
2019-04-04 15:28:41,0.09375045447632147
2019-04-04 15:28:42,0.04687522723816073
2019-04-04 15:28:43,0.023437613619080366
2019-04-04 15:28:44,0.011718806809540183
2019-04-04 15:28:45,0.005859403404770092
2019-04-04 15:28:46,0.002929701702385046
2019-04-04 15:28:47,2.5014648508511925
2019-04-04 15:28:48,1.2507324254255963
2019-04-04 15:28:49,0.6253662127127981
2019-04-04 15:28:50,1.312683106356399
2019-04-04 15:28:51,0.15634155317819953
2019-04-04 15:28:52,0.07817077658909977
2019-04-04 15:28:53,0.03908538829454988
2019-04-04 15:28:54,0.01954269414727494
2019-04-04 15:28:55,0.00977134707363747
2019-04-04 15:28:56,0.004885673536818735
2019-04-04 15:28:57,0.0024428367684093677
2019-04-04 15:28:58,0.0012214183842046838
2019-04-04 15:28:59,0.0006107091921023419
2019-04-04 15:29:00,0.00030535459605117096
2019-04-04 15:29:01,0.00015267729802558548
2019-04-04 15:29:02,7.633864901279274e-05
2019-04-04 15:29:03,3.816932450639637e-05
2019-04-04 15:29:04,1.9084662253198185e-05
2019-04-04 15:29:05,9.542331126599093e-06
2019-04-04 15:29:06,4.771165563299546e-06
2019-04-04 15:29:07,2.385582781649773e-06
2019-04-04 15:29:08,1.1927913908248866e-06
2019-04-04 15:29:09,5.963956954124433e-07
2019-04-04 15:29:10,2.9819784770622164e-07
2019-04-04 15:29:11,1.4909892385311082e-07
2019-04-04 15:29:12,7.454946192655541e-08
2019-04-04 15:29:13,3.7274730963277705e-08
2019-04-04 15:29:14,1.8637365481638853e-08
2019-04-04 15:29:15,9.318682740819426e-09
2019-04-04 15:29:16,4.659341370409713e-09
2019-04-04 15:29:17,2.3296706852048566e-09
2019-04-04 15:29:18,1.1648353426024283e-09
2019-04-04 15:29:19,5.824176713012141e-10
2019-04-04 15:29:20,2.9120883565060707e-10
2019-04-04 15:29:21,1.4560441782530354e-10
2019-04-04 15:29:22,7.280220891265177e-11
2019-04-04 15:29:23,3.6401104456325884e-11
2019-04-04 15:29:24,1.8200552228162942e-11
2019-04-04 15:29:25,9.100276114081471e-12
2019-04-04 15:29:26,4.5501380570407355e-12
2019-04-04 15:29:27,2.2750690285203678e-12
2019-04-04 15:29:28,1.1375345142601839e-12
2019-04-04 15:29:29,5.687672571300919e-13
2019-04-04 15:29:30,2.8438362856504597e-13
2019-04-04 15:29:31,1.4219181428252298e-13
2019-04-04 15:29:32,7.109590714126149e-14
2019-04-04 15:29:33,3.5547953570630746e-14
2019-04-04 15:29:34,1.7773976785315373e-14
2019-04-04 15:29:35,8.886988392657687e-15
2019-04-04 15:29:36,4.443494196328843e-15
2019-04-04 15:29:37,-0.4999999999999978
2019-04-04 15:29:38,-0.2499999999999989
2019-04-04 15:29:39,-0.12499999999999944
2019-04-04 15:29:40,-0.06249999999999972
2019-04-04 15:29:41,-0.03124999999999986
2019-04-04 15:29:42,-0.01562499999999993
2019-04-04 15:29:43,-0.007812499999999965
2019-04-04 15:29:44,-0.0039062499999999827
2019-04-04 15:29:45,-0.0019531249999999913
2019-04-04 15:29:46,-0.0009765624999999957
2019-04-04 15:29:47,-0.00048828124999999783
2019-04-04 15:29:48,-0.00024414062499999892
2019-04-04 15:29:49,-0.00012207031249999946
2019-04-04 15:29:50,-6.103515624999973e-05
2019-04-04 15:29:51,-3.0517578124999864e-05
2019-04-04 15:29:52,-1.5258789062499932e-05
2019-04-04 15:29:53,-0.5000076293945312
2019-04-04 15:29:54,-0.2500038146972656
2019-04-04 15:29:55,-0.1250019073486328
2019-04-04 15:29:56,-0.0625009536743164
2019-04-04 15:29:57,-0.0312504768371582
2019-04-04 15:29:58,-0.0156252384185791
2019-04-04 15:29:59,-0.00781261920928955
2019-04-04 15:30:00,-0.5039063096046448
2019-04-04 15:30:01,-0.2519531548023224
2019-04-04 15:30:02,-0.1259765774011612
2019-04-04 15:30:03,-0.0629882887005806
2019-04-04 15:30:04,-0.0314941443502903
2019-04-04 15:30:05,-0.01574707217514515
2019-04-04 15:30:06,-0.007873536087572575
2019-04-04 15:30:07,-0.003936768043786287
2019-04-04 15:30:08,-0.0019683840218931437
2019-04-04 15:30:09,-0.0009841920109465718
2019-04-04 15:30:10,-0.0004920960054732859
2019-04-04 15:30:11,-0.00024604800273664296
2019-04-04 15:30:12,-0.00012302400136832148
2019-04-04 15:30:13,-6.151200068416074e-05
2019-04-04 15:30:14,-3.075600034208037e-05
2019-04-04 15:30:15,-1.5378000171040185e-05
2019-04-04 15:30:16,0.4999923109999145
2019-04-04 15:30:17,0.24999615549995724
2019-04-04 15:30:18,0.12499807774997862
2019-04-04 15:30:19,0.06249903887498931
2019-04-04 15:30:20,1.5312495194374947
2019-04-04 15:30:21,0.7656247597187473
2019-04-04 15:30:22,0.38281237985937366
2019-04-04 15:30:23,0.19140618992968683
2019-04-04 15:30:24,0.09570309496484342
2019-04-04 15:30:25,0.04785154748242171
2019-04-04 15:30:26,0.023925773741210854
2019-04-04 15:30:27,0.011962886870605427
2019-04-04 15:30:28,0.0059814434353027135
2019-04-04 15:30:29,0.0029907217176513567
2019-04-04 15:30:30,0.0014953608588256784
2019-04-04 15:30:31,0.0007476804294128392
2019-04-04 15:30:32,0.0003738402147064196
2019-04-04 15:30:33,0.0001869201073532098
2019-04-04 15:30:34,9.34600536766049e-05
2019-04-04 15:30:35,4.673002683830245e-05
2019-04-04 15:30:36,2.3365013419151225e-05
2019-04-04 15:30:37,1.1682506709575612e-05
2019-04-04 15:30:38,5.841253354787806e-06
2019-04-04 15:30:39,2.920626677393903e-06
2019-04-04 15:30:40,1.4603133386969515e-06
2019-04-04 15:30:41,7.301566693484758e-07
2019-04-04 15:30:42,3.650783346742379e-07
2019-04-04 15:30:43,1.8253916733711894e-07
2019-04-04 15:30:44,9.126958366855947e-08
2019-04-04 15:30:45,4.5634791834279736e-08
2019-04-04 15:30:46,2.2817395917139868e-08
2019-04-04 15:30:47,1.1408697958569934e-08
2019-04-04 15:30:48,5.704348979284967e-09
2019-04-04 15:30:49,2.8521744896424835e-09
2019-04-04 15:30:50,1.4260872448212417e-09
2019-04-04 15:30:51,7.130436224106209e-10
2019-04-04 15:30:52,3.5652181120531043e-10
2019-04-04 15:30:53,1.7826090560265522e-10
2019-04-04 15:30:54,8.913045280132761e-11
2019-04-04 15:30:55,4.4565226400663804e-11
2019-04-04 15:30:56,2.2282613200331902e-11
2019-04-04 15:30:57,1.1141306600165951e-11
2019-04-04 15:30:58,-0.9999999999944293
2019-04-04 15:30:59,-0.4999999999972147
2019-04-04 15:31:00,-0.24999999999860734
2019-04-04 15:31:01,-0.12499999999930367
2019-04-04 15:31:02,-0.062499999999651834
2019-04-04 15:31:03,-0.031249999999825917
2019-04-04 15:31:04,-4.515624999999913
2019-04-04 15:31:05,-2.2578124999999565
2019-04-04 15:31:06,-1.1289062499999782
2019-04-04 15:31:07,-0.5644531249999891
2019-04-04 15:31:08,-0.28222656249999456
2019-04-04 15:31:09,-0.14111328124999728
2019-04-04 15:31:10,-0.07055664062499864
2019-04-04 15:31:11,-0.03527832031249932
2019-04-04 15:31:12,-0.01763916015624966
2019-04-04 15:31:13,-0.00881958007812483
2019-04-04 15:31:14,-0.004409790039062415
2019-04-04 15:31:15,-0.0022048950195312075
2019-04-04 15:31:16,-0.0011024475097656037
2019-04-04 15:31:17,-0.0005512237548828019
2019-04-04 15:31:18,-0.00027561187744140094
2019-04-04 15:31:19,-0.00013780593872070047
2019-04-04 15:31:20,-6.890296936035023e-05
2019-04-04 15:31:21,-3.445148468017512e-05
2019-04-04 15:31:22,-1.722574234008756e-05
2019-04-04 15:31:23,-8.61287117004378e-06
2019-04-04 15:31:24,-4.30643558502189e-06
2019-04-04 15:31:25,-2.153217792510945e-06
2019-04-04 15:31:26,-1.0766088962554724e-06
2019-04-04 15:31:27,2.499999461695552
2019-04-04 15:31:28,1.249999730847776
2019-04-04 15:31:29,0.624999865423888
2019-04-04 15:31:30,0.312499932711944
2019-04-04 15:31:31,0.156249966355972
2019-04-04 15:31:32,0.078124983177986
2019-04-04 15:31:33,0.039062491588993
2019-04-04 15:31:34,0.0195312457944965
2019-04-04 15:31:35,0.00976562289724825
2019-04-04 15:31:36,0.004882811448624125
2019-04-04 15:31:37,0.0024414057243120624
2019-04-04 15:31:38,0.0012207028621560312
2019-04-04 15:31:39,0.0006103514310780156
2019-04-04 15:31:40,0.0003051757155390078
2019-04-04 15:31:41,0.0001525878577695039
2019-04-04 15:31:42,7.629392888475195e-05
2019-04-04 15:31:43,3.8146964442375975e-05
2019-04-04 15:31:44,1.9073482221187987e-05
2019-04-04 15:31:45,9.536741110593994e-06
2019-04-04 15:31:46,4.768370555296997e-06
2019-04-04 15:31:47,2.3841852776484984e-06
2019-04-04 15:31:48,1.1920926388242492e-06
2019-04-04 15:31:49,5.960463194121246e-07
2019-04-04 15:31:50,2.980231597060623e-07
2019-04-04 15:31:51,1.4901157985303115e-07
2019-04-04 15:31:52,7.450578992651558e-08
2019-04-04 15:31:53,3.725289496325779e-08
2019-04-04 15:31:54,1.8626447481628894e-08
2019-04-04 15:31:55,9.313223740814447e-09
2019-04-04 15:31:56,4.6566118704072235e-09
2019-04-04 15:31:57,2.3283059352036117e-09
2019-04-04 15:31:58,1.1641529676018059e-09
2019-04-04 15:31:59,5.820764838009029e-10
2019-04-04 15:32:00,2.9103824190045147e-10
2019-04-04 15:32:01,1.4551912095022573e-10
2019-04-04 15:32:02,7.275956047511287e-11
2019-04-04 15:32:03,3.6379780237556433e-11
2019-04-04 15:32:04,1.8189890118778217e-11
2019-04-04 15:32:05,9.094945059389108e-12
2019-04-04 15:32:06,4.547472529694554e-12
2019-04-04 15:32:07,2.273736264847277e-12
2019-04-04 15:32:08,1.1368681324236385e-12
2019-04-04 15:32:09,5.684340662118193e-13
2019-04-04 15:32:10,1.5000000000002842
2019-04-04 15:32:11,0.7500000000001421
2019-04-04 15:32:12,0.37500000000007105
2019-04-04 15:32:13,0.18750000000003553
2019-04-04 15:32:14,0.09375000000001776
2019-04-04 15:32:15,0.5468750000000089
2019-04-04 15:32:16,0.27343750000000444
2019-04-04 15:32:17,0.13671875000000222
2019-04-04 15:32:18,0.06835937500000111
2019-04-04 15:32:19,0.034179687500000555
2019-04-04 15:32:20,0.017089843750000278
2019-04-04 15:32:21,0.008544921875000139
2019-04-04 15:32:22,0.5042724609375001
2019-04-04 15:32:23,0.25213623046875006
2019-04-04 15:32:24,0.12606811523437503
2019-04-04 15:32:25,0.06303405761718751
2019-04-04 15:32:26,0.03151702880859376
2019-04-04 15:32:27,0.01575851440429688
2019-04-04 15:32:28,0.00787925720214844
2019-04-04 15:32:29,0.00393962860107422
2019-04-04 15:32:30,0.00196981430053711
2019-04-04 15:32:31,0.000984907150268555
2019-04-04 15:32:32,0.0004924535751342775
2019-04-04 15:32:33,0.0002462267875671387
2019-04-04 15:32:34,0.00012311339378356936
2019-04-04 15:32:35,-0.4999384433031082
2019-04-04 15:32:36,-0.2499692216515541
2019-04-04 15:32:37,-0.12498461082577705
2019-04-04 15:32:38,-0.06249230541288853
2019-04-04 15:32:39,-0.031246152706444263
2019-04-04 15:32:40,-0.015623076353222132
2019-04-04 15:32:41,-0.007811538176611066
2019-04-04 15:32:42,-0.003905769088305533
2019-04-04 15:32:43,-0.0019528845441527665
2019-04-04 15:32:44,-0.0009764422720763832
2019-04-04 15:32:45,-0.0004882211360381916
2019-04-04 15:32:46,-0.0002441105680190958
2019-04-04 15:32:47,-0.0001220552840095479
2019-04-04 15:32:48,-6.102764200477395e-05
2019-04-04 15:32:49,-3.0513821002386976e-05
2019-04-04 15:32:50,0.4999847430894988
2019-04-04 15:32:51,0.7499923715447494
2019-04-04 15:32:52,0.3749961857723747
2019-04-04 15:32:53,0.18749809288618735
2019-04-04 15:32:54,0.09374904644309368
2019-04-04 15:32:55,0.04687452322154684
2019-04-04 15:32:56,0.02343726161077342
2019-04-04 15:32:57,0.01171863080538671
2019-04-04 15:32:58,0.005859315402693355
2019-04-04 15:32:59,0.0029296577013466774
2019-04-04 15:33:00,0.0014648288506733387
2019-04-04 15:33:01,0.0007324144253366693
2019-04-04 15:33:02,0.00036620721266833467
2019-04-04 15:33:03,0.00018310360633416733
2019-04-04 15:33:04,9.155180316708367e-05
2019-04-04 15:33:05,4.5775901583541834e-05
2019-04-04 15:33:06,2.2887950791770917e-05
2019-04-04 15:33:07,1.1443975395885458e-05
2019-04-04 15:33:08,5.721987697942729e-06
2019-04-04 15:33:09,2.8609938489713646e-06
2019-04-04 15:33:10,1.4304969244856823e-06
2019-04-04 15:33:11,7.152484622428412e-07
2019-04-04 15:33:12,3.576242311214206e-07
2019-04-04 15:33:13,1.788121155607103e-07
2019-04-04 15:33:14,8.940605778035514e-08
2019-04-04 15:33:15,4.470302889017757e-08
2019-04-04 15:33:16,2.2351514445088786e-08
2019-04-04 15:33:17,1.1175757222544393e-08
2019-04-04 15:33:18,5.5878786112721965e-09
2019-04-04 15:33:19,2.7939393056360982e-09
2019-04-04 15:33:20,1.3969696528180491e-09
2019-04-04 15:33:21,6.984848264090246e-10
2019-04-04 15:33:22,3.492424132045123e-10
2019-04-04 15:33:23,-0.4999999998253788
2019-04-04 15:33:24,-0.2499999999126894
2019-04-04 15:33:25,-0.1249999999563447
2019-04-04 15:33:26,-0.06249999997817235
2019-04-04 15:33:27,-0.031249999989086175
2019-04-04 15:33:28,-0.015624999994543087
2019-04-04 15:33:29,-0.007812499997271544
2019-04-04 15:33:30,-0.003906249998635772
2019-04-04 15:33:31,-0.001953124999317886
2019-04-04 15:33:32,-0.000976562499658943
2019-04-04 15:33:33,-7.0004882812498295
2019-04-04 15:33:34,-3.5002441406249147
2019-04-04 15:33:35,-1.7501220703124574
2019-04-04 15:33:36,-0.8750610351562287
2019-04-04 15:33:37,-0.43753051757811434
2019-04-04 15:33:38,-0.21876525878905717
2019-04-04 15:33:39,-0.10938262939452859
2019-04-04 15:33:40,-0.05469131469726429
2019-04-04 15:33:41,-0.027345657348632146
2019-04-04 15:33:42,-0.013672828674316073
2019-04-04 15:33:43,-0.006836414337158037
2019-04-04 15:33:44,-0.0034182071685790183
2019-04-04 15:33:45,-1.5017091035842896
2019-04-04 15:33:46,-0.7508545517921448
2019-04-04 15:33:47,-0.3754272758960724
2019-04-04 15:33:48,-0.1877136379480362
2019-04-04 15:33:49,-0.0938568189740181
2019-04-04 15:33:50,-0.04692840948700905
2019-04-04 15:33:51,-0.023464204743504524
2019-04-04 15:33:52,-0.011732102371752262
2019-04-04 15:33:53,-0.005866051185876131
2019-04-04 15:33:54,-0.0029330255929380655
2019-04-04 15:33:55,-0.0014665127964690328
2019-04-04 15:33:56,-0.0007332563982345164
2019-04-04 15:33:57,-0.0003666281991172582
2019-04-04 15:33:58,-0.0001833140995586291
2019-04-04 15:33:59,-9.165704977931455e-05
2019-04-04 15:34:00,-4.5828524889657274e-05
2019-04-04 15:34:01,-2.2914262444828637e-05
2019-04-04 15:34:02,-1.1457131222414318e-05
2019-04-04 15:34:03,-5.728565611207159e-06
2019-04-04 15:34:04,-2.8642828056035796e-06
2019-04-04 15:34:05,-1.4321414028017898e-06
2019-04-04 15:34:06,-7.160707014008949e-07
2019-04-04 15:34:07,-3.5803535070044745e-07
2019-04-04 15:34:08,-1.7901767535022373e-07
2019-04-04 15:34:09,-8.950883767511186e-08
2019-04-04 15:34:10,-4.475441883755593e-08
2019-04-04 15:34:11,-2.2377209418777966e-08
2019-04-04 15:34:12,-1.1188604709388983e-08
2019-04-04 15:34:13,-5.5943023546944914e-09
2019-04-04 15:34:14,-2.7971511773472457e-09
2019-04-04 15:34:15,-1.3985755886736229e-09
2019-04-04 15:34:16,-6.992877943368114e-10
2019-04-04 15:34:17,-3.496438971684057e-10
2019-04-04 15:34:18,-1.7482194858420286e-10
2019-04-04 15:34:19,-8.741097429210143e-11
2019-04-04 15:34:20,-4.3705487146050714e-11
2019-04-04 15:34:21,-2.1852743573025357e-11
2019-04-04 15:34:22,-1.0926371786512679e-11
2019-04-04 15:34:23,-5.463185893256339e-12
2019-04-04 15:34:24,-2.7315929466281696e-12
2019-04-04 15:34:25,-1.3657964733140848e-12
2019-04-04 15:34:26,-6.828982366570424e-13
2019-04-04 15:34:27,-3.414491183285212e-13
2019-04-04 15:34:28,-1.707245591642606e-13
2019-04-04 15:34:29,-8.53622795821303e-14
2019-04-04 15:34:30,-4.268113979106515e-14
2019-04-04 15:34:31,-2.1340569895532575e-14
2019-04-04 15:34:32,-1.0670284947766288e-14
2019-04-04 15:34:33,-5.335142473883144e-15
2019-04-04 15:34:34,-2.667571236941572e-15
2019-04-04 15:34:35,-1.333785618470786e-15
2019-04-04 15:34:36,-6.66892809235393e-16
2019-04-04 15:34:37,-3.334464046176965e-16
2019-04-04 15:34:38,-1.6672320230884825e-16
2019-04-04 15:34:39,-8.336160115442412e-17
2019-04-04 15:34:40,-4.168080057721206e-17
2019-04-04 15:34:41,-2.084040028860603e-17
2019-04-04 15:34:42,-1.0420200144303015e-17
2019-04-04 15:34:43,-5.210100072151508e-18
2019-04-04 15:34:44,-2.605050036075754e-18
2019-04-04 15:34:45,0.5
2019-04-04 15:34:46,0.25
2019-04-04 15:34:47,0.125
2019-04-04 15:34:48,0.0625
2019-04-04 15:34:49,0.03125
2019-04-04 15:34:50,0.015625
2019-04-04 15:34:51,0.0078125
2019-04-04 15:34:52,0.00390625
2019-04-04 15:34:53,0.001953125
2019-04-04 15:34:54,0.0009765625
2019-04-04 15:34:55,0.00048828125
2019-04-04 15:34:56,0.000244140625
2019-04-04 15:34:57,0.0001220703125
2019-04-04 15:34:58,6.103515625e-05
2019-04-04 15:34:59,3.0517578125e-05
2019-04-04 15:35:00,1.52587890625e-05
2019-04-04 15:35:01,7.62939453125e-06
2019-04-04 15:35:02,3.814697265625e-06
2019-04-04 15:35:03,1.9073486328125e-06
2019-04-04 15:35:04,9.5367431640625e-07
2019-04-04 15:35:05,4.76837158203125e-07
2019-04-04 15:35:06,2.384185791015625e-07
2019-04-04 15:35:07,1.1920928955078125e-07
2019-04-04 15:35:08,5.960464477539063e-08
2019-04-04 15:35:09,1.0000000298023224
2019-04-04 15:35:10,0.5000000149011612
2019-04-04 15:35:11,0.2500000074505806
2019-04-04 15:35:12,0.1250000037252903
2019-04-04 15:35:13,0.06250000186264515
2019-04-04 15:35:14,0.031250000931322575
2019-04-04 15:35:15,0.015625000465661287
2019-04-04 15:35:16,0.007812500232830644
2019-04-04 15:35:17,0.003906250116415322
2019-04-04 15:35:18,0.001953125058207661
2019-04-04 15:35:19,0.0009765625291038305
2019-04-04 15:35:20,0.0004882812645519152
2019-04-04 15:35:21,0.0002441406322759576
2019-04-04 15:35:22,0.0001220703161379788
2019-04-04 15:35:23,6.10351580689894e-05
2019-04-04 15:35:24,3.05175790344947e-05
2019-04-04 15:35:25,1.525878951724735e-05
2019-04-04 15:35:26,7.629394758623675e-06
2019-04-04 15:35:27,3.814697379311838e-06
2019-04-04 15:35:28,1.907348689655919e-06
2019-04-04 15:35:29,9.536743448279594e-07
2019-04-04 15:35:30,4.768371724139797e-07
2019-04-04 15:35:31,2.3841858620698986e-07
2019-04-04 15:35:32,1.1920929310349493e-07
2019-04-04 15:35:33,5.960464655174746e-08
2019-04-04 15:35:34,2.980232327587373e-08
2019-04-04 15:35:35,1.4901161637936866e-08
2019-04-04 15:35:36,7.450580818968433e-09
2019-04-04 15:35:37,3.7252904094842165e-09
2019-04-04 15:35:38,1.8626452047421083e-09
2019-04-04 15:35:39,9.313226023710541e-10
2019-04-04 15:35:40,4.656613011855271e-10
2019-04-04 15:35:41,2.3283065059276353e-10
2019-04-04 15:35:42,1.1641532529638177e-10
2019-04-04 15:35:43,5.820766264819088e-11
2019-04-04 15:35:44,2.910383132409544e-11
2019-04-04 15:35:45,1.455191566204772e-11
2019-04-04 15:35:46,7.27595783102386e-12
2019-04-04 15:35:47,3.63797891551193e-12
2019-04-04 15:35:48,1.818989457755965e-12
2019-04-04 15:35:49,9.094947288779826e-13
2019-04-04 15:35:50,4.547473644389913e-13
2019-04-04 15:35:51,2.2737368221949564e-13
2019-04-04 15:35:52,1.1368684110974782e-13
2019-04-04 15:35:53,5.684342055487391e-14
2019-04-04 15:35:54,2.8421710277436955e-14
2019-04-04 15:35:55,1.4210855138718477e-14
2019-04-04 15:35:56,7.105427569359239e-15
2019-04-04 15:35:57,3.552713784679619e-15
2019-04-04 15:35:58,0.5000000000000018
2019-04-04 15:35:59,0.2500000000000009
2019-04-04 15:36:00,0.12500000000000044
2019-04-04 15:36:01,0.06250000000000022
2019-04-04 15:36:02,0.03125000000000011
2019-04-04 15:36:03,0.015625000000000056
2019-04-04 15:36:04,0.007812500000000028
2019-04-04 15:36:05,0.003906250000000014
2019-04-04 15:36:06,0.001953125000000007
2019-04-04 15:36:07,0.0009765625000000035
2019-04-04 15:36:08,0.0004882812500000017
2019-04-04 15:36:09,0.00024414062500000087
2019-04-04 15:36:10,0.00012207031250000043
2019-04-04 15:36:11,6.103515625000022e-05
2019-04-04 15:36:12,3.051757812500011e-05
2019-04-04 15:36:13,1.5258789062500054e-05
2019-04-04 15:36:14,7.629394531250027e-06
2019-04-04 15:36:15,3.8146972656250136e-06
2019-04-04 15:36:16,1.9073486328125068e-06
2019-04-04 15:36:17,9.536743164062534e-07
2019-04-04 15:36:18,4.768371582031267e-07
2019-04-04 15:36:19,2.3841857910156335e-07
2019-04-04 15:36:20,1.1920928955078167e-07
2019-04-04 15:36:21,5.960464477539084e-08
2019-04-04 15:36:22,2.980232238769542e-08
2019-04-04 15:36:23,1.490116119384771e-08
2019-04-04 15:36:24,7.450580596923855e-09
2019-04-04 15:36:25,3.725290298461927e-09
2019-04-04 15:36:26,1.8626451492309636e-09
2019-04-04 15:36:27,9.313225746154818e-10
2019-04-04 15:36:28,4.656612873077409e-10
2019-04-04 15:36:29,2.3283064365387046e-10
2019-04-04 15:36:30,1.1641532182693523e-10
2019-04-04 15:36:31,5.820766091346761e-11
2019-04-04 15:36:32,2.910383045673381e-11
2019-04-04 15:36:33,1.4551915228366904e-11
2019-04-04 15:36:34,7.275957614183452e-12
2019-04-04 15:36:35,3.637978807091726e-12
2019-04-04 15:36:36,1.818989403545863e-12
2019-04-04 15:36:37,9.094947017729315e-13
2019-04-04 15:36:38,4.547473508864657e-13
2019-04-04 15:36:39,2.2737367544323287e-13
2019-04-04 15:36:40,1.1368683772161643e-13
2019-04-04 15:36:41,5.684341886080822e-14
2019-04-04 15:36:42,2.842170943040411e-14
2019-04-04 15:36:43,1.4210854715202054e-14
2019-04-04 15:36:44,7.105427357601027e-15
2019-04-04 15:36:45,3.5527136788005136e-15
2019-04-04 15:36:46,1.7763568394002568e-15
2019-04-04 15:36:47,8.881784197001284e-16
2019-04-04 15:36:48,4.440892098500642e-16
2019-04-04 15:36:49,2.220446049250321e-16
2019-04-04 15:36:50,1.1102230246251605e-16
2019-04-04 15:36:51,5.551115123125802e-17
2019-04-04 15:36:52,2.775557561562901e-17
2019-04-04 15:36:53,1.3877787807814506e-17
2019-04-04 15:36:54,6.938893903907253e-18
2019-04-04 15:36:55,3.4694469519536265e-18
2019-04-04 15:36:56,1.7347234759768133e-18
2019-04-04 15:36:57,8.673617379884066e-19
2019-04-04 15:36:58,4.336808689942033e-19
2019-04-04 15:36:59,2.1684043449710166e-19
2019-04-04 15:37:00,1.0842021724855083e-19
2019-04-04 15:37:01,5.421010862427541e-20
2019-04-04 15:37:02,2.710505431213771e-20
2019-04-04 15:37:03,1.3552527156068854e-20
2019-04-04 15:37:04,-0.5
2019-04-04 15:37:05,-0.25
2019-04-04 15:37:06,-0.125
2019-04-04 15:37:07,-0.0625
2019-04-04 15:37:08,-0.03125
2019-04-04 15:37:09,-0.015625
2019-04-04 15:37:10,-0.0078125
2019-04-04 15:37:11,-0.00390625
2019-04-04 15:37:12,-0.001953125
2019-04-04 15:37:13,-0.0009765625
2019-04-04 15:37:14,-0.00048828125
2019-04-04 15:37:15,-0.000244140625
2019-04-04 15:37:16,-0.0001220703125
2019-04-04 15:37:17,-6.103515625e-05
2019-04-04 15:37:18,-3.0517578125e-05
2019-04-04 15:37:19,-1.52587890625e-05
2019-04-04 15:37:20,-7.62939453125e-06
2019-04-04 15:37:21,-3.814697265625e-06
2019-04-04 15:37:22,-1.9073486328125e-06
2019-04-04 15:37:23,-0.5000009536743164
2019-04-04 15:37:24,-0.2500004768371582
2019-04-04 15:37:25,-0.1250002384185791
2019-04-04 15:37:26,-0.06250011920928955
2019-04-04 15:37:27,-0.031250059604644775
2019-04-04 15:37:28,-0.015625029802322388
2019-04-04 15:37:29,-0.007812514901161194
2019-04-04 15:37:30,-0.003906257450580597
2019-04-04 15:37:31,-0.0019531287252902985
2019-04-04 15:37:32,-0.0009765643626451492
2019-04-04 15:37:33,-0.0004882821813225746
2019-04-04 15:37:34,-0.0002441410906612873
2019-04-04 15:37:35,-0.00012207054533064365
2019-04-04 15:37:36,-6.103527266532183e-05
2019-04-04 15:37:37,-3.0517636332660913e-05
2019-04-04 15:37:38,-1.5258818166330457e-05
2019-04-04 15:37:39,-7.629409083165228e-06
2019-04-04 15:37:40,-3.814704541582614e-06
2019-04-04 15:37:41,-1.907352270791307e-06
2019-04-04 15:37:42,-9.536761353956535e-07
2019-04-04 15:37:43,-4.768380676978268e-07
2019-04-04 15:37:44,-2.384190338489134e-07
2019-04-04 15:37:45,-1.192095169244567e-07
2019-04-04 15:37:46,-5.960475846222835e-08
2019-04-04 15:37:47,-2.980237923111417e-08
2019-04-04 15:37:48,-1.4901189615557087e-08
2019-04-04 15:37:49,-7.450594807778543e-09
2019-04-04 15:37:50,-3.725297403889272e-09
2019-04-04 15:37:51,-1.862648701944636e-09
2019-04-04 15:37:52,-9.31324350972318e-10
2019-04-04 15:37:53,-4.65662175486159e-10
2019-04-04 15:37:54,-2.328310877430795e-10
2019-04-04 15:37:55,-1.1641554387153974e-10
2019-04-04 15:37:56,-5.820777193576987e-11
2019-04-04 15:37:57,-2.9103885967884935e-11
2019-04-04 15:37:58,-1.4551942983942467e-11
2019-04-04 15:37:59,-7.275971491971234e-12
2019-04-04 15:38:00,-3.637985745985617e-12
2019-04-04 15:38:01,-1.8189928729928084e-12
2019-04-04 15:38:02,-9.094964364964042e-13
2019-04-04 15:38:03,-4.547482182482021e-13
2019-04-04 15:38:04,-2.2737410912410105e-13
2019-04-04 15:38:05,-1.1368705456205053e-13
2019-04-04 15:38:06,-5.684352728102526e-14
2019-04-04 15:38:07,-2.842176364051263e-14
2019-04-04 15:38:08,-1.4210881820256316e-14
2019-04-04 15:38:09,-7.105440910128158e-15
2019-04-04 15:38:10,-3.552720455064079e-15
2019-04-04 15:38:11,-1.7763602275320395e-15
2019-04-04 15:38:12,-8.881801137660197e-16
2019-04-04 15:38:13,-4.440900568830099e-16
2019-04-04 15:38:14,-2.2204502844150494e-16
2019-04-04 15:38:15,-1.1102251422075247e-16
2019-04-04 15:38:16,-5.551125711037623e-17
2019-04-04 15:38:17,-2.7755628555188117e-17
2019-04-04 15:38:18,-1.3877814277594058e-17
2019-04-04 15:38:19,-6.938907138797029e-18
2019-04-04 15:38:20,-3.4694535693985146e-18
2019-04-04 15:38:21,-1.7347267846992573e-18
2019-04-04 15:38:22,-8.673633923496287e-19
2019-04-04 15:38:23,-4.336816961748143e-19
2019-04-04 15:38:24,-2.1684084808740716e-19
2019-04-04 15:38:25,-1.0842042404370358e-19
2019-04-04 15:38:26,-5.421021202185179e-20
2019-04-04 15:38:27,-2.7105106010925895e-20
2019-04-04 15:38:28,-1.3552553005462948e-20
2019-04-04 15:38:29,-6.776276502731474e-21
2019-04-04 15:38:30,-3.388138251365737e-21
2019-04-04 15:38:31,-1.6940691256828685e-21
2019-04-04 15:38:32,-8.470345628414342e-22
2019-04-04 15:38:33,-4.235172814207171e-22
2019-04-04 15:38:34,-2.1175864071035856e-22
2019-04-04 15:38:35,-1.0587932035517928e-22
2019-04-04 15:38:36,-5.293966017758964e-23
2019-04-04 15:38:37,-2.646983008879482e-23
2019-04-04 15:38:38,-1.323491504439741e-23
2019-04-04 15:38:39,-6.617457522198705e-24
2019-04-04 15:38:40,-3.3087287610993525e-24
2019-04-04 15:38:41,-1.6543643805496762e-24
2019-04-04 15:38:42,-8.271821902748381e-25
2019-04-04 15:38:43,-4.135910951374191e-25
2019-04-04 15:38:44,-2.0679554756870953e-25
2019-04-04 15:38:45,-1.0339777378435476e-25
2019-04-04 15:38:46,-5.169888689217738e-26
2019-04-04 15:38:47,-2.584944344608869e-26
2019-04-04 15:38:48,-1.2924721723044346e-26
2019-04-04 15:38:49,-6.462360861522173e-27
2019-04-04 15:38:50,-3.2311804307610864e-27
2019-04-04 15:38:51,-1.6155902153805432e-27
2019-04-04 15:38:52,-8.077951076902716e-28
2019-04-04 15:38:53,-4.038975538451358e-28
2019-04-04 15:38:54,-2.019487769225679e-28
2019-04-04 15:38:55,-1.0097438846128395e-28
2019-04-04 15:38:56,-5.048719423064197e-29
2019-04-04 15:38:57,-2.524359711532099e-29
2019-04-04 15:38:58,-1.2621798557660494e-29
2019-04-04 15:38:59,-6.310899278830247e-30
2019-04-04 15:39:00,-3.1554496394151234e-30
2019-04-04 15:39:01,-1.5777248197075617e-30
2019-04-04 15:39:02,-7.888624098537809e-31
2019-04-04 15:39:03,-3.944312049268904e-31
2019-04-04 15:39:04,-1.972156024634452e-31
2019-04-04 15:39:05,-9.86078012317226e-32
2019-04-04 15:39:06,-4.93039006158613e-32
2019-04-04 15:39:07,-2.465195030793065e-32
2019-04-04 15:39:08,-23.0
2019-04-04 15:39:09,-11.5
2019-04-04 15:39:10,-5.75
2019-04-04 15:39:11,-2.875
2019-04-04 15:39:12,-1.4375
2019-04-04 15:39:13,-0.71875
2019-04-04 15:39:14,-0.359375
2019-04-04 15:39:15,-0.1796875
2019-04-04 15:39:16,-0.08984375
2019-04-04 15:39:17,-0.044921875
2019-04-04 15:39:18,0.9775390625
2019-04-04 15:39:19,2.48876953125
2019-04-04 15:39:20,2.744384765625
2019-04-04 15:39:21,1.3721923828125
2019-04-04 15:39:22,0.68609619140625
2019-04-04 15:39:23,0.343048095703125
2019-04-04 15:39:24,0.1715240478515625
2019-04-04 15:39:25,0.08576202392578125
2019-04-04 15:39:26,-0.4571189880371094
2019-04-04 15:39:27,-0.2285594940185547
2019-04-04 15:39:28,-0.11427974700927734
2019-04-04 15:39:29,-0.05713987350463867
2019-04-04 15:39:30,-0.028569936752319336
2019-04-04 15:39:31,-0.014284968376159668
2019-04-04 15:39:32,-0.007142484188079834
2019-04-04 15:39:33,-0.003571242094039917
2019-04-04 15:39:34,-0.0017856210470199585
2019-04-04 15:39:35,-0.0008928105235099792
2019-04-04 15:39:36,-0.0004464052617549896
2019-04-04 15:39:37,-0.0002232026308774948
2019-04-04 15:39:38,-0.0001116013154387474
2019-04-04 15:39:39,-5.58006577193737e-05
2019-04-04 15:39:40,-2.790032885968685e-05
2019-04-04 15:39:41,-1.3950164429843426e-05
2019-04-04 15:39:42,-6.975082214921713e-06
2019-04-04 15:39:43,-3.4875411074608564e-06
2019-04-04 15:39:44,-1.7437705537304282e-06
2019-04-04 15:39:45,-8.718852768652141e-07
2019-04-04 15:39:46,-4.3594263843260705e-07
2019-04-04 15:39:47,-2.1797131921630353e-07
2019-04-04 15:39:48,-1.0898565960815176e-07
2019-04-04 15:39:49,-0.5000000544928298
2019-04-04 15:39:50,-0.2500000272464149
2019-04-04 15:39:51,-0.12500001362320745
2019-04-04 15:39:52,-0.06250000681160373
2019-04-04 15:39:53,-0.5312500034058019
2019-04-04 15:39:54,-0.26562500170290093
2019-04-04 15:39:55,-0.13281250085145047
2019-04-04 15:39:56,-0.06640625042572523
2019-04-04 15:39:57,-0.033203125212862616
2019-04-04 15:39:58,-0.016601562606431308
2019-04-04 15:39:59,-0.008300781303215654
2019-04-04 15:40:00,2.995849609348392
2019-04-04 15:40:01,1.997924804674196
2019-04-04 15:40:02,0.998962402337098
2019-04-04 15:40:03,0.499481201168549
2019-04-04 15:40:04,0.2497406005842745
2019-04-04 15:40:05,0.12487030029213725
2019-04-04 15:40:06,0.062435150146068624
2019-04-04 15:40:07,0.031217575073034312
2019-04-04 15:40:08,0.015608787536517156
2019-04-04 15:40:09,1.5078043937682586
2019-04-04 15:40:10,0.7539021968841293
2019-04-04 15:40:11,0.37695109844206465
2019-04-04 15:40:12,-0.3115244507789677
2019-04-04 15:40:13,-0.15576222538948384
2019-04-04 15:40:14,-0.07788111269474192
2019-04-04 15:40:15,-0.03894055634737096
2019-04-04 15:40:16,-0.01947027817368548
2019-04-04 15:40:17,-0.00973513908684274
2019-04-04 15:40:18,-0.00486756954342137
2019-04-04 15:40:19,-0.002433784771710685
2019-04-04 15:40:20,-0.0012168923858553425
2019-04-04 15:40:21,-0.0006084461929276712
2019-04-04 15:40:22,-5.500304223096464
2019-04-04 15:40:23,-2.750152111548232
2019-04-04 15:40:24,-1.375076055774116
2019-04-04 15:40:25,-0.687538027887058
2019-04-04 15:40:26,-0.343769013943529
2019-04-04 15:40:27,-0.1718845069717645
2019-04-04 15:40:28,-0.08594225348588225
2019-04-04 15:40:29,-0.042971126742941124
2019-04-04 15:40:30,-0.021485563371470562
2019-04-04 15:40:31,-0.010742781685735281
2019-04-04 15:40:32,-0.0053713908428676405
2019-04-04 15:40:33,-0.0026856954214338202
2019-04-04 15:40:34,-0.0013428477107169101
2019-04-04 15:40:35,-0.0006714238553584551
2019-04-04 15:40:36,-0.00033571192767922753
2019-04-04 15:40:37,-0.00016785596383961376
2019-04-04 15:40:38,-8.392798191980688e-05
2019-04-04 15:40:39,-4.0000419639909595
2019-04-04 15:40:40,-2.0000209819954797
2019-04-04 15:40:41,-1.0000104909977399
2019-04-04 15:40:42,-0.5000052454988699
2019-04-04 15:40:43,-0.25000262274943497
2019-04-04 15:40:44,-0.12500131137471748
2019-04-04 15:40:45,-0.06250065568735874
2019-04-04 15:40:46,-0.03125032784367937
2019-04-04 15:40:47,-0.015625163921839685
2019-04-04 15:40:48,-0.5078125819609198
2019-04-04 15:40:49,-0.2539062909804599
2019-04-04 15:40:50,-0.12695314549022996
2019-04-04 15:40:51,-0.06347657274511498
2019-04-04 15:40:52,-0.03173828637255749
2019-04-04 15:40:53,-0.015869143186278745
2019-04-04 15:40:54,-0.007934571593139372
2019-04-04 15:40:55,-0.003967285796569686
2019-04-04 15:40:56,-0.001983642898284843
2019-04-04 15:40:57,-0.0009918214491424215
2019-04-04 15:40:58,-0.0004959107245712108
2019-04-04 15:40:59,-0.0002479553622856054
2019-04-04 15:41:00,-0.0001239776811428027
2019-04-04 15:41:01,-6.198884057140135e-05
2019-04-04 15:41:02,-3.099442028570067e-05
2019-04-04 15:41:03,-1.5497210142850337e-05
2019-04-04 15:41:04,-7.748605071425168e-06
2019-04-04 15:41:05,-3.874302535712584e-06
2019-04-04 15:41:06,-1.937151267856292e-06
2019-04-04 15:41:07,-9.68575633928146e-07
2019-04-04 15:41:08,-4.84287816964073e-07
2019-04-04 15:41:09,-2.421439084820365e-07
2019-04-04 15:41:10,3.9999998789280458
2019-04-04 15:41:11,1.9999999394640229
2019-04-04 15:41:12,0.9999999697320114
2019-04-04 15:41:13,0.4999999848660057
2019-04-04 15:41:14,0.24999999243300286
2019-04-04 15:41:15,0.12499999621650143
2019-04-04 15:41:16,0.062499998108250715
2019-04-04 15:41:17,0.031249999054125358
2019-04-04 15:41:18,0.015624999527062679
2019-04-04 15:41:19,-0.4921875002364687
2019-04-04 15:41:20,-0.24609375011823434
2019-04-04 15:41:21,-0.12304687505911717
2019-04-04 15:41:22,-0.061523437529558585
2019-04-04 15:41:23,-0.030761718764779292
2019-04-04 15:41:24,-0.015380859382389646
2019-04-04 15:41:25,-0.007690429691194823
2019-04-04 15:41:26,-0.0038452148455974115
2019-04-04 15:41:27,-0.0019226074227987058
2019-04-04 15:41:28,-0.0009613037113993529
2019-04-04 15:41:29,-0.00048065185569967644
2019-04-04 15:41:30,-0.00024032592784983822
2019-04-04 15:41:31,-0.00012016296392491911
2019-04-04 15:41:32,-10.500060081481962
2019-04-04 15:41:33,-5.250030040740981
2019-04-04 15:41:34,-2.6250150203704905
2019-04-04 15:41:35,-1.3125075101852453
2019-04-04 15:41:36,-0.6562537550926226
2019-04-04 15:41:37,-0.3281268775463113
2019-04-04 15:41:38,-0.16406343877315566
2019-04-04 15:41:39,-0.08203171938657783
2019-04-04 15:41:40,-0.041015859693288914
2019-04-04 15:41:41,-0.020507929846644457
2019-04-04 15:41:42,-0.010253964923322229
2019-04-04 15:41:43,-0.005126982461661114
2019-04-04 15:41:44,-0.002563491230830557
2019-04-04 15:41:45,-0.0012817456154152786
2019-04-04 15:41:46,-0.0006408728077076393
2019-04-04 15:41:47,-0.00032043640385381964
2019-04-04 15:41:48,-0.00016021820192690982
2019-04-04 15:41:49,-8.010910096345491e-05
2019-04-04 15:41:50,-4.0054550481727455e-05
2019-04-04 15:41:51,-2.0027275240863728e-05
2019-04-04 15:41:52,-1.0013637620431864e-05
2019-04-04 15:41:53,-5.006818810215932e-06
2019-04-04 15:41:54,-2.503409405107966e-06
2019-04-04 15:41:55,-1.251704702553983e-06
2019-04-04 15:41:56,-6.258523512769915e-07
2019-04-04 15:41:57,-3.1292617563849574e-07
2019-04-04 15:41:58,-1.5646308781924787e-07
2019-04-04 15:41:59,-7.823154390962394e-08
2019-04-04 15:42:00,-3.911577195481197e-08
2019-04-04 15:42:01,-1.9557885977405984e-08
2019-04-04 15:42:02,-9.778942988702992e-09
2019-04-04 15:42:03,-4.889471494351496e-09
2019-04-04 15:42:04,-2.444735747175748e-09
2019-04-04 15:42:05,-1.222367873587874e-09
2019-04-04 15:42:06,-6.11183936793937e-10
2019-04-04 15:42:07,-3.055919683969685e-10
2019-04-04 15:42:08,-1.5279598419848425e-10
2019-04-04 15:42:09,-7.639799209924212e-11
2019-04-04 15:42:10,1.999999999961801
2019-04-04 15:42:11,0.9999999999809005
2019-04-04 15:42:12,0.49999999999045025
2019-04-04 15:42:13,0.24999999999522513
2019-04-04 15:42:14,0.12499999999761256
2019-04-04 15:42:15,0.06249999999880628
2019-04-04 15:42:16,0.03124999999940314
2019-04-04 15:42:17,0.01562499999970157
2019-04-04 15:42:18,0.007812499999850785
2019-04-04 15:42:19,0.0039062499999253926
2019-04-04 15:42:20,0.0019531249999626963
2019-04-04 15:42:21,0.0009765624999813481
2019-04-04 15:42:22,0.00048828124999067407
2019-04-04 15:42:23,0.00024414062499533704
2019-04-04 15:42:24,0.00012207031249766852
2019-04-04 15:42:25,6.103515624883426e-05
2019-04-04 15:42:26,-0.4999694824218756
2019-04-04 15:42:27,-0.2499847412109378
2019-04-04 15:42:28,-0.1249923706054689
2019-04-04 15:42:29,-0.06249618530273445
2019-04-04 15:42:30,-0.031248092651367226
2019-04-04 15:42:31,-0.015624046325683613
2019-04-04 15:42:32,-0.007812023162841806
2019-04-04 15:42:33,-0.003906011581420903
2019-04-04 15:42:34,0.9980469942092896
2019-04-04 15:42:35,0.4990234971046448
2019-04-04 15:42:36,0.2495117485523224
2019-04-04 15:42:37,0.1247558742761612
2019-04-04 15:42:38,0.0623779371380806
2019-04-04 15:42:39,0.0311889685690403
2019-04-04 15:42:40,0.01559448428452015
2019-04-04 15:42:41,0.007797242142260075
2019-04-04 15:42:42,0.0038986210711300373
2019-04-04 15:42:43,0.0019493105355650187
2019-04-04 15:42:44,0.0009746552677825093
2019-04-04 15:42:45,0.00048732763389125466
2019-04-04 15:42:46,0.00024366381694562733
2019-04-04 15:42:47,0.00012183190847281367
2019-04-04 15:42:48,6.091595423640683e-05
2019-04-04 15:42:49,3.0457977118203416e-05
2019-04-04 15:42:50,1.5228988559101708e-05
2019-04-04 15:42:51,7.614494279550854e-06
2019-04-04 15:42:52,3.807247139775427e-06
2019-04-04 15:42:53,1.9036235698877135e-06
2019-04-04 15:42:54,-4.499999048188215
2019-04-04 15:42:55,-2.2499995240941075
2019-04-04 15:42:56,-1.1249997620470538
2019-04-04 15:42:57,-0.5624998810235269
2019-04-04 15:42:58,-0.28124994051176344
2019-04-04 15:42:59,-0.14062497025588172
2019-04-04 15:43:00,-0.07031248512794086
2019-04-04 15:43:01,-0.03515624256397043
2019-04-04 15:43:02,-12.517578121281986
2019-04-04 15:43:03,-6.258789060640993
2019-04-04 15:43:04,-3.1293945303204964
2019-04-04 15:43:05,-2.064697265160248
2019-04-04 15:43:06,-1.032348632580124
2019-04-04 15:43:07,-0.516174316290062
2019-04-04 15:43:08,-0.258087158145031
2019-04-04 15:43:09,-0.1290435790725155
2019-04-04 15:43:10,-0.06452178953625776
2019-04-04 15:43:11,-6.532260894768129
2019-04-04 15:43:12,-3.2661304473840644
2019-04-04 15:43:13,-1.6330652236920322
2019-04-04 15:43:14,-0.8165326118460161
2019-04-04 15:43:15,0.591733694076992
2019-04-04 15:43:16,0.295866847038496
2019-04-04 15:43:17,0.147933423519248
2019-04-04 15:43:18,0.073966711759624
2019-04-04 15:43:19,0.036983355879812
2019-04-04 15:43:20,0.018491677939906
2019-04-04 15:43:21,0.009245838969953
2019-04-04 15:43:22,0.0046229194849765
2019-04-04 15:43:23,0.00231145974248825
2019-04-04 15:43:24,0.001155729871244125
2019-04-04 15:43:25,0.0005778649356220624
2019-04-04 15:43:26,0.0002889324678110312
2019-04-04 15:43:27,0.0001444662339055156
2019-04-04 15:43:28,7.22331169527578e-05
2019-04-04 15:43:29,3.61165584763789e-05
2019-04-04 15:43:30,1.805827923818945e-05
2019-04-04 15:43:31,9.029139619094726e-06
2019-04-04 15:43:32,4.514569809547363e-06
2019-04-04 15:43:33,2.2572849047736814e-06
2019-04-04 15:43:34,1.1286424523868407e-06
2019-04-04 15:43:35,5.643212261934204e-07
2019-04-04 15:43:36,2.821606130967102e-07
2019-04-04 15:43:37,1.410803065483551e-07
2019-04-04 15:43:38,7.054015327417754e-08
2019-04-04 15:43:39,1.0000000352700766
2019-04-04 15:43:40,0.5000000176350383
2019-04-04 15:43:41,0.25000000881751916
2019-04-04 15:43:42,0.12500000440875958
2019-04-04 15:43:43,0.06250000220437979
2019-04-04 15:43:44,0.5312500011021899
2019-04-04 15:43:45,0.26562500055109495
2019-04-04 15:43:46,0.13281250027554747
2019-04-04 15:43:47,0.5664062501377738
2019-04-04 15:43:48,0.2832031250688869
2019-04-04 15:43:49,0.14160156253444345
2019-04-04 15:43:50,0.07080078126722172
2019-04-04 15:43:51,0.03540039063361086
2019-04-04 15:43:52,0.01770019531680543
2019-04-04 15:43:53,0.008850097658402716
2019-04-04 15:43:54,0.5044250488292014
2019-04-04 15:43:55,0.2522125244146007
2019-04-04 15:43:56,0.12610626220730034
2019-04-04 15:43:57,0.06305313110365017
2019-04-04 15:43:58,0.031526565551825085
2019-04-04 15:43:59,0.015763282775912543
2019-04-04 15:44:00,0.007881641387956271
2019-04-04 15:44:01,0.003940820693978136
2019-04-04 15:44:02,0.001970410346989068
2019-04-04 15:44:03,0.000985205173494534
2019-04-04 15:44:04,0.000492602586747267
2019-04-04 15:44:05,0.0002463012933736335
2019-04-04 15:44:06,0.00012315064668681674
2019-04-04 15:44:07,6.157532334340837e-05
2019-04-04 15:44:08,3.0787661671704185e-05
2019-04-04 15:44:09,1.5393830835852092e-05
2019-04-04 15:44:10,7.696915417926046e-06
2019-04-04 15:44:11,3.848457708963023e-06
2019-04-04 15:44:12,-2.4999980757711455
2019-04-04 15:44:13,-5.749999037885573
2019-04-04 15:44:14,-2.8749995189427864
2019-04-04 15:44:15,-1.4374997594713932
2019-04-04 15:44:16,-0.7187498797356966
2019-04-04 15:44:17,-0.3593749398678483
2019-04-04 15:44:18,-0.17968746993392415
2019-04-04 15:44:19,-0.08984373496696207
2019-04-04 15:44:20,-0.04492186748348104
2019-04-04 15:44:21,-0.02246093374174052
2019-04-04 15:44:22,-4.01123046687087
2019-04-04 15:44:23,-2.005615233435435
2019-04-04 15:44:24,-1.0028076167177176
2019-04-04 15:44:25,-0.5014038083588588
2019-04-04 15:44:26,-3.7507019041794294
2019-04-04 15:44:27,-1.8753509520897147
2019-04-04 15:44:28,-0.9376754760448573
2019-04-04 15:44:29,-0.4688377380224287
2019-04-04 15:44:30,-0.23441886901121434
2019-04-04 15:44:31,-0.11720943450560717
2019-04-04 15:44:32,-0.058604717252803584
2019-04-04 15:44:33,-0.029302358626401792
2019-04-04 15:44:34,-0.014651179313200896
2019-04-04 15:44:35,-0.007325589656600448
2019-04-04 15:44:36,-0.003662794828300224
2019-04-04 15:44:37,-0.001831397414150112
2019-04-04 15:44:38,-0.000915698707075056
2019-04-04 15:44:39,-0.000457849353537528
2019-04-04 15:44:40,-0.000228924676768764
2019-04-04 15:44:41,-0.000114462338384382
2019-04-04 15:44:42,-5.7231169192191e-05
2019-04-04 15:44:43,-2.86155845960955e-05
2019-04-04 15:44:44,-1.430779229804775e-05
2019-04-04 15:44:45,-7.153896149023875e-06
2019-04-04 15:44:46,-3.5769480745119375e-06
2019-04-04 15:44:47,-1.7884740372559688e-06
2019-04-04 15:44:48,-8.942370186279844e-07
2019-04-04 15:44:49,-4.471185093139922e-07
2019-04-04 15:44:50,-2.235592546569961e-07
2019-04-04 15:44:51,-1.1177962732849805e-07
2019-04-04 15:44:52,-5.5889813664249024e-08
2019-04-04 15:44:53,-2.7944906832124512e-08
2019-04-04 15:44:54,-1.3972453416062256e-08
2019-04-04 15:44:55,-1.0000000069862267
2019-04-04 15:44:56,-0.5000000034931134
2019-04-04 15:44:57,-0.2500000017465567
2019-04-04 15:44:58,-2.1250000008732783
2019-04-04 15:44:59,-1.0625000004366392
2019-04-04 15:45:00,-0.5312500002183196
2019-04-04 15:45:01,-3.26562500010916
2019-04-04 15:45:02,-1.63281250005458
2019-04-04 15:45:03,-0.81640625002729
2019-04-04 15:45:04,-0.408203125013645
2019-04-04 15:45:05,-0.2041015625068225
2019-04-04 15:45:06,-0.10205078125341124
2019-04-04 15:45:07,-0.05102539062670562
2019-04-04 15:45:08,-0.02551269531335281
2019-04-04 15:45:09,-0.012756347656676405
2019-04-04 15:45:10,-0.006378173828338203
2019-04-04 15:45:11,-0.0031890869141691014
2019-04-04 15:45:12,-0.0015945434570845507
2019-04-04 15:45:13,-0.0007972717285422753
2019-04-04 15:45:14,-0.00039863586427113767
2019-04-04 15:45:15,-0.00019931793213556883
2019-04-04 15:45:16,-9.965896606778442e-05
2019-04-04 15:45:17,-4.982948303389221e-05
2019-04-04 15:45:18,-2.4914741516946104e-05
2019-04-04 15:45:19,-1.2457370758473052e-05
2019-04-04 15:45:20,-6.228685379236526e-06
2019-04-04 15:45:21,-7.0000031143426895
2019-04-04 15:45:22,-3.5000015571713448
2019-04-04 15:45:23,-1.7500007785856724
2019-04-04 15:45:24,-2.375000389292836
2019-04-04 15:45:25,-1.187500194646418
2019-04-04 15:45:26,-0.593750097323209
2019-04-04 15:45:27,0.20312495133839548
2019-04-04 15:45:28,0.10156247566919774
2019-04-04 15:45:29,0.05078123783459887
2019-04-04 15:45:30,0.025390618917299435
2019-04-04 15:45:31,0.012695309458649717
2019-04-04 15:45:32,2.006347654729325
2019-04-04 15:45:33,1.0031738273646624
2019-04-04 15:45:34,0.5015869136823312
2019-04-04 15:45:35,0.2507934568411656
2019-04-04 15:45:36,0.1253967284205828
2019-04-04 15:45:37,0.0626983642102914
2019-04-04 15:45:38,0.0313491821051457
2019-04-04 15:45:39,0.01567459105257285
2019-04-04 15:45:40,0.007837295526286425
2019-04-04 15:45:41,0.003918647763143213
2019-04-04 15:45:42,0.0019593238815716063
2019-04-04 15:45:43,0.0009796619407858032
2019-04-04 15:45:44,0.0004898309703929016
2019-04-04 15:45:45,0.0002449154851964508
2019-04-04 15:45:46,0.0001224577425982254
2019-04-04 15:45:47,6.12288712991127e-05
2019-04-04 15:45:48,3.061443564955635e-05
2019-04-04 15:45:49,1.5307217824778174e-05
2019-04-04 15:45:50,7.653608912389087e-06
2019-04-04 15:45:51,3.8268044561945436e-06
2019-04-04 15:45:52,1.9134022280972718e-06
2019-04-04 15:45:53,9.567011140486359e-07
2019-04-04 15:45:54,4.783505570243179e-07
2019-04-04 15:45:55,2.3917527851215897e-07
2019-04-04 15:45:56,1.1958763925607949e-07
2019-04-04 15:45:57,5.00000005979382
2019-04-04 15:45:58,2.50000002989691
2019-04-04 15:45:59,1.250000014948455
2019-04-04 15:46:00,0.6250000074742275
2019-04-04 15:46:01,-1.1874999962628863
2019-04-04 15:46:02,-0.5937499981314431
2019-04-04 15:46:03,-0.29687499906572157
2019-04-04 15:46:04,-0.14843749953286078
2019-04-04 15:46:05,-0.07421874976643039
2019-04-04 15:46:06,-0.037109374883215196
2019-04-04 15:46:07,-0.018554687441607598
2019-04-04 15:46:08,-0.009277343720803799
2019-04-04 15:46:09,-0.0046386718604018995
2019-04-04 15:46:10,-0.0023193359302009497
2019-04-04 15:46:11,-0.0011596679651004749
2019-04-04 15:46:12,-0.0005798339825502374
2019-04-04 15:46:13,-4.000289916991275
2019-04-04 15:46:14,-2.0001449584956377
2019-04-04 15:46:15,-1.0000724792478188
2019-04-04 15:46:16,-0.5000362396239094
2019-04-04 15:46:17,-6.750018119811955
2019-04-04 15:46:18,0.6249909400940226
2019-04-04 15:46:19,0.3124954700470113
2019-04-04 15:46:20,0.15624773502350564
2019-04-04 15:46:21,-0.9218761324882472
2019-04-04 15:46:22,-0.4609380662441236
2019-04-04 15:46:23,-0.2304690331220618
2019-04-04 15:46:24,-0.1152345165610309
2019-04-04 15:46:25,-0.05761725828051545
2019-04-04 15:46:26,-0.028808629140257724
2019-04-04 15:46:27,-0.014404314570128862
2019-04-04 15:46:28,-0.007202157285064431
2019-04-04 15:46:29,-0.0036010786425322155
2019-04-04 15:46:30,-0.0018005393212661078
2019-04-04 15:46:31,-0.0009002696606330539
2019-04-04 15:46:32,-0.00045013483031652694
2019-04-04 15:46:33,-0.00022506741515826347
2019-04-04 15:46:34,-0.00011253370757913174
2019-04-04 15:46:35,-5.626685378956587e-05
2019-04-04 15:46:36,-2.8133426894782934e-05
2019-04-04 15:46:37,-1.4066713447391467e-05
2019-04-04 15:46:38,-7.0333567236957335e-06
2019-04-04 15:46:39,-3.5166783618478667e-06
2019-04-04 15:46:40,-1.7583391809239334e-06
2019-04-04 15:46:41,-8.791695904619667e-07
2019-04-04 15:46:42,-4.3958479523098334e-07
2019-04-04 15:46:43,-2.1979239761549167e-07
2019-04-04 15:46:44,-1.0989619880774584e-07
2019-04-04 15:46:45,-5.494809940387292e-08
2019-04-04 15:46:46,-2.747404970193646e-08
2019-04-04 15:46:47,-1.373702485096823e-08
2019-04-04 15:46:48,-6.868512425484115e-09
2019-04-04 15:46:49,-3.4342562127420574e-09
2019-04-04 15:46:50,-1.7171281063710287e-09
2019-04-04 15:46:51,-8.585640531855143e-10
2019-04-04 15:46:52,-4.2928202659275717e-10
2019-04-04 15:46:53,-2.1464101329637859e-10
2019-04-04 15:46:54,-1.0732050664818929e-10
2019-04-04 15:46:55,-5.3660253324094646e-11
2019-04-04 15:46:56,-2.6830126662047323e-11
2019-04-04 15:46:57,-1.3415063331023662e-11
2019-04-04 15:46:58,-6.707531665511831e-12
2019-04-04 15:46:59,-3.3537658327559154e-12
2019-04-04 15:47:00,-1.6768829163779577e-12
2019-04-04 15:47:01,-8.384414581889788e-13
2019-04-04 15:47:02,-2.500000000000419
2019-04-04 15:47:03,-1.2500000000002096
2019-04-04 15:47:04,-0.6250000000001048
2019-04-04 15:47:05,-1.3125000000000524
2019-04-04 15:47:06,-0.6562500000000262
2019-04-04 15:47:07,-0.3281250000000131
2019-04-04 15:47:08,-0.16406250000000655
2019-04-04 15:47:09,-1.0820312500000033
2019-04-04 15:47:10,-0.5410156250000017
2019-04-04 15:47:11,-0.27050781250000083
2019-04-04 15:47:12,-0.13525390625000042
2019-04-04 15:47:13,-1.5676269531250002
2019-04-04 15:47:14,-0.7838134765625001
2019-04-04 15:47:15,-0.39190673828125006
2019-04-04 15:47:16,-0.19595336914062503
2019-04-04 15:47:17,-1.0979766845703125
2019-04-04 15:47:18,-0.5489883422851562
2019-04-04 15:47:19,-0.2744941711425781
2019-04-04 15:47:20,-3.637247085571289
2019-04-04 15:47:21,-1.8186235427856445
2019-04-04 15:47:22,-0.9093117713928223
2019-04-04 15:47:23,-0.45465588569641113
2019-04-04 15:47:24,-0.22732794284820557
2019-04-04 15:47:25,-0.11366397142410278
2019-04-04 15:47:26,-0.5568319857120514
2019-04-04 15:47:27,-0.2784159928560257
2019-04-04 15:47:28,4.860792003571987
2019-04-04 15:47:29,2.4303960017859936
2019-04-04 15:47:30,-0.2848019991070032
2019-04-04 15:47:31,-0.1424009995535016
2019-04-04 15:47:32,-0.0712004997767508
2019-04-04 15:47:33,-0.0356002498883754
2019-04-04 15:47:34,-0.0178001249441877
2019-04-04 15:47:35,-4.008900062472094
2019-04-04 15:47:36,-2.004450031236047
2019-04-04 15:47:37,-1.0022250156180235
2019-04-04 15:47:38,-0.5011125078090117
2019-04-04 15:47:39,-0.25055625390450587
2019-04-04 15:47:40,-0.6252781269522529
2019-04-04 15:47:41,-0.31263906347612647
2019-04-04 15:47:42,-0.15631953173806323
2019-04-04 15:47:43,0.9218402341309684
2019-04-04 15:47:44,0.4609201170654842
2019-04-04 15:47:45,0.2304600585327421
2019-04-04 15:47:46,0.11523002926637105
2019-04-04 15:47:47,0.057615014633185524
2019-04-04 15:47:48,0.028807507316592762
2019-04-04 15:47:49,-0.4855962463417036
2019-04-04 15:47:50,1.7572018768291482
2019-04-04 15:47:51,1.878600938414574
2019-04-04 15:47:52,0.939300469207287
2019-04-04 15:47:53,-0.5303497653963565
2019-04-04 15:47:54,0.7348251173018218
2019-04-04 15:47:55,0.3674125586509109
2019-04-04 15:47:56,0.18370627932545544
2019-04-04 15:47:57,0.09185313966272772
2019-04-04 15:47:58,0.04592656983136386
2019-04-04 15:47:59,0.02296328491568193
2019-04-04 15:48:00,0.011481642457840965
2019-04-04 15:48:01,0.0057408212289204825
2019-04-04 15:48:02,0.0028704106144602413
2019-04-04 15:48:03,0.0014352053072301206
2019-04-04 15:48:04,0.0007176026536150603
2019-04-04 15:48:05,-2.9996411986731926
2019-04-04 15:48:06,-1.4998205993365963
2019-04-04 15:48:07,-0.7499102996682981
2019-04-04 15:48:08,-0.37495514983414907
2019-04-04 15:48:09,-0.18747757491707454
2019-04-04 15:48:10,-0.09373878745853727
2019-04-04 15:48:11,-0.046869393729268634
2019-04-04 15:48:12,-0.023434696864634317
2019-04-04 15:48:13,-1.5117173484323172
2019-04-04 15:48:14,-1.2558586742161586
2019-04-04 15:48:15,-0.6279293371080793
2019-04-04 15:48:16,-0.31396466855403965
2019-04-04 15:48:17,-0.15698233427701982
2019-04-04 15:48:18,6.92150883286149
2019-04-04 15:48:19,3.460754416430745
2019-04-04 15:48:20,1.7303772082153726
2019-04-04 15:48:21,2.3651886041076864
2019-04-04 15:48:22,0.6825943020538432
2019-04-04 15:48:23,7.341297151026922
2019-04-04 15:48:24,3.670648575513461
2019-04-04 15:48:25,1.8353242877567304
2019-04-04 15:48:26,-4.082337856121635
2019-04-04 15:48:27,-2.0411689280608174
2019-04-04 15:48:28,-1.0205844640304087
2019-04-04 15:48:29,-4.510292232015204
2019-04-04 15:48:30,-2.255146116007602
2019-04-04 15:48:31,-1.127573058003801
2019-04-04 15:48:32,-0.5637865290019005
2019-04-04 15:48:33,0.21810673549904974
2019-04-04 15:48:34,0.10905336774952487
2019-04-04 15:48:35,0.054526683874762435
2019-04-04 15:48:36,0.027263341937381218
2019-04-04 15:48:37,0.013631670968690609
2019-04-04 15:48:38,0.0068158354843453044
2019-04-04 15:48:39,-0.49659208225782736
2019-04-04 15:48:40,-0.24829604112891368
2019-04-04 15:48:41,1.8758519794355433
2019-04-04 15:48:42,0.9379259897177716
2019-04-04 15:48:43,0.4689629948588858
2019-04-04 15:48:44,-0.2655185025705571
2019-04-04 15:48:45,-0.13275925128527855
2019-04-04 15:48:46,-0.06637962564263927
2019-04-04 15:48:47,-0.033189812821319636
2019-04-04 15:48:48,-0.016594906410659818
2019-04-04 15:48:49,-0.008297453205329909
2019-04-04 15:48:50,-0.0041487266026649545
2019-04-04 15:48:51,-0.0020743633013324773
2019-04-04 15:48:52,-0.0010371816506662386
2019-04-04 15:48:53,1.9994814091746669
2019-04-04 15:48:54,0.9997407045873334
2019-04-04 15:48:55,0.4998703522936667
2019-04-04 15:48:56,0.24993517614683336
2019-04-04 15:48:57,0.12496758807341668
2019-04-04 15:48:58,0.06248379403670834
2019-04-04 15:48:59,0.03124189701835417
2019-04-04 15:49:00,-0.48437905149082294
2019-04-04 15:49:01,-0.24218952574541147
2019-04-04 15:49:02,-0.12109476287270574
2019-04-04 15:49:03,-0.06054738143635287
2019-04-04 15:49:04,-0.030273690718176434
2019-04-04 15:49:05,0.4848631546409118
2019-04-04 15:49:06,0.2424315773204559
2019-04-04 15:49:07,0.12121578866022795
2019-04-04 15:49:08,0.06060789433011397
2019-04-04 15:49:09,0.030303947165056987
2019-04-04 15:49:10,0.015151973582528493
2019-04-04 15:49:11,0.007575986791264247
2019-04-04 15:49:12,0.0037879933956321233
2019-04-04 15:49:13,0.0018939966978160617
2019-04-04 15:49:14,3.000946998348908
2019-04-04 15:49:15,1.500473499174454
2019-04-04 15:49:16,0.750236749587227
2019-04-04 15:49:17,0.3751183747936135
2019-04-04 15:49:18,0.18755918739680674
2019-04-04 15:49:19,0.09377959369840337
2019-04-04 15:49:20,0.046889796849201686
2019-04-04 15:49:21,0.023444898424600843
2019-04-04 15:49:22,0.011722449212300421
2019-04-04 15:49:23,0.005861224606150211
2019-04-04 15:49:24,0.0029306123030751054
2019-04-04 15:49:25,0.0014653061515375527
2019-04-04 15:49:26,0.0007326530757687763
2019-04-04 15:49:27,0.00036632653788438817
2019-04-04 15:49:28,0.00018316326894219408
2019-04-04 15:49:29,9.158163447109704e-05
2019-04-04 15:49:30,4.579081723554852e-05
2019-04-04 15:49:31,2.289540861777426e-05
2019-04-04 15:49:32,1.144770430888713e-05
2019-04-04 15:49:33,5.723852154443565e-06
2019-04-04 15:49:34,2.8619260772217826e-06
2019-04-04 15:49:35,1.4309630386108913e-06
2019-04-04 15:49:36,7.154815193054456e-07
2019-04-04 15:49:37,3.577407596527228e-07
2019-04-04 15:49:38,1.788703798263614e-07
2019-04-04 15:49:39,8.94351899131807e-08
2019-04-04 15:49:40,4.471759495659035e-08
2019-04-04 15:49:41,2.2358797478295176e-08
2019-04-04 15:49:42,1.1179398739147588e-08
2019-04-04 15:49:43,-3.9999999944103006
2019-04-04 15:49:44,-1.9999999972051503
2019-04-04 15:49:45,-0.9999999986025752
2019-04-04 15:49:46,-0.4999999993012876
2019-04-04 15:49:47,-0.2499999996506438
2019-04-04 15:49:48,-5.124999999825322
2019-04-04 15:49:49,-2.562499999912661
2019-04-04 15:49:50,-1.2812499999563305
2019-04-04 15:49:51,-0.6406249999781652
2019-04-04 15:49:52,0.6796875000109174
2019-04-04 15:49:53,0.3398437500054587
2019-04-04 15:49:54,0.16992187500272934
2019-04-04 15:49:55,0.08496093750136467
2019-04-04 15:49:56,0.042480468750682336
2019-04-04 15:49:57,0.021240234375341168
2019-04-04 15:49:58,0.010620117187670584
2019-04-04 15:49:59,1.0053100585938353
2019-04-04 15:50:00,0.5026550292969176
2019-04-04 15:50:01,0.2513275146484588
2019-04-04 15:50:02,0.1256637573242294
2019-04-04 15:50:03,0.0628318786621147
2019-04-04 15:50:04,0.5314159393310574
2019-04-04 15:50:05,0.2657079696655287
2019-04-04 15:50:06,0.13285398483276434
2019-04-04 15:50:07,0.06642699241638217
2019-04-04 15:50:08,0.033213496208191085
2019-04-04 15:50:09,0.016606748104095542
2019-04-04 15:50:10,0.008303374052047771
2019-04-04 15:50:11,0.0041516870260238856
2019-04-04 15:50:12,0.0020758435130119428
2019-04-04 15:50:13,0.501037921756506
2019-04-04 15:50:14,0.250518960878253
2019-04-04 15:50:15,0.1252594804391265
2019-04-04 15:50:16,0.06262974021956325
2019-04-04 15:50:17,0.03131487010978162
2019-04-04 15:50:18,0.01565743505489081
2019-04-04 15:50:19,1.5078287175274454
2019-04-04 15:50:20,0.7539143587637227
2019-04-04 15:50:21,0.37695717938186135
2019-04-04 15:50:22,0.18847858969093068
2019-04-04 15:50:23,-0.9057607051545347
2019-04-04 15:50:24,-3.4528803525772673
2019-04-04 15:50:25,-1.7264401762886337
2019-04-04 15:50:26,-0.8632200881443168
2019-04-04 15:50:27,-10.931610044072158
2019-04-04 15:50:28,-5.465805022036079
2019-04-04 15:50:29,-2.7329025110180396
2019-04-04 15:50:30,-1.3664512555090198
2019-04-04 15:50:31,-0.6832256277545099
2019-04-04 15:50:32,-0.34161281387725495
2019-04-04 15:50:33,-0.17080640693862748
2019-04-04 15:50:34,-0.08540320346931374
2019-04-04 15:50:35,-0.04270160173465687
2019-04-04 15:50:36,-4.021350800867328
2019-04-04 15:50:37,0.489324599566336
2019-04-04 15:50:38,0.244662299783168
2019-04-04 15:50:39,0.122331149891584
2019-04-04 15:50:40,0.061165574945792
2019-04-04 15:50:41,0.030582787472896
2019-04-04 15:50:42,0.015291393736448
2019-04-04 15:50:43,0.007645696868224
2019-04-04 15:50:44,1.003822848434112
2019-04-04 15:50:45,0.0019114242170560347
2019-04-04 15:50:46,0.0009557121085280174
2019-04-04 15:50:47,-0.999522143945736
2019-04-04 15:50:48,-0.499761071972868
2019-04-04 15:50:49,-0.249880535986434
2019-04-04 15:50:50,-0.124940267993217
2019-04-04 15:50:51,-0.0624701339966085
2019-04-04 15:50:52,-0.03123506699830425
2019-04-04 15:50:53,1.4843824665008478
2019-04-04 15:50:54,0.7421912332504239
2019-04-04 15:50:55,0.37109561662521195
2019-04-04 15:50:56,0.18554780831260598
2019-04-04 15:50:57,0.09277390415630299
2019-04-04 15:50:58,0.046386952078151494
2019-04-04 15:50:59,0.023193476039075747
2019-04-04 15:51:00,0.011596738019537874
2019-04-04 15:51:01,0.005798369009768937
2019-04-04 15:51:02,0.0028991845048844684
2019-04-04 15:51:03,0.0014495922524422342
2019-04-04 15:51:04,0.0007247961262211171
2019-04-04 15:51:05,-0.9996376019368894
2019-04-04 15:51:06,-0.4998188009684447
2019-04-04 15:51:07,-0.24990940048422236
2019-04-04 15:51:08,-0.12495470024211118
2019-04-04 15:51:09,-0.06247735012105559
2019-04-04 15:51:10,0.4687613249394722
2019-04-04 15:51:11,0.2343806624697361
2019-04-04 15:51:12,0.11719033123486805
2019-04-04 15:51:13,0.058595165617434025
2019-04-04 15:51:14,0.029297582808717013
2019-04-04 15:51:15,-5.485351208595642
2019-04-04 15:51:16,-2.742675604297821
2019-04-04 15:51:17,-1.3713378021489104
2019-04-04 15:51:18,-5.685668901074456
2019-04-04 15:51:19,-2.842834450537228
2019-04-04 15:51:20,-1.421417225268614
2019-04-04 15:51:21,-0.710708612634307
2019-04-04 15:51:22,-0.3553543063171535
2019-04-04 15:51:23,-0.17767715315857674
2019-04-04 15:51:24,-0.08883857657928837
2019-04-04 15:51:25,-0.044419288289644185
2019-04-04 15:51:26,-2.022209644144822
2019-04-04 15:51:27,-1.511104822072411
2019-04-04 15:51:28,-0.7555524110362055
2019-04-04 15:51:29,-0.37777620551810276
2019-04-04 15:51:30,-1.6888881027590514
2019-04-04 15:51:31,-0.8444440513795257
2019-04-04 15:51:32,-0.42222202568976286
2019-04-04 15:51:33,-0.21111101284488143
2019-04-04 15:51:34,-0.10555550642244071
2019-04-04 15:51:35,-0.05277775321122036
2019-04-04 15:51:36,-0.02638887660561018
2019-04-04 15:51:37,-0.01319443830280509
2019-04-04 15:51:38,-0.006597219151402545
2019-04-04 15:51:39,-0.0032986095757012723
2019-04-04 15:51:40,-0.0016493047878506362
2019-04-04 15:51:41,-0.0008246523939253181
2019-04-04 15:51:42,-0.00041232619696265904
2019-04-04 15:51:43,-0.00020616309848132952
2019-04-04 15:51:44,-0.00010308154924066476
2019-04-04 15:51:45,-5.154077462033238e-05
2019-04-04 15:51:46,-2.577038731016619e-05
2019-04-04 15:51:47,-1.2885193655083095e-05
2019-04-04 15:51:48,-6.4425968275415475e-06
2019-04-04 15:51:49,-3.2212984137707738e-06
2019-04-04 15:51:50,-1.6106492068853869e-06
2019-04-04 15:51:51,-8.053246034426934e-07
2019-04-04 15:51:52,-4.026623017213467e-07
2019-04-04 15:51:53,0.9999997986688491
2019-04-04 15:51:54,-8.000000100665575
2019-04-04 15:51:55,-5.000000050332788
2019-04-04 15:51:56,-2.500000025166394
2019-04-04 15:51:57,-1.250000012583197
2019-04-04 15:51:58,-0.6250000062915985
2019-04-04 15:51:59,-0.31250000314579923
2019-04-04 15:52:00,-0.15625000157289962
2019-04-04 15:52:01,-1.5781250007864498
2019-04-04 15:52:02,-0.7890625003932249
2019-04-04 15:52:03,-0.39453125019661245
2019-04-04 15:52:04,-0.19726562509830622
2019-04-04 15:52:05,-0.09863281254915311
2019-04-04 15:52:06,-0.049316406274576556
2019-04-04 15:52:07,-5.024658203137288
2019-04-04 15:52:08,-1.512329101568644
2019-04-04 15:52:09,-0.756164550784322
2019-04-04 15:52:10,-0.378082275392161
2019-04-04 15:52:11,-0.1890411376960805
2019-04-04 15:52:12,-0.09452056884804025
2019-04-04 15:52:13,-0.047260284424020124
2019-04-04 15:52:14,-0.5236301422120101
2019-04-04 15:52:15,-0.26181507110600505
2019-04-04 15:52:16,-0.13090753555300252
2019-04-04 15:52:17,-2.5654537677765012
2019-04-04 15:52:18,-1.2827268838882506
2019-04-04 15:52:19,-1.1413634419441254
2019-04-04 15:52:20,-0.5706817209720627
2019-04-04 15:52:21,-0.28534086048603136
2019-04-04 15:52:22,-0.14267043024301568
2019-04-04 15:52:23,-0.07133521512150784
2019-04-04 15:52:24,-0.03566760756075392
2019-04-04 15:52:25,-0.01783380378037696
2019-04-04 15:52:26,-0.00891690189018848
2019-04-04 15:52:27,1.4955415490549058
2019-04-04 15:52:28,0.7477707745274529
2019-04-04 15:52:29,0.37388538726372644
2019-04-04 15:52:30,-0.3130573063681368
2019-04-04 15:52:31,-0.1565286531840684
2019-04-04 15:52:32,-0.0782643265920342
2019-04-04 15:52:33,-5.039132163296017
2019-04-04 15:52:34,-2.5195660816480085
2019-04-04 15:52:35,-1.2597830408240043
2019-04-04 15:52:36,-0.6298915204120021
2019-04-04 15:52:37,-0.8149457602060011
2019-04-04 15:52:38,-0.40747288010300053
2019-04-04 15:52:39,-0.20373644005150027
2019-04-04 15:52:40,-0.10186822002575013
2019-04-04 15:52:41,-0.05093411001287507
2019-04-04 15:52:42,-3.0254670550064375
2019-04-04 15:52:43,-1.5127335275032188
2019-04-04 15:52:44,-0.7563667637516094
2019-04-04 15:52:45,-0.3781833818758047
2019-04-04 15:52:46,-0.18909169093790235
2019-04-04 15:52:47,-0.09454584546895117
2019-04-04 15:52:48,-0.047272922734475586
2019-04-04 15:52:49,-0.023636461367237793
2019-04-04 15:52:50,-0.011818230683618897
2019-04-04 15:52:51,-0.005909115341809448
2019-04-04 15:52:52,-8.002954557670904
2019-04-04 15:52:53,-1.001477278835452
2019-04-04 15:52:54,-0.500738639417726
2019-04-04 15:52:55,-0.250369319708863
2019-04-04 15:52:56,-7.6251846598544315
2019-04-04 15:52:57,0.18740767007278425
2019-04-04 15:52:58,0.09370383503639212
2019-04-04 15:52:59,0.04685191751819606
2019-04-04 15:53:00,0.02342595875909803
2019-04-04 15:53:01,0.011712979379549016
2019-04-04 15:53:02,0.005856489689774508
2019-04-04 15:53:03,0.002928244844887254
2019-04-04 15:53:04,0.001464122422443627
2019-04-04 15:53:05,0.0007320612112218135
2019-04-04 15:53:06,0.00036603060561090674
2019-04-04 15:53:07,0.00018301530280545337
2019-04-04 15:53:08,9.150765140272668e-05
2019-04-04 15:53:09,4.575382570136334e-05
2019-04-04 15:53:10,1.0000228769128507
2019-04-04 15:53:11,0.5000114384564254
2019-04-04 15:53:12,0.2500057192282127
2019-04-04 15:53:13,0.12500285961410634
2019-04-04 15:53:14,0.06250142980705317
2019-04-04 15:53:15,0.031250714903526586
2019-04-04 15:53:16,0.015625357451763293
2019-04-04 15:53:17,6.007812678725881
2019-04-04 15:53:18,3.0039063393629406
2019-04-04 15:53:19,7.00195316968147
2019-04-04 15:53:20,4.0009765848407355
2019-04-04 15:53:21,0.5004882924203677
2019-04-04 15:53:22,0.25024414621018387
2019-04-04 15:53:23,-0.37487792689490806
2019-04-04 15:53:24,-0.18743896344745403
2019-04-04 15:53:25,-0.09371948172372702
2019-04-04 15:53:26,-0.04685974086186351
2019-04-04 15:53:27,-0.023429870430931754
2019-04-04 15:53:28,-0.011714935215465877
2019-04-04 15:53:29,-0.0058574676077329385
2019-04-04 15:53:30,-0.5029287338038665
2019-04-04 15:53:31,-0.25146436690193325
2019-04-04 15:53:32,-0.12573218345096662
2019-04-04 15:53:33,-0.06286609172548331
2019-04-04 15:53:34,-0.5314330458627416
2019-04-04 15:53:35,-0.2657165229313708
2019-04-04 15:53:36,-0.1328582614656854
2019-04-04 15:53:37,-0.0664291307328427
2019-04-04 15:53:38,-0.5332145653664213
2019-04-04 15:53:39,-0.7666072826832107
2019-04-04 15:53:40,-0.38330364134160533
2019-04-04 15:53:41,-0.19165182067080266
2019-04-04 15:53:42,-0.09582591033540133
2019-04-04 15:53:43,-0.047912955167700666
2019-04-04 15:53:44,-5.02395647758385
2019-04-04 15:53:45,-2.511978238791925
2019-04-04 15:53:46,-1.2559891193959625
2019-04-04 15:53:47,-0.6279945596979812
2019-04-04 15:53:48,-0.3139972798489906
2019-04-04 15:53:49,-0.1569986399244953
2019-04-04 15:53:50,-0.07849931996224765
2019-04-04 15:53:51,-0.03924965998112383
2019-04-04 15:53:52,-0.019624829990561914
2019-04-04 15:53:53,-0.009812414995280957
2019-04-04 15:53:54,-0.004906207497640478
2019-04-04 15:53:55,-0.002453103748820239
2019-04-04 15:53:56,-0.5012265518744101
2019-04-04 15:53:57,-0.25061327593720506
2019-04-04 15:53:58,-0.12530663796860253
2019-04-04 15:53:59,-1.5626533189843013
2019-04-04 15:54:00,-1.7813266594921506
2019-04-04 15:54:01,-0.8906633297460753
2019-04-04 15:54:02,-0.44533166487303766
2019-04-04 15:54:03,-0.22266583243651883
2019-04-04 15:54:04,-0.11133291621825941
2019-04-04 15:54:05,-0.05566645810912971
2019-04-04 15:54:06,-0.027833229054564854
2019-04-04 15:54:07,-0.013916614527282427
2019-04-04 15:54:08,-0.006958307263641213
2019-04-04 15:54:09,1.9965208463681794
2019-04-04 15:54:10,0.9982604231840897
2019-04-04 15:54:11,0.49913021159204485
2019-04-04 15:54:12,0.24956510579602242
2019-04-04 15:54:13,0.12478255289801121
2019-04-04 15:54:14,0.062391276449005606
2019-04-04 15:54:15,0.031195638224502803
2019-04-04 15:54:16,0.015597819112251401
2019-04-04 15:54:17,0.007798909556125701
2019-04-04 15:54:18,2.003899454778063
2019-04-04 15:54:19,1.0019497273890314
2019-04-04 15:54:20,0.5009748636945157
2019-04-04 15:54:21,-4.249512568152742
2019-04-04 15:54:22,-2.124756284076371
2019-04-04 15:54:23,-1.0623781420381855
2019-04-04 15:54:24,-5.531189071019092
2019-04-04 15:54:25,-1.7655945355095461
2019-04-04 15:54:26,0.6172027322452269
2019-04-04 15:54:27,-0.6913986338773865
2019-04-04 15:54:28,-0.34569931693869327
2019-04-04 15:54:29,-0.17284965846934663
2019-04-04 15:54:30,-0.08642482923467332
2019-04-04 15:54:31,-3.5432124146173365
2019-04-04 15:54:32,-1.7716062073086682
2019-04-04 15:54:33,-0.3858031036543341
2019-04-04 15:54:34,-0.19290155182716706
2019-04-04 15:54:35,-0.09645077591358353
2019-04-04 15:54:36,-0.048225387956791765
2019-04-04 15:54:37,-0.024112693978395883
2019-04-04 15:54:38,-0.012056346989197941
2019-04-04 15:54:39,-0.006028173494598971
2019-04-04 15:54:40,-0.0030140867472994853
2019-04-04 15:54:41,-0.0015070433736497427
2019-04-04 15:54:42,0.49924647831317515
2019-04-04 15:54:43,0.24962323915658757
2019-04-04 15:54:44,0.12481161957829379
2019-04-04 15:54:45,0.06240580978914689
2019-04-04 15:54:46,0.031202904894573447
2019-04-04 15:54:47,0.015601452447286723
2019-04-04 15:54:48,0.007800726223643362
2019-04-04 15:54:49,0.003900363111821681
2019-04-04 15:54:50,0.0019501815559108404
2019-04-04 15:54:51,0.0009750907779554202
2019-04-04 15:54:52,0.0004875453889777101
2019-04-04 15:54:53,0.00024377269448885505
2019-04-04 15:54:54,0.00012188634724442753
2019-04-04 15:54:55,6.094317362221376e-05
2019-04-04 15:54:56,3.047158681110688e-05
2019-04-04 15:54:57,1.523579340555344e-05
2019-04-04 15:54:58,-3.999992382103297
2019-04-04 15:54:59,-1.9999961910516486
2019-04-04 15:55:00,-4.999998095525824
2019-04-04 15:55:01,-8.999999047762913
2019-04-04 15:55:02,-4.499999523881456
2019-04-04 15:55:03,-2.249999761940728
2019-04-04 15:55:04,-1.124999880970364
2019-04-04 15:55:05,-0.562499940485182
2019-04-04 15:55:06,-0.281249970242591
2019-04-04 15:55:07,-0.1406249851212955
2019-04-04 15:55:08,-0.07031249256064775
2019-04-04 15:55:09,-0.03515624628032388
2019-04-04 15:55:10,-0.01757812314016194
2019-04-04 15:55:11,-0.00878906157008097
2019-04-04 15:55:12,-0.004394530785040485
2019-04-04 15:55:13,-2.00219726539252
2019-04-04 15:55:14,-0.5010986326962601
2019-04-04 15:55:15,-0.25054931634813005
2019-04-04 15:55:16,-0.625274658174065
2019-04-04 15:55:17,-0.3126373290870325
2019-04-04 15:55:18,1.8436813354564838
2019-04-04 15:55:19,0.9218406677282419
2019-04-04 15:55:20,0.46092033386412096
2019-04-04 15:55:21,0.23046016693206048
2019-04-04 15:55:22,0.11523008346603024
2019-04-04 15:55:23,0.05761504173301512
2019-04-04 15:55:24,0.02880752086650756
2019-04-04 15:55:25,-0.48559623956674625
2019-04-04 15:55:26,-0.24279811978337312
2019-04-04 15:55:27,-0.6213990598916865
2019-04-04 15:55:28,-0.31069952994584327
2019-04-04 15:55:29,-0.15534976497292163
2019-04-04 15:55:30,-1.5776748824864608
2019-04-04 15:55:31,-0.7888374412432304
2019-04-04 15:55:32,-0.3944187206216152
2019-04-04 15:55:33,-0.1972093603108076
2019-04-04 15:55:34,-0.0986046801554038
2019-04-04 15:55:35,-0.0493023400777019
2019-04-04 15:55:36,-0.02465117003885095
2019-04-04 15:55:37,-0.012325585019425475
2019-04-04 15:55:38,-0.0061627925097127376
2019-04-04 15:55:39,-1.0030813962548564
2019-04-04 15:55:40,-0.5015406981274282
2019-04-04 15:55:41,-0.2507703490637141
2019-04-04 15:55:42,-0.12538517453185705
2019-04-04 15:55:43,-0.06269258726592852
2019-04-04 15:55:44,-0.03134629363296426
2019-04-04 15:55:45,-1.5156731468164821
2019-04-04 15:55:46,-0.7578365734082411
2019-04-04 15:55:47,-0.37891828670412053
2019-04-04 15:55:48,-0.18945914335206027
2019-04-04 15:55:49,3.90527042832397
2019-04-04 15:55:50,1.952635214161985
2019-04-04 15:55:51,1.4763176070809925
2019-04-04 15:55:52,0.7381588035404962
2019-04-04 15:55:53,0.3690794017702481
2019-04-04 15:55:54,0.18453970088512406
2019-04-04 15:55:55,0.09226985044256203
2019-04-04 15:55:56,0.046134925221281015
2019-04-04 15:55:57,0.023067462610640507
2019-04-04 15:55:58,0.011533731305320254
2019-04-04 15:55:59,0.005766865652660127
2019-04-04 15:56:00,0.0028834328263300634
2019-04-04 15:56:01,0.0014417164131650317
2019-04-04 15:56:02,1.0007208582065825
2019-04-04 15:56:03,0.5003604291032913
2019-04-04 15:56:04,0.7501802145516456
2019-04-04 15:56:05,0.3750901072758228
2019-04-04 15:56:06,0.1875450536379114
2019-04-04 15:56:07,5.093772526818956
2019-04-04 15:56:08,0.546886263409478
2019-04-04 15:56:09,0.273443131704739
2019-04-04 15:56:10,0.1367215658523695
2019-04-04 15:56:11,0.06836078292618475
2019-04-04 15:56:12,0.034180391463092374
2019-04-04 15:56:13,0.017090195731546187
2019-04-04 15:56:14,0.008545097865773094
2019-04-04 15:56:15,-0.49572745106711347
2019-04-04 15:56:16,-0.24786372553355673
2019-04-04 15:56:17,-0.12393186276677837
2019-04-04 15:56:18,-0.06196593138338918
2019-04-04 15:56:19,-0.03098296569169459
2019-04-04 15:56:20,-0.015491482845847296
2019-04-04 15:56:21,-0.5077457414229236
2019-04-04 15:56:22,-0.2538728707114618
2019-04-04 15:56:23,-0.1269364353557309
2019-04-04 15:56:24,-0.06346821767786545
2019-04-04 15:56:25,-0.031734108838932726
2019-04-04 15:56:26,-0.015867054419466363
2019-04-04 15:56:27,-0.007933527209733181
2019-04-04 15:56:28,-0.003966763604866591
2019-04-04 15:56:29,-0.0019833818024332954
2019-04-04 15:56:30,-0.0009916909012166477
2019-04-04 15:56:31,-0.0004958454506083238
2019-04-04 15:56:32,-0.0002479227253041619
2019-04-04 15:56:33,-0.00012396136265208096
2019-04-04 15:56:34,-6.198068132604048e-05
2019-04-04 15:56:35,5.4999690096593365
2019-04-04 15:56:36,2.7499845048296683
2019-04-04 15:56:37,1.3749922524148341
2019-04-04 15:56:38,0.6874961262074171
2019-04-04 15:56:39,0.34374806310370853
2019-04-04 15:56:40,0.17187403155185427
2019-04-04 15:56:41,-1.4140629842240728
2019-04-04 15:56:42,-0.7070314921120364
2019-04-04 15:56:43,-0.3535157460560182
2019-04-04 15:56:44,-1.676757873028009
2019-04-04 15:56:45,-0.8383789365140045
2019-04-04 15:56:46,-0.41918946825700226
2019-04-04 15:56:47,-0.20959473412850113
2019-04-04 15:56:48,-0.10479736706425057
2019-04-04 15:56:49,-0.5523986835321253
2019-04-04 15:56:50,-1.2761993417660626
2019-04-04 15:56:51,-1.1380996708830313
2019-04-04 15:56:52,-0.5690498354415157
2019-04-04 15:56:53,-0.28452491772075783
2019-04-04 15:56:54,-0.14226245886037892
2019-04-04 15:56:55,-0.07113122943018946
2019-04-04 15:56:56,-0.03556561471509473
2019-04-04 15:56:57,-0.017782807357547364
2019-04-04 15:56:58,-0.008891403678773682
2019-04-04 15:56:59,-0.004445701839386841
2019-04-04 15:57:00,-0.0022228509196934206
2019-04-04 15:57:01,-0.0011114254598467103
2019-04-04 15:57:02,-0.0005557127299233551
2019-04-04 15:57:03,-0.00027785636496167757
2019-04-04 15:57:04,-0.00013892818248083878
2019-04-04 15:57:05,-6.946409124041939e-05
2019-04-04 15:57:06,-5.00003473204562
2019-04-04 15:57:07,-4.50001736602281
2019-04-04 15:57:08,-2.250008683011405
2019-04-04 15:57:09,-3.1250043415057025
2019-04-04 15:57:10,-1.5625021707528512
2019-04-04 15:57:11,-0.7812510853764256
2019-04-04 15:57:12,0.6093744573117872
2019-04-04 15:57:13,0.3046872286558936
2019-04-04 15:57:14,0.1523436143279468
2019-04-04 15:57:15,0.0761718071639734
2019-04-04 15:57:16,0.0380859035819867
2019-04-04 15:57:17,0.01904295179099335
2019-04-04 15:57:18,0.009521475895496675
2019-04-04 15:57:19,0.004760737947748337
2019-04-04 15:57:20,0.0023803689738741687
2019-04-04 15:57:21,0.0011901844869370844
2019-04-04 15:57:22,0.0005950922434685422
2019-04-04 15:57:23,7.000297546121734
2019-04-04 15:57:24,3.500148773060867
2019-04-04 15:57:25,1.7500743865304336
2019-04-04 15:57:26,0.8750371932652168
2019-04-04 15:57:27,0.4375185966326084
2019-04-04 15:57:28,0.2187592983163042
2019-04-04 15:57:29,0.1093796491581521
2019-04-04 15:57:30,0.05468982457907605
2019-04-04 15:57:31,0.027344912289538024
2019-04-04 15:57:32,-1.986327543855231
2019-04-04 15:57:33,-0.9931637719276155
2019-04-04 15:57:34,-0.9965818859638078
2019-04-04 15:57:35,1.001709057018096
2019-04-04 15:57:36,0.0008545285090479915
2019-04-04 15:57:37,0.00042726425452399575
2019-04-04 15:57:38,0.00021363212726199787
2019-04-04 15:57:39,-0.499893183936369
2019-04-04 15:57:40,-0.2499465919681845
2019-04-04 15:57:41,-0.12497329598409225
2019-04-04 15:57:42,-5.0624866479920465
2019-04-04 15:57:43,-5.031243323996023
2019-04-04 15:57:44,-3.0156216619980114
2019-04-04 15:57:45,-3.5078108309990057
2019-04-04 15:57:46,-2.253905415499503
2019-04-04 15:57:47,9.373047292250249
2019-04-04 15:57:48,4.686523646125124
2019-04-04 15:57:49,8.343261823062562
2019-04-04 15:57:50,11.171630911531281
2019-04-04 15:57:51,5.5858154557656405
2019-04-04 15:57:52,-1.7070922721171797
2019-04-04 15:57:53,-4.85354613605859
2019-04-04 15:57:54,-10.426773068029295
2019-04-04 15:57:55,-5.7133865340146475
2019-04-04 15:57:56,-12.356693267007323
2019-04-04 15:57:57,-6.178346633503661
2019-04-04 15:57:58,-3.0891733167518307
2019-04-04 15:57:59,-2.0445866583759154
2019-04-04 15:58:00,-1.0222933291879577
2019-04-04 15:58:01,-0.5111466645939788
2019-04-04 15:58:02,-0.2555733322969894
2019-04-04 15:58:03,-4.127786666148495
2019-04-04 15:58:04,-2.0638933330742475
2019-04-04 15:58:05,-3.5319466665371237
2019-04-04 15:58:06,-1.7659733332685619
2019-04-04 15:58:07,0.6170133333657191
2019-04-04 15:58:08,0.30850666668285953
2019-04-04 15:58:09,-1.3457466666585702
2019-04-04 15:58:10,-0.17287333332928512
2019-04-04 15:58:11,0.41356333333535744
2019-04-04 15:58:12,1.7067816666676787
2019-04-04 15:58:13,0.8533908333338394
2019-04-04 15:58:14,0.4266954166669197
2019-04-04 15:58:15,0.21334770833345984
2019-04-04 15:58:16,0.10667385416672992
2019-04-04 15:58:17,0.05333692708336496
2019-04-04 15:58:18,0.02666846354168248
2019-04-04 15:58:19,0.01333423177084124
2019-04-04 15:58:20,0.00666711588542062
2019-04-04 15:58:21,0.00333355794271031
2019-04-04 15:58:22,0.001666778971355155
2019-04-04 15:58:23,-1.4991666105143224
2019-04-04 15:58:24,-0.7495833052571612
2019-04-04 15:58:25,-0.3747916526285806
2019-04-04 15:58:26,-0.1873958263142903
2019-04-04 15:58:27,-0.09369791315714515
2019-04-04 15:58:28,-0.046848956578572576
2019-04-04 15:58:29,-0.023424478289286288
2019-04-04 15:58:30,-0.011712239144643144
2019-04-04 15:58:31,2.9941438804276785
2019-04-04 15:58:32,1.4970719402138393
2019-04-04 15:58:33,0.7485359701069196
2019-04-04 15:58:34,0.3742679850534598
2019-04-04 15:58:35,-3.31286600747327
2019-04-04 15:58:36,-6.656433003736635
2019-04-04 15:58:37,-6.328216501868317
2019-04-04 15:58:38,-4.1641082509341585
2019-04-04 15:58:39,-2.0820541254670792
2019-04-04 15:58:40,-3.04102706273354
2019-04-04 15:58:41,-1.52051353136677
2019-04-04 15:58:42,-1.760256765683385
2019-04-04 15:58:43,-4.880128382841693
2019-04-04 15:58:44,-2.4400641914208463
2019-04-04 15:58:45,-3.7200320957104234
2019-04-04 15:58:46,0.13998395214478832
2019-04-04 15:58:47,-0.43000802392760584
2019-04-04 15:58:48,-0.7150040119638029
2019-04-04 15:58:49,-0.35750200598190146
2019-04-04 15:58:50,-0.17875100299095073
2019-04-04 15:58:51,-2.0893755014954754
2019-04-04 15:58:52,-6.0446877507477375
2019-04-04 15:58:53,-3.0223438753738687
2019-04-04 15:58:54,-4.511171937686934
2019-04-04 15:58:55,-2.255585968843467
2019-04-04 15:58:56,-3.127792984421734
2019-04-04 15:58:57,-4.063896492210867
2019-04-04 15:58:58,-9.531948246105433
2019-04-04 15:58:59,-3.7659741230527164
2019-04-04 15:59:00,-1.8829870615263582
2019-04-04 15:59:01,-0.9414935307631791
2019-04-04 15:59:02,-5.470746765381589
2019-04-04 15:59:03,-3.2353733826907947
2019-04-04 15:59:04,0.38231330865460267
2019-04-04 15:59:05,8.691156654327301
2019-04-04 15:59:06,3.3455783271636506
2019-04-04 15:59:07,1.1727891635818253
2019-04-04 15:59:08,0.5863945817909126
2019-04-04 15:59:09,-0.20680270910454368
2019-04-04 15:59:10,-0.10340135455227184
2019-04-04 15:59:11,-0.05170067727613592
2019-04-04 15:59:12,-0.02585033863806796
2019-04-04 15:59:13,-1.512925169319034
2019-04-04 15:59:14,-0.756462584659517
2019-04-04 15:59:15,-0.3782312923297585
2019-04-04 15:59:16,-1.6891156461648793
2019-04-04 15:59:17,-3.8445578230824395
2019-04-04 15:59:18,-1.4222789115412198
2019-04-04 15:59:19,-5.21113945577061
2019-04-04 15:59:20,-4.105569727885305
2019-04-04 15:59:21,-3.5527848639426525
2019-04-04 15:59:22,-1.7763924319713262
2019-04-04 15:59:23,-2.888196215985663
2019-04-04 15:59:24,-2.4440981079928314
2019-04-04 15:59:25,-1.2220490539964157
2019-04-04 15:59:26,-0.6110245269982079
2019-04-04 15:59:27,-0.30551226349910393
2019-04-04 15:59:28,-4.152756131749552
2019-04-04 15:59:29,-2.076378065874776
2019-04-04 15:59:30,-6.038189032937388
2019-04-04 15:59:31,-4.519094516468694
2019-04-04 15:59:32,-2.259547258234347
2019-04-04 15:59:33,-2.1297736291171736
2019-04-04 15:59:34,0.9351131854414132
2019-04-04 15:59:35,-0.0324434072792934
2019-04-04 15:59:36,-0.0162217036396467
2019-04-04 15:59:37,-1.0081108518198234
2019-04-04 15:59:38,-0.5040554259099117
2019-04-04 15:59:39,-0.25202771295495585
2019-04-04 15:59:40,3.8739861435225222
2019-04-04 15:59:41,2.936993071761261
2019-04-04 15:59:42,1.9684965358806306
2019-04-04 15:59:43,0.9842482679403153
2019-04-04 15:59:44,0.49212413397015764
2019-04-04 15:59:45,-14.253937933014921
2019-04-04 15:59:46,-10.62696896650746
2019-04-04 15:59:47,-9.813484483253731
2019-04-04 15:59:48,-6.406742241626866
2019-04-04 15:59:49,-7.703371120813433
2019-04-04 15:59:50,-3.8516855604067164
2019-04-04 15:59:51,-1.9258427802033582
2019-04-04 15:59:52,-0.9629213901016791
2019-04-04 15:59:53,2.5185393049491607
2019-04-04 15:59:54,1.2592696524745803
2019-04-04 15:59:55,1.6296348262372902
2019-04-04 15:59:56,0.8148174131186451
2019-04-04 15:59:57,0.40740870655932254
2019-04-04 15:59:58,2.703704353279661
2019-04-04 15:59:59,3.351852176639831
